352.3990173339844 37.64295959472656 2886.984619140625
348.1263122558594 93.48495483398438 2919.210693359375
379.965087890625 93.41346740722656 2907.610107421875
384.2864074707031 152.3363037109375 2978.59423828125
390.29345703125 204.08323669433594 3014.633544921875
316.5395812988281 93.55586242675781 2930.811279296875
307.9614562988281 148.92628479003906 2951.3837890625
301.7144470214844 198.7418670654297 2848.2041015625
347.4131774902344 132.18392944335938 2908.323486328125
366.23223876953125 171.32009887695312 2890.358642578125
370.4096984863281 260.36138916015625 2891.058349609375
370.7032470703125 336.93450927734375 2934.6376953125
327.2522888183594 171.028076171875 2904.513916015625
323.7337341308594 255.4139404296875 2906.0263671875
314.00738525390625 335.4686279296875 2931.30029296875
352.05828857421875 37.591400146484375 2885.5390625
347.9100341796875 93.59152221679688 2918.534912109375
379.7650146484375 93.44114685058594 2907.908447265625
384.08831787109375 148.97323608398438 2983.22802734375
391.1785583496094 194.39865112304688 2954.718505859375
316.28619384765625 93.74079895019531 2929.161376953125
307.66217041015625 149.44358825683594 2950.47705078125
300.2560729980469 198.6043243408203 2835.503173828125
347.34912109375 132.10614013671875 2906.27685546875
366.52191162109375 171.02902221679688 2887.479736328125
370.3355407714844 259.8508605957031 2889.700927734375
370.6652526855469 336.83489990234375 2934.01123046875
327.1339416503906 170.86538696289062 2900.557861328125
322.4739990234375 256.7809753417969 2897.530029296875
315.37957763671875 337.8739013671875 2959.63330078125
351.76055908203125 37.54472351074219 2882.81689453125
347.80950927734375 93.57289123535156 2917.664794921875
379.5897521972656 93.40840148925781 2907.39599609375
383.8667907714844 147.41104125976562 2982.209716796875
389.17034912109375 194.5537109375 2962.658203125
316.2521667480469 93.73623657226562 2927.93359375
307.6691589355469 149.63946533203125 2949.023681640625
301.1309509277344 200.1760711669922 2833.134521484375
347.28155517578125 131.866455078125 2904.488525390625
366.758056640625 170.57656860351562 2884.896240234375
370.4017333984375 259.4244689941406 2889.605712890625
370.67144775390625 336.715087890625 2934.554443359375
326.82818603515625 170.44180297851562 2897.728271484375
322.9109191894531 256.5264892578125 2901.820068359375
314.4747314453125 337.1275634765625 2950.032958984375
351.42523193359375 37.58573913574219 2878.742431640625
347.28521728515625 93.446533203125 2913.632568359375
378.78369140625 92.8564453125 2901.019775390625
383.9819030761719 146.4132843017578 2980.1708984375
388.93603515625 196.45925903320312 3009.10107421875
316.05828857421875 94.03152465820312 2926.245361328125
307.5823974609375 149.05825805664062 2944.52001953125
303.4228210449219 203.73841857910156 2825.975341796875
347.1268310546875 131.9141845703125 2902.304931640625
366.8175048828125 170.52305603027344 2883.07763671875
370.5554504394531 258.6552429199219 2888.751708984375
370.7112731933594 336.651123046875 2934.6171875
327.22515869140625 170.84268188476562 2898.876953125
322.9852600097656 256.3749084472656 2903.358642578125
314.1421203613281 336.55303955078125 2945.654541015625
351.56396484375 37.62858581542969 2878.116455078125
347.1744079589844 93.3653564453125 2912.080078125
378.6747741699219 92.64474487304688 2899.791748046875
382.100830078125 148.04562377929688 2973.26123046875
389.2818603515625 198.45077514648438 3020.51318359375
315.93878173828125 94.07989501953125 2924.368408203125
307.4041748046875 149.60543823242188 2945.172607421875
301.16888427734375 200.35494995117188 2841.163818359375
347.22271728515625 132.1956787109375 2902.30419921875
367.0963439941406 171.04278564453125 2884.834716796875
370.3940734863281 258.73773193359375 2888.314208984375
370.5987548828125 336.53033447265625 2934.647705078125
327.5515441894531 171.53286743164062 2900.221923828125
322.7938232421875 256.6570129394531 2903.42626953125
313.9566955566406 337.35626220703125 2958.322509765625
351.5599365234375 37.56391906738281 2877.63916015625
347.02166748046875 93.02023315429688 2910.707763671875
378.5272521972656 92.14445495605469 2897.491943359375
382.0078125 146.34799194335938 2966.561767578125
390.3139343261719 202.47328186035156 3053.248291015625
315.80084228515625 93.88807678222656 2923.923583984375
306.85931396484375 149.71347045898438 2945.855224609375
302.5476989746094 201.8096923828125 2829.82080078125
347.2073669433594 132.12127685546875 2901.614501953125
367.22003173828125 171.1422576904297 2884.243408203125
370.3230285644531 258.86669921875 2887.75732421875
370.6213684082031 336.7426452636719 2935.322998046875
327.681640625 171.792236328125 2900.799072265625
322.52484130859375 256.7940673828125 2901.048828125
313.8714294433594 337.0809326171875 2954.93994140625
351.553466796875 37.499267578125 2877.0625
346.9358215332031 92.93531799316406 2910.252685546875
378.488037109375 92.22477722167969 2894.001953125
382.65264892578125 146.45819091796875 2967.720458984375
387.3291931152344 197.77520751953125 2847.508544921875
315.7340087890625 93.63796997070312 2926.50341796875
306.6216125488281 149.93894958496094 2949.39306640625
301.0809631347656 199.490234375 2852.43359375
346.7447204589844 132.75067138671875 2903.67041015625
367.2213439941406 172.5750732421875 2886.469970703125
370.4714050292969 259.7503967285156 2888.623046875
370.67083740234375 337.5439453125 2940.324462890625
326.0351257324219 172.91758728027344 2907.706298828125
322.07763671875 256.6309509277344 2894.2412109375
313.9311218261719 335.94647216796875 2948.822021484375
351.6297607421875 37.469879150390625 2877.108154296875
346.9664001464844 93.13467407226562 2910.730224609375
378.6702575683594 92.43022155761719 2897.14697265625
383.05548095703125 146.67047119140625 2973.450927734375
386.6394958496094 198.31573486328125 2842.623291015625
315.55706787109375 93.83256530761719 2924.3134765625
306.8753662109375 153.94140625 2948.987060546875
302.04901123046875 199.34620666503906 2847.901123046875
346.92010498046875 132.70379638671875 2902.122314453125
367.1342468261719 172.29598999023438 2884.87060546875
370.7253723144531 259.13232421875 2885.58056640625
370.725341796875 337.0111389160156 2942.56787109375
326.73345947265625 172.71945190429688 2902.158203125
322.2178039550781 256.6309509277344 2895.312255859375
314.21136474609375 335.8201599121094 2948.681640625
351.595458984375 37.47898864746094 2877.46240234375
346.9093017578125 93.26942443847656 2909.92333984375
378.706298828125 92.57618713378906 2898.21044921875
382.57177734375 149.01573181152344 2988.896484375
386.55517578125 198.12905883789062 2839.373046875
315.3672180175781 93.95707702636719 2921.63623046875
306.5254821777344 152.93017578125 2946.866943359375
302.5516357421875 201.07553100585938 2842.011474609375
346.968505859375 132.626708984375 2900.49462890625
366.9574279785156 172.00625610351562 2883.761474609375
370.8934631347656 258.675048828125 2882.959716796875
370.7214660644531 337.034423828125 2939.314697265625
327.19921875 172.47398376464844 2898.370361328125
322.34185791015625 256.74383544921875 2897.25390625
314.28857421875 335.7867736816406 2948.111328125
351.536376953125 37.55853271484375 2877.47265625
346.9298095703125 93.5390625 2910.39501953125
378.8371276855469 92.89797973632812 2900.4599609375
382.327880859375 148.1212158203125 2985.599365234375
386.4886169433594 198.72264099121094 2840.387939453125
315.2395935058594 94.17579650878906 2920.330078125
306.8825988769531 155.0692901611328 2949.02392578125
301.9901428222656 199.362548828125 2845.79638671875
347.035400390625 132.6632537841797 2899.70751953125
366.99859619140625 171.84536743164062 2882.874755859375
370.89990234375 258.5677185058594 2881.808349609375
370.6186218261719 336.99542236328125 2936.72216796875
327.3692626953125 172.30746459960938 2895.165283203125
322.4322814941406 256.8154296875 2899.75439453125
314.4614562988281 336.0880432128906 2949.220947265625
351.54827880859375 37.573486328125 2877.535888671875
346.94488525390625 93.57215881347656 2910.187744140625
378.82904052734375 93.03187561035156 2901.402099609375
382.3070068359375 147.91836547851562 2986.071533203125
388.9802551269531 195.28207397460938 2854.96533203125
315.2526550292969 94.10919189453125 2918.973388671875
306.80517578125 153.82037353515625 2947.389404296875
302.49151611328125 200.98880004882812 2840.150146484375
347.005615234375 132.51075744628906 2899.411376953125
366.9037170410156 171.551025390625 2883.203369140625
371.07464599609375 257.7914123535156 2879.818115234375
370.46832275390625 336.8006286621094 2934.88427734375
327.30438232421875 171.9280548095703 2894.066650390625
322.4700012207031 256.7059326171875 2900.979248046875
314.36297607421875 335.9629211425781 2949.544921875
351.5782775878906 37.614013671875 2877.27734375
346.95184326171875 93.54127502441406 2910.172119140625
378.7031555175781 92.979736328125 2901.485107421875
382.5213623046875 147.6090087890625 2987.1201171875
390.1444396972656 195.30531311035156 2957.2236328125
315.3895263671875 94.09947204589844 2918.859130859375
306.83502197265625 152.9812469482422 2945.747314453125
302.5085144042969 200.95970153808594 2834.0556640625
347.0455017089844 132.48077392578125 2899.318603515625
366.93499755859375 171.50872802734375 2883.08349609375
371.0498046875 258.07818603515625 2880.527587890625
370.3405456542969 337.0412902832031 2934.718017578125
327.4183349609375 171.91632080078125 2893.8466796875
322.1675720214844 257.2142028808594 2900.10302734375
314.2882080078125 336.2236633300781 2950.243896484375
351.50946044921875 37.604248046875 2877.237548828125
346.95330810546875 93.52690124511719 2910.65869140625
378.6361083984375 92.92912292480469 2903.72900390625
383.01422119140625 148.55929565429688 2995.47265625
390.9695129394531 197.00686645507812 2978.489501953125
315.4210205078125 94.12185668945312 2917.58837890625
307.2143859863281 151.79144287109375 2941.140869140625
302.455078125 201.19070434570312 2838.39794921875
347.2036437988281 132.23245239257812 2897.91357421875
367.0030212402344 171.02566528320312 2880.927001953125
371.1872253417969 257.7810363769531 2879.271484375
370.46783447265625 336.8016357421875 2934.96240234375
327.9667053222656 171.53353881835938 2889.409912109375
322.0945129394531 257.5644836425781 2901.135498046875
314.16259765625 336.80010986328125 2952.077880859375
351.5866394042969 37.568878173828125 2877.621337890625
346.95697021484375 93.461669921875 2910.466796875
378.6065673828125 92.91867065429688 2902.816162109375
383.2036437988281 148.18580627441406 2991.63330078125
390.1839904785156 196.97296142578125 2984.23486328125
315.4733581542969 94.00178527832031 2918.117431640625
307.2223815917969 151.1046142578125 2943.974609375
302.46380615234375 201.28591918945312 2827.24658203125
347.0925598144531 131.89797973632812 2898.78466796875
366.68927001953125 170.43655395507812 2882.431640625
371.218994140625 256.8516845703125 2877.782958984375
370.5316162109375 336.01019287109375 2934.93310546875
327.8321228027344 170.8534393310547 2891.7734375
321.7366943359375 257.5321350097656 2900.767822265625
315.8785705566406 333.8374938964844 2936.1015625
351.5445251464844 37.52635192871094 2877.9677734375
346.9990539550781 93.32296752929688 2910.4833984375
378.6182861328125 92.810546875 2902.821533203125
383.2920227050781 147.77664184570312 2992.075927734375
390.1772155761719 196.86404418945312 2979.235595703125
315.5458679199219 93.83267211914062 2918.145263671875
307.220703125 150.4683380126953 2941.43505859375
301.08526611328125 199.72653198242188 2833.793212890625
347.1024169921875 131.9646453857422 2899.505615234375
366.79327392578125 170.70947265625 2883.812744140625
371.07989501953125 257.07135009765625 2876.250244140625
370.5262145996094 335.90936279296875 2933.325927734375
327.6837463378906 171.0900115966797 2893.242919921875
321.6808776855469 257.28839111328125 2899.860595703125
315.20635986328125 335.7928771972656 2942.356689453125
351.522216796875 37.391876220703125 2877.753662109375
347.0862731933594 93.21292114257812 2910.80859375
378.63116455078125 92.76048278808594 2904.552490234375
383.4444274902344 147.63192749023438 2991.5224609375
390.1864318847656 194.70462036132812 2985.897705078125
315.6766662597656 93.66343688964844 2917.064697265625
307.5203857421875 149.30911254882812 2938.688232421875
301.0321044921875 199.8013458251953 2846.8134765625
347.20989990234375 131.72467041015625 2898.89404296875
366.921630859375 170.37680053710938 2883.123779296875
371.06390380859375 256.9882507324219 2874.15185546875
370.51348876953125 335.5923767089844 2931.5478515625
327.7997741699219 170.73130798339844 2890.835205078125
321.6589050292969 257.57025146484375 2900.222412109375
314.9075927734375 337.4363708496094 2944.446533203125
351.6048583984375 37.42643737792969 2878.2080078125
347.0526428222656 93.05390930175781 2911.1220703125
378.5755310058594 92.96258544921875 2904.302490234375
383.5628662109375 147.75494384765625 2989.049072265625
390.17169189453125 197.17135620117188 2984.970458984375
315.6770935058594 93.14479064941406 2917.941650390625
307.1839904785156 147.92611694335938 2939.36328125
300.83306884765625 197.75784301757812 2845.903564453125
346.68487548828125 130.3632049560547 2897.83251953125
365.1778564453125 168.06698608398438 2880.4951171875
371.3115539550781 259.062744140625 2872.32421875
370.60552978515625 337.58551025390625 2930.17578125
327.5024719238281 167.9657440185547 2888.5908203125
321.58282470703125 255.49398803710938 2899.915771484375
314.251953125 335.79156494140625 2948.942138671875
351.49786376953125 37.44670104980469 2879.2421875
347.04498291015625 92.93458557128906 2911.145263671875
378.57855224609375 92.71768188476562 2905.549560546875
383.690185546875 147.58255004882812 2990.19189453125
393.11944580078125 190.71640014648438 2873.1875
315.6324157714844 93.15065002441406 2916.740966796875
306.35479736328125 147.6190643310547 2943.23876953125
300.6200866699219 196.11614990234375 2846.65869140625
346.9156799316406 130.75210571289062 2897.6318359375
365.9355163574219 168.88113403320312 2880.7490234375
371.17413330078125 257.373779296875 2870.969970703125
370.4256286621094 335.56585693359375 2929.628173828125
327.67950439453125 168.96673583984375 2887.48779296875
321.79974365234375 256.7056884765625 2901.55810546875
314.32550048828125 337.1216125488281 2954.279052734375
351.4562072753906 37.354095458984375 2879.6611328125
347.2129211425781 92.4459228515625 2912.2939453125
378.5063781738281 92.23826599121094 2906.216064453125
383.6385803222656 147.14837646484375 2989.944091796875
390.2060546875 196.41233825683594 2986.661865234375
316.0498046875 92.65272521972656 2918.371826171875
306.3779602050781 147.4595184326172 2945.06103515625
299.5395202636719 194.374755859375 2854.235107421875
347.03106689453125 130.35641479492188 2898.206298828125
366.04998779296875 168.60757446289062 2880.422119140625
371.1154479980469 256.8398742675781 2870.92138671875
370.37017822265625 335.4355163574219 2931.0849609375
327.6940612792969 168.6667938232422 2887.815185546875
321.76171875 256.88970947265625 2901.0126953125
314.219482421875 337.600341796875 2954.498291015625
351.444580078125 37.16302490234375 2879.675537109375
347.2930603027344 92.0555419921875 2912.6630859375
378.4561767578125 91.88410949707031 2906.6337890625
383.6946105957031 146.64596557617188 2989.15087890625
389.259765625 198.499267578125 3025.789794921875
316.2586975097656 92.22627258300781 2918.6923828125
306.6283264160156 147.1470947265625 2946.7333984375
299.54534912109375 196.84869384765625 2850.714111328125
347.06439208984375 130.19097900390625 2898.034912109375
366.1923522949219 168.7056427001953 2879.69580078125
371.0995788574219 256.7076416015625 2870.68017578125
370.35467529296875 335.4436950683594 2931.716552734375
327.5242004394531 168.72105407714844 2887.11767578125
321.83905029296875 256.9976806640625 2900.594970703125
314.1200256347656 337.84490966796875 2954.166259765625
351.43328857421875 37.09245300292969 2879.392822265625
347.1846618652344 92.05482482910156 2911.94970703125
378.39154052734375 91.88796997070312 2906.468505859375
383.7090148925781 146.88653564453125 2988.724609375
389.2311096191406 198.7276153564453 3019.046875
316.09503173828125 92.22102355957031 2917.430908203125
306.6485290527344 147.29171752929688 2947.500244140625
298.8685302734375 194.84524536132812 2860.531005859375
346.9948425292969 130.18911743164062 2897.798583984375
366.3538818359375 168.6837615966797 2880.244384765625
370.88519287109375 256.3361511230469 2870.572265625
370.196533203125 335.22662353515625 2932.047119140625
327.29852294921875 168.71168518066406 2887.050537109375
321.7281799316406 257.0226745605469 2900.819091796875
314.118896484375 338.1216125488281 2952.1083984375
351.5212097167969 37.06195068359375 2878.63525390625
347.1048889160156 92.11993408203125 2911.62451171875
378.3204345703125 91.97563171386719 2906.546875
383.8113708496094 147.1090087890625 2988.47021484375
388.59075927734375 198.42520141601562 2995.180908203125
315.998046875 92.26373291015625 2916.7021484375
306.70947265625 147.34829711914062 2948.3486328125
298.7401428222656 196.43865966796875 2855.75537109375
346.9212951660156 130.29345703125 2898.22998046875
366.51165771484375 168.81492614746094 2881.646240234375
370.7152404785156 256.1629333496094 2871.351318359375
369.9527893066406 335.19586181640625 2932.87158203125
327.0040283203125 168.82797241210938 2888.024658203125
321.75274658203125 257.0899353027344 2901.539306640625
313.88134765625 337.75592041015625 2949.031494140625
351.54803466796875 37.077484130859375 2878.638916015625
347.072998046875 92.13363647460938 2911.794189453125
378.3502502441406 92.15205383300781 2905.845458984375
383.8069763183594 147.41241455078125 2986.17333984375
390.1974792480469 200.9785614013672 3013.16064453125
315.92327880859375 92.11532592773438 2917.742919921875
306.5423278808594 146.9964599609375 2951.239013671875
299.6216125488281 194.3448944091797 2853.6982421875
346.63037109375 130.03140258789062 2899.306884765625
366.5533447265625 168.3704833984375 2882.975830078125
370.55218505859375 255.79043579101562 2872.449951171875
369.55487060546875 335.86029052734375 2937.620361328125
325.86859130859375 168.14382934570312 2890.663330078125
321.8788757324219 257.40911865234375 2900.469482421875
313.9081726074219 337.9908142089844 2945.091064453125
351.5390930175781 37.35356140136719 2878.97802734375
347.052001953125 92.2078857421875 2911.154052734375
378.3042907714844 91.47247314453125 2904.197265625
383.9408264160156 146.75466918945312 2981.998779296875
390.2264709472656 200.45591735839844 3021.75634765625
315.94873046875 92.93975830078125 2918.11083984375
306.113037109375 149.01539611816406 2956.8466796875
299.2676696777344 198.5771942138672 2845.089599609375
347.49298095703125 131.41876220703125 2900.34228515625
366.8438720703125 170.5922393798828 2885.349365234375
370.74273681640625 258.2625732421875 2871.866943359375
369.90814208984375 337.94091796875 2936.06396484375
329.0853271484375 171.2528839111328 2893.711669921875
321.66070556640625 254.99569702148438 2900.443359375
313.72271728515625 335.5147705078125 2945.1103515625
351.40411376953125 37.506622314453125 2879.15771484375
346.89495849609375 92.17765808105469 2910.989501953125
378.11151123046875 91.30841064453125 2902.281005859375
383.9161071777344 146.85317993164062 2977.702880859375
390.2373962402344 200.4507598876953 3020.312744140625
315.8646240234375 93.04170227050781 2919.697998046875
306.4330749511719 148.9776153564453 2956.75048828125
299.2202453613281 200.68829345703125 2855.265869140625
347.3983459472656 132.08547973632812 2901.40576171875
366.9445495605469 171.87423706054688 2886.539794921875
370.9176940917969 259.42108154296875 2872.728271484375
370.1194763183594 338.7431640625 2936.20751953125
328.93505859375 172.63998413085938 2897.104248046875
321.5240783691406 254.2042236328125 2898.64013671875
313.0731506347656 334.6149597167969 2944.99072265625
351.2273864746094 37.62117004394531 2878.7275390625
346.7789001464844 92.23809814453125 2910.952392578125
378.0447082519531 91.60813903808594 2902.713623046875
383.93902587890625 147.3839111328125 2978.911376953125
389.23260498046875 198.95985412597656 3003.38330078125
315.6896057128906 92.864501953125 2919.191162109375
306.38714599609375 149.76473999023438 2958.103271484375
299.2035217285156 199.63946533203125 2859.112060546875
347.0041809082031 131.7467498779297 2901.497802734375
366.876953125 171.25930786132812 2886.894775390625
370.8227233886719 258.6920471191406 2871.853759765625
370.03045654296875 337.958984375 2935.62109375
327.6547546386719 171.76727294921875 2897.191650390625
321.4883117675781 254.93075561523438 2898.337158203125
313.2718811035156 335.2076416015625 2945.75
351.315185546875 37.85957336425781 2879.51123046875
346.7778015136719 92.35440063476562 2910.96142578125
378.1103515625 91.93962097167969 2904.6474609375
384.1040344238281 147.34783935546875 2980.08837890625
390.192626953125 199.0326690673828 3005.278076171875
315.58087158203125 92.76736450195312 2917.275390625
306.3823547363281 149.37503051757812 2958.853759765625
299.15301513671875 199.40228271484375 2853.606689453125
346.8624267578125 131.317626953125 2901.15771484375
366.6745910644531 170.3909912109375 2887.40234375
370.6692810058594 257.7782897949219 2870.8544921875
370.1316223144531 336.9958190917969 2933.785400390625
327.2745361328125 170.69882202148438 2895.3056640625
321.5452575683594 255.7662353515625 2900.049560546875
312.5884704589844 336.3398742675781 2957.0341796875
351.4418029785156 38.043609619140625 2880.849365234375
346.7388000488281 92.44439697265625 2910.7841796875
378.1188049316406 91.79705810546875 2903.59326171875
384.3407287597656 146.6449737548828 2976.703857421875
390.2327575683594 198.5995635986328 3004.168212890625
315.513427734375 93.08857727050781 2917.97509765625
306.4710693359375 149.39447021484375 2956.9130859375
299.18402099609375 199.46836853027344 2846.123291015625
347.0606994628906 131.68218994140625 2901.61328125
366.7483825683594 170.88966369628906 2888.029052734375
370.65472412109375 258.20501708984375 2871.95654296875
370.2409973144531 337.37060546875 2933.918701171875
328.0799865722656 171.44708251953125 2896.855712890625
321.37109375 255.120361328125 2900.506591796875
312.8301696777344 335.5733337402344 2953.06982421875
351.51605224609375 38.343017578125 2882.7314453125
346.7857666015625 92.6298828125 2910.92919921875
378.19659423828125 92.0126953125 2901.93505859375
384.52978515625 146.59568786621094 2975.6181640625
390.205322265625 196.77841186523438 2982.215087890625
315.5684509277344 93.24327087402344 2919.92333984375
306.7397766113281 150.35702514648438 2959.390380859375
299.1831359863281 199.49752807617188 2871.296875
346.9525451660156 131.48980712890625 2903.10595703125
366.4525146484375 170.32855224609375 2889.7705078125
370.3800048828125 257.66510009765625 2873.73095703125
370.12835693359375 336.8038330078125 2936.15234375
327.86138916015625 170.79006958007812 2900.794921875
321.4483337402344 255.50466918945312 2899.4208984375
313.19012451171875 335.9066162109375 2949.901123046875
351.6770324707031 38.449462890625 2883.48974609375
346.8275451660156 92.62855529785156 2911.537109375
378.2740783691406 92.21726989746094 2902.986328125
385.18157958984375 146.62493896484375 2978.8505859375
390.9172058105469 198.70826721191406 2998.624267578125
315.565185546875 93.03742980957031 2920.087890625
306.8330078125 150.071044921875 2958.582763671875
299.9324035644531 200.15451049804688 2851.475830078125
346.7615661621094 131.48841857910156 2903.07666015625
366.301025390625 170.462158203125 2889.31005859375
370.1497802734375 257.9513244628906 2873.836669921875
370.10528564453125 336.5707092285156 2937.383544921875
327.16107177734375 170.6883087158203 2899.92236328125
321.1740417480469 255.17315673828125 2898.675537109375
314.15203857421875 334.25555419921875 2940.55517578125
351.8089599609375 38.45379638671875 2883.6201171875
346.8471984863281 92.59846496582031 2912.167724609375
378.31317138671875 92.48736572265625 2901.714111328125
385.4681701660156 147.02114868164062 2981.489501953125
390.8215637207031 200.8217010498047 2990.061279296875
315.6063537597656 92.70875549316406 2922.621337890625
306.9129943847656 149.5497589111328 2959.5146484375
300.1966247558594 199.24566650390625 2865.099609375
346.29547119140625 131.25588989257812 2905.271484375
366.255615234375 170.2069091796875 2891.582763671875
369.93841552734375 257.7586669921875 2876.2255859375
369.93170166015625 335.7357177734375 2940.3818359375
325.322509765625 169.9882049560547 2905.167724609375
321.33697509765625 255.66928100585938 2896.56396484375
313.9489440917969 335.2998046875 2940.44287109375
351.8185119628906 38.543304443359375 2883.672607421875
346.816650390625 92.63589477539062 2913.234375
378.35064697265625 92.34149169921875 2901.6630859375
385.1252136230469 147.29074096679688 2984.494140625
390.8520202636719 200.5139923095703 3000.905029296875
315.5321350097656 92.92793273925781 2924.8056640625
306.98138427734375 147.7367401123047 2957.962158203125
300.19580078125 199.7213134765625 2860.634033203125
346.4158020019531 131.24868774414062 2906.09326171875
366.40118408203125 170.06097412109375 2891.496337890625
369.96484375 257.5297546386719 2877.0771484375
369.900634765625 335.20831298828125 2940.91943359375
325.7294006347656 170.04246520996094 2906.407958984375
321.31982421875 256.1659240722656 2897.001708984375
313.8720397949219 336.1788330078125 2941.937255859375
351.78033447265625 38.62542724609375 2884.221923828125
346.9195251464844 92.77668762207031 2913.652587890625
378.4266357421875 92.49836730957031 2900.885498046875
384.49090576171875 149.20689392089844 2994.913330078125
391.2912902832031 200.44520568847656 3005.879150390625
315.6873474121094 93.05259704589844 2926.419677734375
307.1315002441406 148.3782958984375 2958.59814453125
299.3083190917969 200.45089721679688 2866.641845703125
346.4437255859375 131.4805450439453 2908.22998046875
366.8589172363281 170.37078857421875 2894.359375
369.9172058105469 257.68670654296875 2879.9892578125
369.7260437011719 335.2533874511719 2943.293212890625
325.1946105957031 170.2874755859375 2911.25537109375
321.28009033203125 256.4232482910156 2896.365234375
313.8560791015625 336.73992919921875 2940.423828125
351.8392333984375 38.80192565917969 2884.45458984375
347.0264587402344 92.87818908691406 2913.884521484375
378.607421875 92.599365234375 2901.38427734375
384.4764709472656 148.31735229492188 2988.99462890625
391.6358642578125 198.39584350585938 3008.150390625
315.71527099609375 93.1546630859375 2926.384765625
307.15130615234375 149.4189910888672 2958.57275390625
300.2491760253906 199.84727478027344 2861.861083984375
346.5670166015625 131.61871337890625 2908.24072265625
367.0043029785156 170.54669189453125 2894.343994140625
369.93463134765625 258.1825866699219 2880.13525390625
369.76300048828125 335.45404052734375 2943.224365234375
325.3257751464844 170.47328186035156 2910.849853515625
321.315185546875 256.380859375 2897.086669921875
313.8567810058594 336.91973876953125 2941.13720703125
351.9757080078125 38.72479248046875 2884.6953125
347.0347900390625 93.21229553222656 2914.389404296875
378.68914794921875 92.98475646972656 2902.632568359375
384.79266357421875 148.70895385742188 2989.826416015625
391.6275634765625 198.72543334960938 3007.845703125
315.63482666015625 93.43797302246094 2926.146240234375
307.1334533691406 149.8317413330078 2959.3828125
299.3807067871094 200.15960693359375 2851.365478515625
346.5604248046875 131.86985778808594 2908.46826171875
367.08404541015625 170.7423858642578 2894.767578125
370.0404968261719 260.1437683105469 2882.299560546875
369.8797607421875 335.9395751953125 2944.64208984375
325.19647216796875 170.62820434570312 2910.32666015625
321.25494384765625 256.4757995605469 2899.1982421875
313.84796142578125 337.18084716796875 2941.36767578125
352.0233459472656 38.85600280761719 2885.663330078125
347.0748291015625 93.27665710449219 2914.961181640625
378.73870849609375 93.09223937988281 2903.223388671875
383.9928894042969 149.47222900390625 2991.0771484375
390.2869873046875 198.56597900390625 3011.255126953125
315.6649169921875 93.45956420898438 2926.698974609375
307.14337158203125 150.1943359375 2961.103515625
300.2132263183594 201.75375366210938 2844.2802734375
346.55389404296875 131.89410400390625 2909.346923828125
367.1552734375 170.74659729003906 2895.920654296875
370.08465576171875 259.4449157714844 2882.84765625
369.924560546875 335.7053527832031 2946.1728515625
325.0199279785156 170.57562255859375 2911.544677734375
321.3065490722656 256.65447998046875 2899.04052734375
313.8282165527344 337.38775634765625 2941.42626953125
352.0903625488281 38.95121765136719 2886.986083984375
347.0117492675781 93.26829528808594 2915.626708984375
378.7104797363281 92.94859313964844 2903.825439453125
384.11572265625 148.56201171875 2986.421630859375
391.6253967285156 198.35350036621094 3006.831787109375
315.5685729980469 93.58544921875 2927.427978515625
307.34423828125 150.19921875 2961.34130859375
299.4013366699219 200.6356964111328 2871.95703125
346.6455078125 131.86306762695312 2909.3935546875
367.37445068359375 170.61997985839844 2895.328369140625
370.0799255371094 259.1621398925781 2882.6982421875
370.162109375 337.1091613769531 2948.494140625
325.29449462890625 170.62705993652344 2910.992431640625
321.3594970703125 256.86700439453125 2898.8740234375
313.786376953125 337.7984619140625 2942.899169921875
352.1703796386719 39.07293701171875 2887.61083984375
347.04901123046875 93.30931091308594 2916.066650390625
378.7624206542969 92.98670959472656 2904.5498046875
384.29327392578125 148.175048828125 2984.5439453125
390.84674072265625 200.20779418945312 2998.166259765625
315.58514404296875 93.62936401367188 2927.58349609375
307.3010559082031 150.17019653320312 2960.62353515625
299.4410705566406 200.78524780273438 2860.060302734375
346.69708251953125 131.8265380859375 2909.146484375
367.36431884765625 170.5166015625 2894.617919921875
370.0062255859375 259.1990661621094 2881.938720703125
370.1661376953125 337.2823181152344 2948.381103515625
325.43255615234375 170.53829956054688 2909.834716796875
321.38409423828125 256.83087158203125 2898.078125
313.73126220703125 337.854736328125 2943.301025390625
352.1756286621094 39.004974365234375 2886.94140625
347.10321044921875 93.3946533203125 2917.11181640625
378.8154296875 93.55679321289062 2912.91162109375
382.48516845703125 150.0511474609375 3018.0859375
390.22735595703125 200.1632080078125 3000.677734375
315.482177734375 93.23295593261719 2921.31201171875
307.17218017578125 149.79147338867188 2953.09423828125
299.1521911621094 200.72911071777344 2860.23876953125
346.6226501464844 130.98452758789062 2903.910400390625
367.63568115234375 169.1014862060547 2887.885986328125
370.28741455078125 258.2413330078125 2873.056396484375
370.15167236328125 335.1737365722656 2940.6552734375
324.68170166015625 168.7343292236328 2893.531982421875
321.40435791015625 258.62457275390625 2904.9677734375
313.6268615722656 339.55291748046875 2951.9833984375
352.1705017089844 38.96357727050781 2887.15869140625
347.1470642089844 93.48159790039062 2917.786376953125
378.8093566894531 93.69918823242188 2914.598388671875
383.0336608886719 149.7782440185547 3012.0751953125
391.02166748046875 198.61404418945312 3007.634521484375
315.55389404296875 93.26449584960938 2920.974365234375
307.1517639160156 149.8910675048828 2952.99169921875
299.1718444824219 200.96237182617188 2867.197021484375
346.670654296875 130.93565368652344 2903.4658203125
367.5589904785156 168.9634552001953 2887.013916015625
370.3094482421875 257.9886169433594 2870.347900390625
370.0514831542969 334.90350341796875 2938.72216796875
324.8515319824219 168.55889892578125 2891.276611328125
321.5528564453125 258.68701171875 2906.1455078125
313.6569519042969 339.5161437988281 2952.60595703125
352.1943664550781 38.81132507324219 2886.619140625
347.1893615722656 93.61653137207031 2918.58154296875
378.79254150390625 93.68821716308594 2915.6728515625
382.18707275390625 149.8203582763672 3021.607421875
390.8949890136719 197.99578857421875 3016.287841796875
315.6491394042969 93.54499816894531 2921.490234375
307.0702209472656 150.7496795654297 2955.47265625
299.13409423828125 201.11639404296875 2854.909423828125
346.9078063964844 131.11166381835938 2903.719482421875
367.5247802734375 169.08973693847656 2886.95263671875
370.2079162597656 258.0111389160156 2869.872314453125
369.320556640625 335.6990966796875 2926.873779296875
325.7493896484375 168.8955841064453 2890.76220703125
321.6136169433594 258.5135498046875 2908.117919921875
313.6990051269531 340.0534362792969 2957.460205078125
352.1808776855469 38.79302978515625 2886.637451171875
347.16253662109375 93.76380920410156 2918.7275390625
378.7283935546875 93.8272705078125 2916.5947265625
383.0781555175781 149.10581970214844 3011.049072265625
390.7844543457031 199.848876953125 3008.104248046875
315.6427917480469 93.700439453125 2920.8603515625
307.0306396484375 150.95010375976562 2954.248046875
299.1344909667969 201.13949584960938 2854.321044921875
346.947509765625 131.27420043945312 2903.3056640625
367.54364013671875 169.26341247558594 2886.491943359375
370.26458740234375 258.8937072753906 2869.942138671875
369.5761413574219 336.12799072265625 2931.150390625
325.93682861328125 169.10708618164062 2889.275634765625
321.61041259765625 258.4427185058594 2909.23486328125
313.65533447265625 340.07562255859375 2957.08056640625
352.2386779785156 38.82354736328125 2887.010986328125
347.20880126953125 93.79103088378906 2918.8369140625
378.74139404296875 93.82958984375 2917.05615234375
383.3468933105469 149.2002410888672 3010.69580078125
390.87005615234375 197.95571899414062 3012.395263671875
315.71466064453125 93.75250244140625 2920.61767578125
307.06414794921875 151.43414306640625 2956.716064453125
299.87310791015625 201.128662109375 2858.091064453125
347.0502014160156 131.30755615234375 2903.121826171875
367.64605712890625 169.28819274902344 2886.246826171875
370.2560729980469 258.77703857421875 2871.005126953125
369.71282958984375 336.0745849609375 2933.458740234375
326.1503601074219 169.17684936523438 2888.566650390625
321.7204284667969 258.4671325683594 2908.780029296875
313.5538635253906 340.0077209472656 2956.825927734375
352.2540588378906 38.686798095703125 2887.453369140625
347.2564697265625 93.5924072265625 2918.97412109375
378.6865539550781 93.63804626464844 2917.06591796875
383.3697204589844 148.66787719726562 3011.791748046875
390.77679443359375 199.81533813476562 3004.587646484375
315.8674621582031 93.54684448242188 2920.88232421875
307.19744873046875 150.93272399902344 2959.86767578125
297.7406921386719 196.98081970214844 2867.6640625
347.0785827636719 131.15475463867188 2902.961181640625
367.673828125 169.19664001464844 2885.700439453125
370.30108642578125 258.683349609375 2871.413330078125
369.30145263671875 336.1280517578125 2936.0263671875
326.1416320800781 169.071044921875 2888.196044921875
321.8191833496094 258.35369873046875 2908.697509765625
313.50335693359375 339.6775207519531 2956.93212890625
352.4654235839844 38.516265869140625 2888.660888671875
347.4199523925781 93.40846252441406 2919.523193359375
378.7852783203125 93.36871337890625 2915.360107421875
383.3554992675781 148.44381713867188 3014.54736328125
391.03289794921875 197.99119567871094 2996.015869140625
316.1439514160156 93.44808959960938 2923.686279296875
307.06927490234375 150.789306640625 2964.626708984375
299.10906982421875 200.72116088867188 2855.843994140625
347.1784973144531 131.25271606445312 2905.031005859375
367.8038635253906 169.5222930908203 2887.794921875
370.2652893066406 258.7850036621094 2874.00244140625
368.892333984375 335.7476501464844 2941.6640625
326.10491943359375 169.4307098388672 2893.28271484375
321.78253173828125 258.0790100097656 2906.866455078125
313.4909973144531 339.3061218261719 2954.936279296875
352.4374084472656 38.61573791503906 2889.951416015625
347.35040283203125 93.38471984863281 2919.676513671875
378.7680969238281 93.2557373046875 2916.35888671875
383.7460021972656 148.31228637695312 3012.087890625
390.2012939453125 197.66697692871094 3003.072998046875
316.0040283203125 93.513427734375 2922.994140625
306.6541442871094 151.5946502685547 2967.890869140625
299.11407470703125 201.5050048828125 2854.738037109375
347.2801513671875 131.15879821777344 2904.4326171875
367.928955078125 169.30337524414062 2887.022705078125
370.6444091796875 258.36181640625 2879.85986328125
368.83892822265625 335.02032470703125 2953.128173828125
326.5203857421875 169.35951232910156 2891.354736328125
321.726318359375 258.283203125 2908.97216796875
313.101318359375 339.7091064453125 2957.824462890625
352.45184326171875 38.693389892578125 2892.06689453125
347.39544677734375 93.42477416992188 2920.4091796875
378.8172912597656 93.07095336914062 2914.72265625
384.078369140625 148.33966064453125 3010.193359375
390.82305908203125 199.31906127929688 2993.735107421875
316.09576416015625 93.7772216796875 2926.095703125
306.79083251953125 151.49960327148438 2969.3095703125
299.1318054199219 201.02047729492188 2865.35888671875
347.4320983886719 131.429931640625 2906.978271484375
367.83319091796875 169.65513610839844 2889.893310546875
370.5468444824219 258.7125549316406 2881.454345703125
369.0205383300781 336.0029602050781 2951.79443359375
327.1562805175781 169.92031860351562 2897.201416015625
321.7922058105469 258.2491149902344 2907.212646484375
313.0230407714844 339.8706359863281 2956.49951171875
352.3363952636719 38.724700927734375 2893.59033203125
347.3521728515625 93.50286865234375 2920.62841796875
378.8326416015625 93.07518005371094 2912.884765625
384.1412048339844 148.56443786621094 3006.501953125
390.2420654296875 199.26449584960938 2995.389892578125
316.0382385253906 93.92829895019531 2928.3720703125
306.8507385253906 151.57644653320312 2969.123291015625
299.1895751953125 201.10507202148438 2867.669189453125
347.3417663574219 131.70115661621094 2908.905029296875
367.7098083496094 170.063720703125 2892.204345703125
370.4559326171875 259.07733154296875 2884.29296875
369.16162109375 336.8673400878906 2956.8115234375
327.02264404296875 170.35293579101562 2902.158935546875
321.8791809082031 258.2991027832031 2905.9599609375
312.972900390625 339.77117919921875 2953.831298828125
352.1683044433594 38.81236267089844 2894.85986328125
347.3266906738281 93.64218139648438 2920.56689453125
378.8061828613281 93.29037475585938 2912.09228515625
384.0055847167969 149.44644165039062 3006.31201171875
391.32208251953125 204.79071044921875 3001.45703125
316.0293884277344 93.99192810058594 2929.04150390625
307.0216064453125 151.44589233398438 2969.142822265625
300.13079833984375 200.95144653320312 2869.260009765625
347.17950439453125 131.95648193359375 2909.862060546875
367.62152099609375 170.47000122070312 2893.649169921875
370.31365966796875 259.6470031738281 2885.07958984375
369.1454162597656 338.0000915527344 2957.326904296875
326.5190124511719 170.63710021972656 2904.665283203125
322.1447448730469 258.1356201171875 2905.46484375
313.00469970703125 339.52557373046875 2954.688720703125
351.9801025390625 38.752655029296875 2895.522216796875
347.35736083984375 93.78099060058594 2920.815673828125
378.87042236328125 93.5172119140625 2913.57958984375
383.5794677734375 149.74142456054688 3010.267822265625
389.2555847167969 199.46572875976562 3009.581298828125
316.00006103515625 94.04347229003906 2928.0517578125
307.5611572265625 151.26327514648438 2963.0283203125
299.15960693359375 200.95114135742188 2879.32421875
347.18084716796875 131.95590209960938 2908.871337890625
367.7298278808594 170.39735412597656 2892.202392578125
370.2020568847656 259.8592834472656 2885.02392578125
369.1529846191406 338.7236022949219 2955.2109375
326.3433837890625 170.4937286376953 2901.651611328125
322.2763671875 258.248291015625 2907.067138671875
312.90264892578125 339.48565673828125 2955.69091796875
351.8013000488281 38.713897705078125 2896.315673828125
347.3518981933594 93.73091125488281 2921.786865234375
378.8426513671875 93.51127624511719 2914.871337890625
383.5470886230469 149.3284912109375 3008.80517578125
390.25616455078125 197.65721130371094 2998.315185546875
316.0098571777344 93.94949340820312 2928.702392578125
307.4883728027344 151.0006103515625 2966.455810546875
299.1719055175781 201.7278594970703 2867.13818359375
347.13916015625 131.86599731445312 2909.15869140625
367.67608642578125 170.30862426757812 2892.009033203125
370.1337890625 259.85888671875 2886.15380859375
369.2361755371094 338.4881896972656 2952.1357421875
326.2376708984375 170.3584747314453 2901.052001953125
322.3255310058594 258.2632141113281 2906.37451171875
312.9459533691406 339.358642578125 2954.6982421875
351.6418151855469 38.71827697753906 2897.04052734375
347.3591003417969 93.52796936035156 2922.412353515625
378.81976318359375 93.32017517089844 2915.59765625
383.0632629394531 146.04678344726562 3003.496826171875
390.28533935546875 199.7301483154297 3003.896728515625
316.0448303222656 93.73478698730469 2929.22705078125
307.437255859375 150.74740600585938 2968.80712890625
299.8760070800781 200.37063598632812 2869.9619140625
347.1360168457031 131.64111328125 2909.422607421875
367.6545715332031 170.07711791992188 2891.975830078125
370.1337585449219 259.8235168457031 2887.553955078125
368.95391845703125 336.7410888671875 2948.1318359375
326.2309875488281 170.11508178710938 2900.889892578125
322.33056640625 258.1225280761719 2905.6201171875
312.90447998046875 339.1335754394531 2953.6083984375
351.3705139160156 38.88417053222656 2898.899658203125
347.41912841796875 93.41850280761719 2923.417724609375
378.876708984375 93.21754455566406 2916.378173828125
383.0605773925781 147.14894104003906 3006.86572265625
390.2935485839844 197.51071166992188 3008.368408203125
316.1126708984375 93.61851501464844 2930.457275390625
307.4803466796875 149.95510864257812 2970.257568359375
299.2663879394531 200.28829956054688 2866.884033203125
347.16741943359375 131.55303955078125 2909.919677734375
367.62750244140625 170.03245544433594 2891.824951171875
370.1876525878906 259.83905029296875 2888.923583984375
368.9461364746094 335.61553955078125 2948.811767578125
326.2649230957031 170.05349731445312 2901.018310546875
322.4100341796875 258.2132263183594 2905.5830078125
312.763427734375 339.0929870605469 2953.261474609375
351.2318115234375 38.92317199707031 2899.573486328125
347.4996337890625 93.40876770019531 2923.802490234375
378.9620056152344 93.25296020507812 2915.74609375
382.9827880859375 147.61569213867188 3005.632568359375
390.2951965332031 199.64141845703125 2997.71875
316.2101745605469 93.56370544433594 2931.85888671875
307.29541015625 149.89236450195312 2973.82421875
298.68670654296875 199.88409423828125 2882.112548828125
347.11993408203125 131.68385314941406 2910.724853515625
367.4850158691406 170.34181213378906 2892.37646484375
370.2068786621094 260.1785888671875 2891.248291015625
368.89178466796875 337.1286926269531 2952.912109375
326.0639953613281 170.2672119140625 2902.91796875
322.5247497558594 258.43096923828125 2905.499755859375
312.59869384765625 339.302978515625 2952.87109375
351.1706848144531 38.92787170410156 2900.937255859375
347.58734130859375 93.582763671875 2923.945068359375
379.0277404785156 93.50289916992188 2916.668212890625
382.8861389160156 148.31112670898438 3005.36962890625
391.0742492675781 197.59983825683594 2991.06103515625
316.30303955078125 93.6622314453125 2931.221923828125
307.3479919433594 150.0123291015625 2974.375244140625
299.9311218261719 200.38009643554688 2864.972412109375
347.16888427734375 131.86355590820312 2910.49853515625
367.40875244140625 170.57334899902344 2892.309326171875
370.31402587890625 260.30792236328125 2894.59033203125
369.02532958984375 336.4595031738281 2950.879150390625
326.1519470214844 170.42633056640625 2901.794677734375
322.7424011230469 259.0950622558594 2908.07275390625
313.60284423828125 345.152587890625 2952.568603515625
351.11767578125 38.76580810546875 2900.82958984375
347.62646484375 93.51615905761719 2923.380615234375
379.0219421386719 93.42024230957031 2915.587890625
383.0408020019531 148.2999725341797 3003.73046875
391.11859130859375 197.5728759765625 3006.019287109375
316.3979187011719 93.611572265625 2931.17333984375
307.3502502441406 150.3257598876953 2976.1044921875
300.0353698730469 202.1157684326172 2865.955810546875
347.1976013183594 131.94207763671875 2911.130859375
367.3126525878906 170.76495361328125 2893.818603515625
370.32537841796875 260.3984680175781 2896.112548828125
368.9311218261719 335.8493347167969 2950.62158203125
326.2892150878906 170.62075805664062 2903.943603515625
322.9220275878906 258.7936096191406 2908.6083984375
313.2339172363281 342.1648254394531 2952.055419921875
351.08514404296875 38.50233459472656 2899.900146484375
347.63104248046875 93.37236022949219 2923.068603515625
379.0681457519531 93.18074035644531 2914.743408203125
382.72918701171875 147.29180908203125 3000.950927734375
391.11822509765625 197.61434936523438 3005.423095703125
316.3725280761719 93.56291198730469 2931.393798828125
307.446533203125 150.72296142578125 2977.260498046875
301.29443359375 202.78443908691406 2866.597900390625
347.2933654785156 131.84466552734375 2912.089599609375
367.3453369140625 170.62693786621094 2895.7451171875
370.3291320800781 260.1604919433594 2898.15185546875
368.86474609375 336.22900390625 2953.822509765625
326.6361999511719 170.5894012451172 2906.47607421875
324.9958801269531 256.36663818359375 2914.014892578125
313.13330078125 341.12347412109375 2950.81884765625
351.04547119140625 38.345855712890625 2899.340576171875
347.73724365234375 93.53253173828125 2923.7314453125
379.1901550292969 93.3621826171875 2915.274169921875
382.7882080078125 147.47247314453125 3003.089599609375
391.126708984375 197.47837829589844 3009.657470703125
316.46575927734375 93.70188903808594 2932.188720703125
307.5156555175781 151.20108032226562 2978.57373046875
301.4196472167969 203.24745178222656 2855.498046875
347.3660888671875 131.8492431640625 2912.748291015625
367.37615966796875 170.49021911621094 2896.3193359375
370.4424133300781 259.8125305175781 2899.36962890625
368.8109130859375 335.11444091796875 2954.212646484375
326.6844787597656 170.42190551757812 2907.2109375
324.38934326171875 257.080322265625 2910.896484375
314.38299560546875 336.2484130859375 2935.38134765625
351.16998291015625 38.41059875488281 2899.13037109375
347.7798156738281 93.709716796875 2924.47900390625
379.19061279296875 93.57806396484375 2915.172607421875
382.3693542480469 149.57310485839844 3017.164306640625
391.14306640625 197.43096923828125 3003.463623046875
316.56829833984375 93.84056091308594 2933.785400390625
307.63262939453125 151.44569396972656 2980.13134765625
301.1098937988281 201.5065460205078 2873.5107421875
347.3050537109375 131.94129943847656 2913.833251953125
367.2298583984375 170.52687072753906 2897.17919921875
370.4228820800781 257.9532165527344 2889.852783203125
368.8853759765625 334.56903076171875 2954.783935546875
326.5080261230469 170.37994384765625 2909.19580078125
323.8175048828125 257.18695068359375 2907.525390625
313.6859130859375 337.88067626953125 2939.470947265625
351.2210998535156 38.62904357910156 2899.933837890625
347.8359069824219 93.83479309082031 2925.5546875
379.248779296875 93.76007080078125 2916.999755859375
382.0851745605469 150.66619873046875 3029.03369140625
391.14178466796875 197.33810424804688 3009.18896484375
316.606201171875 93.90908813476562 2934.109619140625
308.00640869140625 151.43870544433594 2978.2607421875
299.96807861328125 202.0265350341797 2875.544677734375
347.3384094238281 131.84829711914062 2913.983642578125
367.1785583496094 170.26145935058594 2896.910400390625
370.52130126953125 258.61151123046875 2893.65283203125
368.9920349121094 334.256103515625 2952.416748046875
326.5722961425781 170.0686492919922 2907.914794921875
323.00909423828125 256.6001892089844 2896.595703125
313.4825744628906 338.290771484375 2942.612060546875
351.3184814453125 38.733489990234375 2900.262939453125
347.838623046875 93.98011779785156 2925.681640625
379.2126770019531 93.969970703125 2918.0693359375
382.37744140625 150.296630859375 3023.614013671875
390.263671875 197.2418212890625 2986.725341796875
316.6274108886719 93.99020385742188 2933.2939453125
307.88177490234375 151.22006225585938 2976.55810546875
299.2695617675781 202.10675048828125 2871.241455078125
347.3271179199219 131.9282989501953 2913.8173828125
367.044677734375 170.30845642089844 2897.078857421875
370.510498046875 258.8673400878906 2895.46337890625
369.0333557128906 333.9294128417969 2952.499267578125
326.6460876464844 170.0655059814453 2906.827392578125
322.36749267578125 257.0170593261719 2890.354248046875
313.2635498046875 338.61187744140625 2944.7880859375
351.2425842285156 38.83441162109375 2901.276611328125
347.7965393066406 93.99844360351562 2925.6669921875
379.1043701171875 94.18034362792969 2921.642578125
382.4407043457031 150.0389404296875 3023.271728515625
390.253173828125 195.34768676757812 2991.062744140625
316.57470703125 93.81706237792969 2929.69140625
307.7515563964844 151.01556396484375 2973.46728515625
300.77239990234375 203.3562774658203 2867.913818359375
347.29815673828125 131.66299438476562 2911.30859375
367.05487060546875 169.8861083984375 2894.3701171875
370.6683044433594 258.750732421875 2892.433349609375
369.2305908203125 337.474609375 2954.673828125
326.5708312988281 169.51605224609375 2899.5302734375
322.761962890625 257.7616882324219 2899.797119140625
313.2838439941406 338.8813171386719 2949.503662109375
351.19439697265625 39.090850830078125 2902.738037109375
347.7803955078125 94.18045043945312 2925.610595703125
379.1151123046875 94.34719848632812 2919.6982421875
382.6031494140625 151.17112731933594 3028.590576171875
390.4246826171875 204.58438110351562 3054.01611328125
316.5720520019531 94.01434326171875 2931.52294921875
307.8027648925781 150.94839477539062 2973.98046875
301.2673645019531 202.7956085205078 2876.49560546875
347.16497802734375 131.9154052734375 2912.0625
366.524169921875 170.20736694335938 2894.7763671875
370.5635986328125 259.0474548339844 2892.443603515625
369.27362060546875 336.5775146484375 2952.456298828125
326.614990234375 169.7993927001953 2902.25244140625
322.2215576171875 256.8277587890625 2898.4013671875
313.7794189453125 337.14276123046875 2944.992431640625
351.11456298828125 39.27461242675781 2903.027099609375
347.6875305175781 94.35433959960938 2926.662109375
379.0136413574219 94.478515625 2920.371337890625
382.6032409667969 150.35690307617188 3024.56787109375
390.25390625 194.49681091308594 2984.85009765625
316.4958190917969 94.23069763183594 2932.952880859375
307.86151123046875 150.97625732421875 2974.327880859375
299.2040100097656 201.6687469482422 2884.965087890625
347.09765625 131.9694061279297 2913.025146484375
366.44110107421875 170.12098693847656 2895.418212890625
370.48272705078125 259.172119140625 2892.08642578125
369.29925537109375 338.5018310546875 2952.104736328125
326.61785888671875 169.756103515625 2903.358154296875
322.5481872558594 257.0393981933594 2901.5830078125
314.169677734375 335.9948425292969 2944.355224609375
351.1380615234375 39.15904235839844 2903.086669921875
347.5697937011719 94.42976379394531 2927.27880859375
378.9002685546875 94.18734741210938 2915.846435546875
382.8251037597656 149.89610290527344 3016.54541015625
390.23358154296875 194.2074737548828 2971.430908203125
316.4831237792969 94.67025756835938 2938.711181640625
308.0396728515625 151.4129638671875 2980.385009765625
299.5283508300781 199.38214111328125 2882.239013671875
347.0894775390625 132.7269287109375 2917.106689453125
366.3448486328125 171.32928466796875 2899.770751953125
370.29315185546875 260.3480224609375 2895.364990234375
369.2711486816406 338.303955078125 2957.5087890625
326.9637756347656 171.25515747070312 2914.098388671875
322.63238525390625 255.89974975585938 2898.689697265625
314.2786560058594 335.0502014160156 2941.16943359375
351.2113037109375 39.16328430175781 2902.74853515625
347.4969482421875 94.55325317382812 2927.2255859375
378.7682800292969 94.01588439941406 2912.73193359375
385.27435302734375 152.0203857421875 2991.600830078125
391.3114013671875 195.258056640625 2993.43896484375
316.5337829589844 95.0853271484375 2941.71923828125
308.019287109375 151.81004333496094 2984.30029296875
301.1976013183594 203.19619750976562 2878.863525390625
347.21112060546875 132.89569091796875 2919.688720703125
366.2302551269531 171.34103393554688 2903.23193359375
370.3227233886719 260.32159423828125 2897.777587890625
369.6263732910156 339.6495666503906 2961.68701171875
327.7351989746094 171.53158569335938 2921.07177734375
322.46759033203125 255.94802856445312 2896.346435546875
313.905517578125 335.912109375 2940.021728515625
351.3558044433594 39.25376892089844 2902.8134765625
347.4374084472656 94.48831176757812 2927.10693359375
378.64093017578125 94.22268676757812 2915.984375
384.48724365234375 151.50558471679688 3005.695556640625
390.2587585449219 195.6428680419922 2984.73291015625
316.4701232910156 94.751953125 2938.2294921875
307.63427734375 151.73825073242188 2985.15087890625
300.0419921875 201.66317749023438 2885.55859375
347.01171875 132.3218536376953 2917.133544921875
366.10906982421875 170.4299774169922 2900.237060546875
370.2806091308594 259.977294921875 2894.560546875
369.75885009765625 340.62554931640625 2956.6708984375
327.1499938964844 170.4000244140625 2914.083251953125
322.6435852050781 255.67034912109375 2900.14111328125
313.91961669921875 336.36328125 2944.727783203125
351.3450927734375 39.21946716308594 2902.3671875
347.3296813964844 94.22831726074219 2926.94775390625
378.51226806640625 94.07655334472656 2917.41064453125
384.30615234375 150.59837341308594 3007.608642578125
390.2622985839844 195.7994384765625 2986.515625
316.3496398925781 94.37907409667969 2936.48486328125
307.7318115234375 148.68246459960938 2988.748046875
300.2138671875 200.975830078125 2877.45263671875
346.86541748046875 131.79574584960938 2916.1337890625
366.10552978515625 169.70274353027344 2899.3291015625
370.273681640625 259.6390075683594 2893.860595703125
369.984619140625 341.241455078125 2955.032470703125
326.7709655761719 169.5831756591797 2911.310546875
322.7073059082031 255.49227905273438 2902.2900390625
313.9656982421875 336.7394104003906 2947.02734375
351.4044494628906 39.1563720703125 2902.112060546875
347.3387756347656 93.99224853515625 2926.368408203125
378.3919982910156 93.91786193847656 2917.932861328125
383.7394714355469 150.24356079101562 3011.3759765625
390.0806884765625 188.11746215820312 2899.6474609375
316.46405029296875 94.06620788574219 2934.803955078125
307.7705993652344 149.59475708007812 2983.404052734375
299.26171875 200.82986450195312 2878.602294921875
346.8520812988281 131.59005737304688 2915.383544921875
366.20501708984375 169.564208984375 2899.042724609375
370.3336486816406 259.7092590332031 2892.9052734375
370.0721130371094 341.890869140625 2953.942626953125
326.5914611816406 169.38070678710938 2909.754638671875
322.76611328125 255.79534912109375 2905.60302734375
314.24078369140625 336.9124755859375 2949.74755859375
351.48809814453125 38.98371887207031 2901.787841796875
347.2995910644531 93.95500183105469 2926.161865234375
378.2677307128906 93.96028137207031 2919.974365234375
383.5157165527344 150.02679443359375 3011.913818359375
390.22479248046875 195.68829345703125 2989.30322265625
316.4621276855469 93.94973754882812 2932.349365234375
307.65655517578125 150.38880920410156 2979.49169921875
301.04730224609375 200.853515625 2864.681884765625
346.8665771484375 131.45156860351562 2914.180908203125
366.3975830078125 169.36402893066406 2898.239990234375
370.3569030761719 259.5817565917969 2891.637939453125
370.0889587402344 340.70819091796875 2952.71875
326.516845703125 169.15171813964844 2906.159912109375
322.5587463378906 255.97549438476562 2906.05859375
314.3238525390625 337.3576965332031 2951.025146484375
351.6929626464844 39.09037780761719 2901.67919921875
347.26629638671875 93.87971496582031 2925.7685546875
378.1313171386719 93.9725341796875 2921.4130859375
383.5565185546875 149.5595703125 3007.68310546875
390.22174072265625 196.17556762695312 3003.3134765625
316.4930114746094 93.78713989257812 2930.1240234375
307.6385498046875 150.5060272216797 2978.308837890625
300.149169921875 200.67758178710938 2868.294921875
346.8533935546875 131.42388916015625 2913.412841796875
366.4944763183594 169.4212646484375 2898.2490234375
370.4227600097656 259.6060791015625 2890.60400390625
370.3770446777344 341.3894958496094 2951.218017578125
326.4182434082031 169.15475463867188 2903.865234375
322.427490234375 256.0750732421875 2907.468994140625
314.36102294921875 337.26348876953125 2953.489013671875
351.8478088378906 39.221923828125 2900.734375
347.27862548828125 93.865478515625 2925.689697265625
378.15350341796875 94.00637817382812 2921.662353515625
383.7169189453125 149.19650268554688 3004.24072265625
390.2200927734375 196.03216552734375 3008.337646484375
316.4886169433594 93.72496032714844 2929.717041015625
307.7750244140625 150.60665893554688 2980.48681640625
299.92718505859375 201.12588500976562 2867.404541015625
346.8305358886719 131.5059356689453 2913.6513671875
366.4967346191406 169.618408203125 2899.009033203125
370.4524230957031 259.63543701171875 2890.5078125
370.42340087890625 341.68402099609375 2951.58203125
326.29681396484375 169.29928588867188 2904.217041015625
322.404296875 256.2190246582031 2907.5361328125
314.3616638183594 337.2236328125 2954.70263671875
351.97332763671875 39.22319030761719 2899.783203125
347.4109802246094 94.03193664550781 2926.6416015625
378.3086853027344 94.31808471679688 2923.695556640625
383.8623962402344 149.486572265625 3003.5087890625
388.91400146484375 194.4912567138672 2999.775390625
316.575439453125 93.74636840820312 2929.587646484375
307.8333435058594 150.58116149902344 2978.197998046875
300.6732482910156 201.03933715820312 2854.405517578125
346.861328125 131.54220581054688 2913.581298828125
366.5688171386719 169.6277313232422 2898.60546875
370.48455810546875 259.4038391113281 2886.8798828125
370.3978576660156 340.93048095703125 2949.92529296875
326.07135009765625 169.15313720703125 2902.4365234375
322.0502014160156 256.03192138671875 2910.3896484375
314.4013671875 337.13104248046875 2955.134033203125
351.9445495605469 39.04216003417969 2899.356201171875
347.40789794921875 94.27281188964844 2927.113037109375
378.3898010253906 94.68380737304688 2927.095703125
383.7574157714844 149.88316345214844 3004.878662109375
390.18524169921875 195.80184936523438 3017.458251953125
316.4263610839844 93.86180114746094 2927.13037109375
307.87860107421875 150.57852172851562 2973.62255859375
299.8397521972656 202.4186248779297 2873.343994140625
346.9266357421875 131.471923828125 2911.16748046875
366.8072204589844 169.35128784179688 2895.210693359375
370.5856018066406 258.9986877441406 2883.302001953125
370.7506103515625 340.24969482421875 2944.33544921875
326.0730895996094 168.81033325195312 2895.233154296875
322.1546630859375 256.341796875 2913.92578125
314.4048156738281 337.2779235839844 2957.04833984375
351.8668518066406 38.74250793457031 2898.214111328125
347.3804016113281 94.29962158203125 2926.515625
378.3986511230469 94.53285217285156 2924.5966796875
383.4717712402344 152.04437255859375 3002.309326171875
390.2351379394531 198.05496215820312 3023.2021484375
316.4028015136719 94.06668090820312 2928.4345703125
307.8673095703125 150.92990112304688 2974.16845703125
300.8330078125 202.38490295410156 2845.80859375
346.9758605957031 131.30606079101562 2911.566162109375
366.8245544433594 168.87872314453125 2895.3759765625
370.52740478515625 258.5035095214844 2884.48046875
370.5047607421875 340.0655822753906 2946.222900390625
326.3271179199219 168.51046752929688 2897.857421875
322.0809326171875 256.5464782714844 2911.633056640625
315.03228759765625 336.8822021484375 2946.029296875
351.8345642089844 38.541595458984375 2896.601806640625
347.4084777832031 94.34608459472656 2926.39013671875
378.44317626953125 94.46768188476562 2922.640380859375
383.5305480957031 151.21144104003906 3005.587646484375
389.3399963378906 199.38363647460938 3011.190673828125
316.4532165527344 94.22480773925781 2930.139892578125
308.0654602050781 151.4183807373047 2973.052978515625
299.8804016113281 202.82177734375 2861.527099609375
347.00555419921875 131.45718383789062 2912.265869140625
366.70465087890625 169.07080078125 2895.734619140625
370.5252380371094 258.82183837890625 2885.739990234375
370.302734375 339.749755859375 2947.746337890625
326.526123046875 168.7894744873047 2900.548583984375
322.2342529296875 256.24652099609375 2909.829345703125
314.8287353515625 337.0287170410156 2947.09375
351.7872009277344 38.52705383300781 2895.90869140625
347.5286560058594 94.05836486816406 2925.86865234375
378.4933166503906 94.22402954101562 2922.2685546875
383.79144287109375 150.93397521972656 3003.60302734375
382.1828918457031 188.4210968017578 2927.67919921875
316.6401062011719 93.89309692382812 2929.46875
308.0915832519531 151.38694763183594 2974.72607421875
301.191650390625 202.5054931640625 2862.116455078125
347.0807800292969 131.31793212890625 2911.837890625
366.765380859375 169.10604858398438 2895.4873046875
370.5771179199219 258.88763427734375 2886.111328125
370.33917236328125 339.125244140625 2947.12451171875
326.52398681640625 168.77084350585938 2900.126953125
322.1313171386719 256.1557312011719 2907.080810546875
314.72857666015625 336.7625732421875 2947.893798828125
351.6611022949219 38.56730651855469 2894.435302734375
347.6783142089844 94.10667419433594 2926.22021484375
378.6313171386719 94.20669555664062 2922.695068359375
383.82244873046875 151.00648498535156 3001.068359375
388.9452209472656 194.34144592285156 2884.134033203125
316.7998046875 94.00691223144531 2929.745361328125
308.4197998046875 151.4468231201172 2978.107177734375
300.0970764160156 201.21469116210938 2867.42236328125
347.3138122558594 131.51913452148438 2911.528076171875
367.33050537109375 169.43670654296875 2894.53662109375
370.55877685546875 259.10125732421875 2886.248046875
370.3395690917969 339.332763671875 2947.536376953125
326.593017578125 169.18569946289062 2899.13525390625
322.0018310546875 256.4361877441406 2906.643310546875
314.690185546875 336.8869323730469 2948.574462890625
351.49273681640625 38.647857666015625 2893.8955078125
347.7986755371094 94.11080932617188 2925.51708984375
378.8253479003906 94.218994140625 2921.2099609375
383.8360595703125 150.71307373046875 3002.899169921875
390.36871337890625 204.61941528320312 3054.234375
316.8631896972656 94.00296020507812 2929.82421875
308.3485412597656 151.53225708007812 2979.746826171875
299.89013671875 201.8988037109375 2875.69775390625
347.3690490722656 131.64610290527344 2911.64404296875
367.2497253417969 169.6844482421875 2894.97607421875
370.5980529785156 259.5007629394531 2887.317626953125
370.19573974609375 339.7724304199219 2948.625732421875
326.6600341796875 169.3974151611328 2900.56591796875
322.0810546875 256.4691162109375 2905.656494140625
314.6424560546875 336.7699890136719 2947.4404296875
351.3992004394531 38.71502685546875 2893.604736328125
347.88397216796875 94.14559936523438 2924.89697265625
378.97503662109375 94.11477661132812 2918.470703125
383.82861328125 150.15757751464844 3000.4697265625
389.3446044921875 193.94454956054688 2882.59375
316.9292297363281 94.17630004882812 2931.3232421875
308.3968811035156 151.80215454101562 2983.3759765625
300.055908203125 201.55154418945312 2874.7099609375
347.4812316894531 131.9516143798828 2913.108154296875
367.218994140625 170.1531982421875 2897.185791015625
370.6029052734375 260.0111389160156 2890.224853515625
370.1114501953125 340.25054931640625 2951.646484375
326.98870849609375 169.9767608642578 2905.452880859375
322.0977478027344 256.16302490234375 2904.88671875
314.6216125488281 336.5255432128906 2944.4013671875
351.339111328125 38.704803466796875 2893.447998046875
347.9316101074219 94.19509887695312 2924.69580078125
379.0528564453125 94.22731018066406 2918.650146484375
384.0208740234375 149.65232849121094 3005.35595703125
391.3368225097656 199.89431762695312 3018.422119140625
316.9387512207031 94.16302490234375 2930.741455078125
308.25115966796875 152.0157012939453 2983.574462890625
299.9917907714844 201.68496704101562 2866.7451171875
347.4814147949219 131.8237762451172 2913.002197265625
367.3435363769531 169.87896728515625 2897.390380859375
370.6380920410156 260.0071105957031 2891.19873046875
370.0415344238281 340.3809814453125 2952.684814453125
326.7663879394531 169.6328887939453 2905.226806640625
322.11944580078125 256.244873046875 2905.159912109375
314.3802185058594 336.62591552734375 2943.914306640625
351.4003601074219 38.764556884765625 2892.9677734375
347.8785705566406 94.13455200195312 2924.720458984375
378.952880859375 94.21223449707031 2918.931640625
383.97314453125 149.7606201171875 3003.877197265625
390.3325500488281 197.0516357421875 3019.48095703125
316.9270324707031 94.05717468261719 2930.50927734375
308.1129150390625 151.88568115234375 2983.515380859375
300.01788330078125 201.5120391845703 2866.06640625
347.3856201171875 131.74685668945312 2912.31689453125
367.3241271972656 169.83056640625 2896.1357421875
370.5571594238281 260.0661926269531 2890.889892578125
369.9378356933594 340.3081359863281 2952.7041015625
326.5058898925781 169.53170776367188 2903.69091796875
322.2340393066406 256.3381652832031 2907.1474609375
314.01812744140625 336.4338684082031 2940.61474609375
351.36041259765625 38.77754211425781 2892.4267578125
347.7708435058594 94.18247985839844 2924.553466796875
378.860107421875 94.31301879882812 2918.6171875
384.0064697265625 149.8761749267578 3002.58837890625
391.33135986328125 199.2951202392578 3020.69921875
316.80755615234375 94.05250549316406 2930.48974609375
307.9195556640625 151.7862548828125 2983.204345703125
299.29150390625 201.53933715820312 2861.810546875
347.2004699707031 131.750732421875 2911.806884765625
367.0677185058594 169.83612060546875 2895.18798828125
370.5151672363281 260.1830139160156 2890.33056640625
369.8777160644531 339.73443603515625 2952.3759765625
326.2369689941406 169.46307373046875 2902.9326171875
322.2297058105469 256.2656555175781 2907.177001953125
314.00701904296875 336.3991394042969 2942.01025390625
351.34112548828125 38.89837646484375 2892.87548828125
347.70721435546875 94.16146850585938 2923.785888671875
378.7649230957031 94.36309814453125 2918.121826171875
384.0588684082031 149.72845458984375 3001.595703125
388.547607421875 198.79969787597656 3009.244140625
316.7696533203125 93.96063232421875 2929.449951171875
307.7696228027344 151.70974731445312 2984.2021484375
299.9622802734375 201.4677734375 2869.440185546875
347.0698547363281 131.7238006591797 2911.31005859375
366.888427734375 169.83876037597656 2895.131591796875
370.43328857421875 260.0999450683594 2889.739501953125
369.90863037109375 339.5703430175781 2952.197021484375
326.0177001953125 169.38070678710938 2902.536865234375
322.03521728515625 256.2051696777344 2906.71728515625
314.039794921875 336.4036560058594 2942.930419921875
351.3597717285156 39.258880615234375 2893.981689453125
347.6967468261719 94.151611328125 2923.623779296875
378.7149353027344 94.34632873535156 2917.03515625
384.12384033203125 149.81800842285156 2998.832275390625
389.8450622558594 200.05819702148438 2994.053466796875
316.81805419921875 93.95777893066406 2930.21240234375
307.4534606933594 152.55995178222656 2987.357177734375
300.2288818359375 200.64694213867188 2871.413330078125
347.0047912597656 131.90060424804688 2912.235595703125
366.7563781738281 170.1872100830078 2896.533935546875
370.3962097167969 260.26788330078125 2890.236572265625
369.90045166015625 338.58056640625 2945.399658203125
325.9190979003906 169.70542907714844 2905.160888671875
321.9788513183594 256.62872314453125 2905.812744140625
313.25579833984375 336.3624572753906 2942.8701171875
351.2937316894531 39.56889343261719 2894.50341796875
347.6413879394531 94.10325622558594 2923.307373046875
378.6139831542969 94.29400634765625 2916.37744140625
384.408203125 150.04830932617188 2998.426513671875
390.8642883300781 199.654052734375 3007.32421875
316.8152770996094 93.91343688964844 2930.2373046875
307.64453125 152.32513427734375 2989.00634765625
300.2165832519531 200.58314514160156 2861.51025390625
346.9288330078125 131.89471435546875 2912.0595703125
366.55645751953125 170.22296142578125 2896.29052734375
370.42498779296875 260.1791687011719 2889.2080078125
369.8056640625 338.5845947265625 2944.999267578125
325.9283752441406 169.73622131347656 2905.3330078125
321.8551025390625 256.9232177734375 2903.07763671875
313.3932800292969 336.61376953125 2943.38916015625
351.2073974609375 39.87261962890625 2895.72265625
347.6434020996094 94.12559509277344 2923.134765625
378.60986328125 94.22285461425781 2914.73876953125
384.45751953125 150.2537841796875 2998.39697265625
390.88348388671875 199.7210693359375 3014.17578125
316.85430908203125 94.02890014648438 2931.53076171875
307.27813720703125 152.6082305908203 2989.0712890625
299.3206787109375 200.55673217773438 2867.14208984375
346.9464416503906 131.99696350097656 2912.511474609375
366.39642333984375 170.35145568847656 2896.4580078125
370.44146728515625 260.17449951171875 2889.153076171875
369.7340393066406 338.4630126953125 2944.6376953125
326.1676940917969 169.9405517578125 2907.318359375
321.77081298828125 256.8979797363281 2901.71337890625
313.5371398925781 336.8431396484375 2943.005615234375
351.1155700683594 40.21205139160156 2896.191162109375
347.6408996582031 94.25233459472656 2923.103271484375
378.6423034667969 94.35856628417969 2914.90673828125
384.4054870605469 150.29061889648438 2999.095703125
390.9588928222656 197.78973388671875 3008.28564453125
316.8128967285156 94.14665222167969 2931.2998046875
307.25103759765625 152.74118041992188 2985.18212890625
299.3480224609375 201.26385498046875 2874.875732421875
346.94903564453125 132.03756713867188 2912.427978515625
366.3495178222656 170.3080291748047 2896.471923828125
370.3819580078125 259.62982177734375 2886.434814453125
369.4792785644531 336.1949768066406 2934.39404296875
326.2276611328125 169.89443969726562 2907.033447265625
321.87335205078125 257.0174865722656 2901.041259765625
313.54669189453125 336.8720703125 2944.3076171875
351.22576904296875 40.23863220214844 2895.742431640625
347.7149353027344 94.40754699707031 2923.139892578125
378.7300109863281 94.53279113769531 2914.3076171875
384.4477844238281 150.565185546875 2998.54443359375
389.3007507324219 195.25086975097656 2986.813232421875
316.8866882324219 94.28306579589844 2931.97216796875
307.139892578125 153.2757568359375 2970.5634765625
300.4338073730469 202.3217010498047 2883.17333984375
346.9617919921875 132.21328735351562 2913.087646484375
366.3658447265625 170.5117950439453 2897.326416015625
370.33001708984375 259.7561950683594 2886.746337890625
369.583740234375 337.29296875 2939.954345703125
326.1202392578125 170.05081176757812 2908.744384765625
322.1612548828125 256.874267578125 2900.83056640625
313.5390930175781 336.9045104980469 2944.57861328125
351.1446228027344 40.356964111328125 2896.244873046875
347.704345703125 94.38278198242188 2922.3271484375
378.73516845703125 94.52088928222656 2912.943115234375
384.6088562011719 150.66932678222656 2997.6328125
391.0921630859375 198.73902893066406 3008.3876953125
316.8721618652344 94.24555969238281 2931.711181640625
306.9186096191406 153.2061767578125 2962.85205078125
300.08575439453125 202.04531860351562 2873.01318359375
346.8985595703125 132.62503051757812 2913.168212890625
366.4942626953125 171.36190795898438 2897.868896484375
370.455810546875 260.6383361816406 2888.038818359375
369.0587463378906 338.1444091796875 2956.1875
325.7672119140625 170.85617065429688 2910.149658203125
322.24151611328125 256.41754150390625 2900.128173828125
313.33203125 336.3516845703125 2942.417236328125
350.9963073730469 40.331146240234375 2897.66357421875
347.74615478515625 94.26972961425781 2922.055419921875
378.76776123046875 94.41670227050781 2913.243896484375
384.9028015136719 151.12176513671875 2995.25927734375
390.2896423339844 200.33682250976562 3018.314453125
316.91107177734375 94.1236572265625 2930.866943359375
307.32763671875 152.5146484375 2971.8984375
300.2680358886719 200.0846405029297 2868.17236328125
346.9719543457031 132.498779296875 2913.2265625
366.6455078125 171.21011352539062 2898.61669921875
370.6427917480469 260.7188720703125 2888.6796875
369.0713806152344 338.11297607421875 2964.713623046875
325.8218688964844 170.7113800048828 2910.1787109375
322.4875793457031 256.5995178222656 2901.607177734375
313.2099609375 336.41741943359375 2940.943359375
350.8870849609375 40.23834228515625 2898.547119140625
347.7727966308594 94.06269836425781 2921.560791015625
378.82403564453125 94.2777099609375 2913.538330078125
385.1663818359375 150.93109130859375 2992.237060546875
390.3265075683594 203.89645385742188 3041.65869140625
316.8916015625 93.84886169433594 2929.583251953125
307.90399169921875 151.71604919433594 2966.269775390625
299.4156188964844 200.9165496826172 2872.009765625
346.96868896484375 132.23355102539062 2912.6796875
366.54144287109375 170.91744995117188 2898.55908203125
370.6680603027344 260.51947021484375 2887.732421875
369.2032470703125 337.6610107421875 2957.5576171875
325.851318359375 170.3592987060547 2909.0380859375
322.536376953125 256.5980529785156 2902.501953125
313.24578857421875 336.5372314453125 2941.602294921875
350.7572937011719 40.114837646484375 2899.510498046875
347.95074462890625 92.79841613769531 2920.01611328125
378.9200744628906 93.11140441894531 2913.071533203125
384.9918518066406 149.96994018554688 2991.839599609375
390.30169677734375 196.7365264892578 3007.083740234375
317.12835693359375 92.48692321777344 2926.960693359375
308.3371276855469 150.01611328125 2970.29833984375
299.2952575683594 201.7899169921875 2884.769287109375
347.0871276855469 131.46981811523438 2911.6953125
366.63214111328125 170.6910858154297 2898.818603515625
370.6643981933594 260.31658935546875 2887.5517578125
369.175048828125 337.26898193359375 2956.312744140625
325.8690185546875 170.03565979003906 2907.930419921875
322.52191162109375 256.6777648925781 2901.523681640625
313.2633972167969 336.8082275390625 2941.774658203125
350.7264404296875 40.00495910644531 2899.94140625
347.8868713378906 92.95303344726562 2920.890869140625
378.8048095703125 93.26591491699219 2913.913818359375
384.7657470703125 149.52456665039062 2990.14306640625
390.25616455078125 196.0798797607422 3003.325927734375
317.11627197265625 92.64163208007812 2927.867919921875
308.1605529785156 148.25494384765625 2971.364501953125
300.27825927734375 199.14781188964844 2876.6044921875
347.0189514160156 131.4121551513672 2911.875244140625
366.817626953125 170.44293212890625 2898.21923828125
370.60467529296875 260.1589050292969 2886.204345703125
369.25518798828125 337.1275329589844 2961.917236328125
325.5396728515625 169.77847290039062 2907.5
322.41510009765625 256.75848388671875 2901.32373046875
313.3261413574219 336.98858642578125 2945.788330078125
