-372.537201 52.405731 3058.196777
-372.607880 90.952286 3044.285889
-344.214050 90.416107 3036.368164
-330.702545 144.410690 3072.600098
-327.393677 200.123413 3014.233887
-400.854370 91.485641 3052.203613
-412.448547 148.069061 3097.523926
-419.714203 197.382416 2998.624023
-372.766449 130.347229 3023.526855
-354.119751 170.068771 2997.590088
-354.232849 250.402832 3063.110596
-352.647400 325.971069 3062.461914
-391.669891 170.504242 3007.945557
-390.586121 250.249939 3081.922119
-392.512970 325.473175 3043.238037
-372.347900 50.457336 3056.622803
-373.479095 93.013596 3049.937988
-345.184113 91.850952 3039.717773
-331.110107 144.297241 3072.029785
-327.604492 200.042313 3014.425537
-401.585083 94.168457 3060.158203
-412.284302 149.404785 3099.285400
-417.376984 198.616562 2987.487305
-373.117889 131.935272 3022.030762
-353.915680 170.984512 2987.438232
-354.037048 251.682312 3049.808350
-353.176453 327.076996 3057.121582
-391.500275 172.177841 3000.808838
-390.921997 251.915649 3078.403076
-392.328003 327.920715 3043.084473
-372.482483 51.964096 3055.349854
-373.287781 92.640732 3048.612549
-344.974152 91.852386 3038.174561
-331.207672 145.258881 3073.611084
-327.230286 200.872086 3014.044922
-401.408203 93.423676 3059.050537
-411.566833 147.397125 3101.301514
-415.756378 196.791901 2986.803955
-373.330780 131.918091 3027.057861
-354.616028 171.416595 2998.677734
-354.956177 251.518188 3068.726074
-353.971344 324.866699 3080.867676
-392.047729 172.099457 3012.328613
-391.451965 250.947968 3102.627197
-392.901886 325.258698 3062.187744
-373.047211 52.279648 3056.212891
-373.227997 91.959793 3048.027588
-344.880951 91.273727 3039.818848
-331.041809 145.679565 3075.709717
-327.106323 201.108505 3012.862793
-401.422791 92.642197 3056.236328
-411.335388 145.854462 3102.815918
-415.280640 195.547592 2989.655273
-373.177948 131.349106 3028.326172
-354.364075 170.941864 3003.256836
-354.147736 251.188690 3066.273438
-352.755920 325.160919 3070.377197
-391.823486 171.565521 3013.992676
-390.604889 250.368195 3105.171875
-392.219208 325.204285 3050.018311
-373.049988 52.149811 3055.637207
-373.092896 91.544128 3047.646240
-344.728027 90.916321 3040.559082
-331.053009 145.006210 3078.466309
-326.676819 200.186508 3012.563965
-401.326111 92.169037 3054.733398
-413.838562 144.699188 3123.247070
-414.721039 192.317749 2993.874023
-372.997925 131.018158 3029.454102
-354.144562 170.676376 3006.627686
-354.058807 250.910919 3067.892578
-352.453796 325.524811 3065.772705
-391.601379 171.260956 3015.896240
-390.615356 250.501404 3095.931885
-392.642914 325.009552 3048.578369
-373.582611 52.014771 3042.861816
-373.187225 91.690933 3041.977051
-344.753265 91.109680 3037.198730
-330.897217 144.953979 3081.979980
-326.062439 200.119629 3017.773682
-401.532013 92.270370 3046.755371
-412.634766 143.588898 3114.468018
-414.781281 192.188766 2992.094727
-372.852081 131.526230 3030.462891
-353.786591 171.365433 3015.823730
-353.739319 251.447113 3074.195801
-352.540100 325.955048 3066.409912
-391.203461 171.964722 3022.073730
-390.464905 251.054260 3101.949219
-392.652924 325.634216 3053.518799
-373.007843 52.854706 3048.979492
-372.943451 92.046265 3044.524658
-344.535095 91.607605 3038.940918
-330.895813 145.431900 3082.427002
-325.242188 200.812653 3024.611816
-401.247803 92.483337 3050.108398
-412.015564 143.920044 3105.877441
-415.075134 193.057343 2986.408936
-372.914703 131.750153 3030.462158
-354.147583 171.631577 3012.748291
-354.377594 252.101044 3060.114990
-353.331573 327.067810 3055.031494
-391.578522 172.016434 3020.051025
-391.399170 251.432892 3092.941406
-393.074921 326.133270 3043.640381
-372.962402 53.439514 3053.541748
-373.006256 92.186646 3046.576416
-344.619141 91.775345 3040.495605
-330.320923 146.320526 3080.485352
-323.981140 201.614151 3020.935059
-401.280304 92.596329 3052.657227
-415.393250 143.799911 3120.032227
-414.505493 190.992493 2987.327148
-373.086426 131.794220 3030.803955
-354.423401 171.649750 3011.055176
-354.283661 252.080841 3061.732178
-353.661987 326.592499 3061.352783
-391.862030 171.982178 3019.007812
-391.004456 251.480194 3090.854004
-393.108185 325.178101 3048.775635
-373.018280 51.885254 3054.693115
-373.038422 90.935913 3049.714844
-344.674866 90.693207 3044.508301
-326.423920 146.918045 3096.527344
-317.158661 202.454590 3048.604492
-401.305298 91.177795 3054.921387
-413.206360 143.443787 3107.985840
-417.264069 192.538025 2989.643066
-373.279236 130.525391 3034.435791
-354.798340 170.445160 3015.751953
-354.059448 250.471252 3076.184326
-353.620789 326.649750 3066.206299
-392.204498 170.585770 3022.561523
-391.106781 249.957458 3096.405029
-393.136200 324.037231 3051.612793
-372.248688 52.388474 3054.829102
-372.151062 91.375443 3049.128418
-343.779602 91.109360 3043.826904
-323.899994 149.168518 3108.198242
-310.480835 204.678375 3062.434326
-400.424042 91.640610 3054.429932
-412.197174 146.266327 3104.448486
-416.139099 195.842102 2982.390869
-372.353210 130.998444 3034.337891
-353.834656 170.925552 3016.080566
-352.928131 251.197845 3067.787598
-352.561523 328.623474 3063.952637
-391.237152 171.093491 3023.014160
-389.814545 250.762451 3087.729492
-391.828705 326.297913 3050.433594
-371.934784 52.265503 3054.445557
-371.827698 91.360352 3049.012207
-343.450958 91.042557 3044.210205
-321.404968 151.398651 3107.109375
-306.731873 207.088669 3072.756348
-400.115173 91.677139 3053.814209
-411.805450 145.632568 3109.991699
-414.366882 195.407639 2987.843994
-371.910034 130.995682 3034.449219
-353.267792 170.886475 3016.746094
-353.566986 250.966003 3074.052246
-352.728119 327.126984 3065.025635
-390.679657 171.139816 3023.026367
-390.094849 250.835205 3087.155518
-392.228668 325.515411 3051.564209
-371.559082 52.623657 3055.309082
-371.455200 91.553497 3048.808105
-343.075043 91.212326 3044.098877
-320.263184 152.381714 3108.612061
-304.979492 208.285339 3082.581055
-399.747803 91.893585 3053.517334
-411.513580 145.330353 3108.315430
-412.967621 195.935547 2993.618896
-371.502960 131.167847 3033.696045
-352.816437 171.034943 3015.504395
-353.582520 251.299133 3067.959473
-352.623657 328.581665 3066.956543
-390.247803 171.322433 3021.663574
-390.477966 250.926758 3088.987793
-392.218353 325.936157 3053.408691
-372.188385 52.293777 3056.224609
-371.710297 91.308655 3049.627930
-343.337952 90.872467 3048.923096
-318.558807 152.236572 3105.840088
-304.107483 208.839539 3090.514404
-400.069519 91.744598 3050.332764
-411.320984 145.583252 3110.765869
-411.965240 196.301880 2996.887939
-371.295349 130.888489 3034.159668
-352.125946 170.597855 3018.230469
-353.616028 250.716583 3073.160645
-352.018616 326.519653 3067.281494
-389.620667 171.149948 3019.152344
-389.900513 250.811005 3086.980469
-392.032166 325.707397 3049.320068
-372.170227 52.217239 3058.657959
-371.700226 91.011841 3050.917236
-343.336273 90.497986 3049.431885
-319.083191 150.310898 3103.913330
-303.899353 205.944855 3081.750732
-400.036591 91.525192 3052.402588
-411.263824 145.663300 3112.254639
-411.709900 196.206039 2996.162354
-371.245850 130.551453 3034.958496
-352.048309 170.195175 3018.028564
-353.858185 250.528046 3065.708740
-353.531403 327.172455 3068.545166
-389.513000 170.822754 3019.970947
-390.719818 250.346893 3090.420410
-392.472260 325.525848 3050.700439
-372.316833 52.520309 3056.864014
-371.960724 91.391296 3050.215820
-343.587250 90.871262 3049.656738
-319.802795 148.782562 3102.467285
-304.090393 203.692276 3077.791992
-400.323761 91.911133 3050.774902
-411.167175 145.697464 3109.355957
-411.654785 196.397766 2994.127441
-371.417236 130.957230 3034.601318
-352.124054 170.598526 3018.621338
-354.013733 250.797119 3070.334961
-353.429871 326.817596 3063.947266
-389.607666 171.266281 3019.352295
-390.726227 250.657745 3093.479492
-392.751953 325.851746 3051.823242
-372.294128 51.986954 3057.970215
-371.820404 90.881973 3051.172607
-343.459747 90.287415 3048.730713
-320.090790 147.912247 3104.726074
-304.227783 202.366211 3076.012939
-400.135681 91.475571 3053.614502
-411.124359 145.891235 3112.968994
-411.586700 196.317688 2995.187744
-371.325867 130.443634 3035.764893
-352.094940 170.058334 3018.760254
-354.132050 250.272003 3070.238281
-353.000916 326.425812 3062.329590
-389.537842 170.759171 3021.954102
-390.922852 250.223816 3092.625977
-392.790558 325.087952 3052.316895
-372.684601 52.177597 3057.024170
-372.210663 91.163818 3050.459717
-343.845642 90.612152 3046.902832
-320.307129 147.688843 3103.352539
-303.612396 201.994949 3074.496094
-400.509644 91.714188 3054.016602
-411.120300 145.548859 3111.270996
-411.963562 196.062317 2994.044434
-371.870483 130.743408 3035.162598
-352.797211 170.421051 3017.539551
-354.870422 250.781586 3064.738525
-353.928558 327.502747 3061.868652
-390.227692 171.026459 3022.191406
-392.199219 250.631165 3088.141846
-393.447327 326.299500 3049.599854
-372.641144 52.866196 3059.063721
-372.040070 91.605820 3051.249512
-343.679382 90.996933 3048.513428
-319.880310 148.363861 3104.695801
-301.503418 202.667694 3074.143555
-400.349945 92.213608 3053.985596
-411.147003 145.802139 3108.872314
-411.757507 196.175140 2989.633789
-371.565613 131.114319 3034.648438
-352.341156 170.702133 3016.258057
-353.791595 251.194366 3060.206787
-352.608765 327.436340 3063.753662
-389.808563 171.412308 3019.836670
-391.229645 250.959625 3089.284912
-392.190643 325.367554 3047.832764
-372.852448 52.180054 3056.560059
-372.100433 91.142822 3050.507080
-343.739990 90.387680 3046.546875
-319.668976 148.712769 3105.834473
-300.664429 202.982559 3079.260254
-400.387329 91.895981 3054.467285
-411.156311 146.226868 3110.158447
-412.518585 196.103027 2985.588379
-371.495453 130.743988 3035.826172
-352.165222 170.299896 3018.555420
-353.962189 250.673920 3064.683594
-353.171021 326.276550 3066.305176
-389.571960 171.159393 3023.735107
-390.953705 250.546814 3095.036377
-392.191559 324.954498 3054.474854
-372.630524 52.793930 3055.309570
-372.005463 91.720825 3049.433350
-343.639557 90.880508 3044.721436
-319.914825 148.362823 3103.894531
-301.832153 202.731216 3076.472168
-400.283844 92.558502 3054.145264
-411.095306 146.161896 3108.659912
-412.903320 196.014618 2983.432617
-371.335938 131.351028 3035.026123
-351.942078 170.886139 3017.537598
-353.694794 251.255676 3064.618408
-353.278778 326.786926 3059.994629
-389.339874 171.831436 3023.700195
-390.689819 251.239868 3094.174805
-392.308807 326.352142 3050.265625
-372.678436 53.706253 3055.198486
-371.833984 92.373138 3049.020020
-343.466827 91.393051 3044.354736
-319.761749 150.473740 3102.453857
-302.419403 205.450409 3067.126709
-400.114441 93.350235 3053.685303
-411.204681 146.306824 3108.760498
-412.609436 196.080597 2982.742432
-370.963715 131.996445 3034.367188
-351.362488 171.438004 3016.663574
-353.488892 251.717590 3066.986328
-352.629059 327.642578 3058.628662
-388.769775 172.569397 3022.765137
-390.111389 251.951691 3094.149658
-392.229950 326.542358 3048.232422
-373.135010 53.735611 3057.132324
-372.010254 92.389160 3050.148193
-343.657532 91.263687 3045.611816
-319.328247 151.935120 3103.226562
-302.854248 207.402679 3070.815674
-400.278748 93.511276 3054.684570
-411.169678 146.973587 3112.752686
-412.066345 196.398346 2983.809570
-370.920959 131.999405 3035.666504
-351.109589 171.324921 3018.218262
-353.744110 251.646301 3065.119141
-352.799957 327.155334 3059.300293
-388.496155 172.652512 3024.151367
-390.819244 251.943390 3095.854980
-392.568481 325.568604 3048.963135
-373.455261 53.228775 3057.109863
-372.240875 91.962204 3049.763428
-343.884613 90.766479 3045.901367
-319.282410 152.538513 3102.135254
-303.046234 208.422989 3068.674072
-400.525421 93.154907 3053.625488
-411.255249 147.008820 3112.662354
-412.214325 196.234390 2981.677002
-371.002716 131.557434 3034.985840
-351.033356 170.817474 3017.682617
-354.284363 251.150635 3064.121826
-352.523132 326.519623 3057.343018
-388.440247 172.261581 3022.733887
-390.857758 251.486359 3097.176270
-392.999451 325.040955 3045.372803
-372.851013 53.834564 3056.600586
-372.266052 92.391327 3049.110840
-343.898071 91.647705 3044.568115
-320.611511 152.849365 3098.078857
-303.796570 208.540863 3070.441162
-400.549622 93.132736 3053.653564
-411.181183 147.048553 3112.428711
-412.357788 196.250320 2981.049072
-371.736267 131.977661 3033.634766
-352.465393 171.557312 3015.187500
-355.581818 251.829895 3065.741211
-354.255646 328.516022 3055.445068
-389.899780 172.381866 3021.129883
-392.379700 251.483856 3099.339600
-394.441559 325.784332 3049.273926
-372.856995 53.065323 3056.823242
-372.525848 91.941132 3050.239990
-344.163116 91.352448 3045.915771
-321.729919 153.073181 3095.027344
-304.154785 208.486282 3066.300781
-400.808319 92.528152 3054.564209
-411.227051 146.570374 3113.667969
-412.330719 196.053665 2985.513428
-372.187561 131.552948 3035.580566
-353.127838 171.235275 3018.093506
-354.656250 251.353363 3072.531738
-353.150238 326.873871 3060.870605
-390.529144 171.862518 3023.748779
-391.413086 251.049377 3099.641846
-393.920654 324.770325 3052.548584
-373.032318 53.094986 3057.472168
-372.652405 91.890137 3051.039062
-344.297333 91.355133 3046.348633
-322.329681 152.872559 3099.523193
-304.321991 208.417282 3078.958008
-400.920410 92.423462 3055.729492
-411.201996 146.082565 3112.558838
-412.337585 195.472290 2983.462646
-372.430725 131.466354 3035.765381
-353.486603 171.170532 3017.424561
-354.333099 251.530609 3064.559326
-353.054810 326.542542 3058.829590
-390.889038 171.714600 3023.558838
-390.946198 251.013275 3097.420166
-393.586700 325.223846 3051.287598
-372.779419 52.845718 3056.772949
-372.509491 91.678986 3050.256348
-344.155518 91.111740 3044.322021
-323.117920 153.235168 3105.748779
-304.458435 208.333313 3082.957275
-400.753357 92.244034 3056.190674
-411.131592 146.082764 3116.247559
-412.759766 195.661804 2989.547363
-372.341675 131.275696 3035.196777
-353.457001 170.995300 3016.256348
-353.987366 251.412415 3063.104492
-352.768585 325.112152 3060.051270
-390.839355 171.538635 3024.018066
-390.673096 250.868835 3097.156494
-393.283356 325.402191 3050.184082
-372.125946 53.048218 3057.915527
-371.887634 91.752258 3050.656250
-343.535706 91.147491 3044.724609
-323.314178 153.054398 3102.368896
-304.515198 208.269348 3080.137695
-400.129517 92.354675 3056.587891
-411.193176 145.920197 3117.959961
-412.554535 195.670105 2993.425293
-371.662750 131.344879 3035.609863
-352.722504 171.035095 3016.684570
-353.417236 251.443451 3063.607178
-352.782074 324.662842 3059.531006
-390.100739 171.627991 3024.442383
-389.864685 250.999817 3096.299561
-392.429077 325.162903 3051.295898
-372.311768 52.298523 3058.376221
-371.989227 91.188339 3051.393799
-343.643890 90.584442 3045.467285
-323.380981 150.849213 3100.068115
-305.347595 205.858582 3076.452393
-400.224701 91.789902 3057.320312
-413.393433 146.061920 3139.945068
-411.846710 192.963196 2996.384277
-371.761444 130.783813 3036.677734
-352.826477 170.468643 3018.086182
-353.991821 250.883942 3063.553955
-353.541229 325.109497 3065.461182
-390.188446 171.060501 3025.837158
-390.833588 250.399994 3097.499023
-393.079071 324.489380 3050.336426
-372.382874 52.222916 3056.688477
-372.131012 91.351074 3051.164062
-343.784332 90.777435 3045.089355
-323.418304 149.130630 3099.986816
-305.972260 204.211136 3078.379883
-400.365051 91.922455 3057.238770
-412.440369 145.323914 3130.242920
-412.147186 193.614685 2996.402832
-371.947205 130.980728 3037.116211
-353.064392 170.705093 3019.095703
-354.346954 251.278015 3056.672852
-353.855988 325.576630 3066.659180
-390.409912 171.251556 3027.041016
-390.750854 250.738037 3093.934082
-393.240265 325.608276 3049.791748
-372.700439 51.833466 3055.345703
-372.335999 91.084167 3050.592773
-343.986450 90.511063 3044.237305
-323.455688 148.348434 3102.916748
-306.283325 203.330872 3073.910400
-400.567688 91.654907 3056.948242
-411.734802 145.876068 3118.779785
-412.323059 195.155762 2991.226318
-372.172974 130.732544 3036.818359
-353.313141 170.473969 3018.887939
-354.612152 250.948303 3060.940918
-353.490631 324.403748 3067.649414
-390.652405 171.009766 3027.199951
-391.282501 250.513885 3093.598877
-393.247528 325.721466 3050.496826
-372.229584 51.439743 3057.249023
-372.088684 90.445374 3051.894287
-343.750061 89.916962 3045.562012
-323.457977 150.013916 3101.997314
-305.660217 205.114105 3064.691895
-400.309937 90.971603 3058.226562
-411.408966 145.670959 3117.338379
-411.911469 195.320328 2992.760254
-371.998352 130.046936 3037.511230
-353.211792 169.785889 3018.987305
-354.309540 250.243256 3062.324463
-352.790039 324.933929 3063.540771
-390.551453 170.264099 3027.269043
-390.827881 249.816772 3092.942139
-393.017548 324.956177 3049.801270
-372.100708 52.008469 3056.161377
-372.092468 90.993896 3051.488281
-343.762665 90.418823 3043.846680
-323.481415 151.285858 3104.485840
-305.152649 206.536377 3065.463867
-400.280762 91.566071 3059.129883
-411.418915 144.529495 3120.255371
-412.043854 194.001465 2994.439941
-372.036255 130.617889 3037.423340
-353.295929 170.363129 3018.361084
-354.077972 250.732422 3065.434326
-353.442108 325.629608 3062.558350
-390.601440 170.857178 3028.355713
-390.502197 250.078674 3101.655518
-392.968414 325.867157 3048.914062
-371.942261 52.829178 3056.606201
-371.788269 91.543625 3051.265625
-343.450806 90.978973 3044.108643
-323.495392 152.104889 3105.763916
-304.908234 207.329102 3068.676514
-399.993164 92.105621 3058.422607
-411.263123 145.300156 3118.622559
-412.198151 194.681488 2991.008789
-371.700623 131.180893 3037.377930
-352.925537 170.933411 3018.810059
-353.810669 251.338684 3063.874023
-352.951202 325.894165 3061.535645
-390.240997 171.430405 3028.170410
-390.342468 250.683716 3100.541260
-392.654175 326.120544 3046.237549
-372.548859 52.697067 3055.856689
-371.754974 91.670532 3051.245117
-343.415100 90.765976 3045.701172
-323.296143 152.520599 3102.902832
-304.766632 207.710144 3067.002441
-399.992035 92.571793 3056.789062
-411.125671 145.944336 3114.240723
-412.782654 195.998856 2992.415039
-371.046204 131.313110 3037.748779
-351.639862 170.808624 3020.626465
-352.864197 251.219482 3063.594238
-352.024841 325.114685 3061.893066
-388.977600 171.809296 3027.878418
-389.526520 251.293488 3093.694824
-391.885437 326.209564 3045.909668
-373.054169 52.259888 3055.471436
-371.885468 91.431625 3051.428955
-343.541931 90.421906 3047.676025
-323.174286 152.734970 3097.965576
-304.690796 207.992538 3062.573730
-400.159363 92.438843 3055.181885
-410.929504 147.077560 3114.196045
-412.649597 197.007980 2990.408447
-370.871216 131.101288 3038.774902
-351.164307 170.501831 3023.666748
-353.362213 250.857483 3064.793213
-353.074646 325.015991 3066.566650
-388.502411 171.702606 3028.574951
-390.483093 251.146790 3093.786377
-392.499725 325.813385 3049.779053
-372.511810 52.735672 3055.787598
-371.631714 91.750259 3051.397461
-343.280518 90.842239 3048.305908
-323.134918 152.849976 3099.509277
-304.626129 208.123779 3059.445068
-399.925537 92.656464 3054.489014
-411.098511 146.141586 3117.528809
-412.467468 196.155838 2995.634521
-370.716888 131.394928 3038.034180
-351.096497 170.844345 3022.649414
-353.830383 251.304749 3059.637207
-353.247772 325.390411 3060.745361
-388.466431 171.934692 3026.692383
-391.052246 251.407135 3091.846924
-392.671417 326.270050 3048.147217
-372.618713 52.770004 3056.437500
-371.651276 91.777954 3050.949951
-343.302063 90.796600 3046.555176
-323.092041 152.715240 3096.249512
-304.624054 208.196579 3065.683105
-399.918945 92.756470 3055.344727
-411.044464 146.415665 3116.899902
-412.039307 196.595490 2996.620605
-370.747772 131.399902 3036.914062
-351.132416 170.818222 3020.004395
-353.636017 251.256805 3061.100586
-353.431641 325.760834 3056.732422
-388.503784 171.960373 3025.751953
-390.910217 251.461243 3091.155273
-392.800354 325.824646 3049.552734
-372.644012 51.964523 3054.749268
-371.802277 91.241440 3051.109131
-343.460114 90.253189 3045.602539
-323.068665 152.739105 3094.605957
-304.642090 208.181747 3063.291260
-400.042358 92.226135 3056.615723
-411.058716 146.427185 3118.005615
-411.454651 196.999786 3002.556152
-370.964264 130.908203 3038.146729
-351.435608 170.358459 3021.583496
-353.755188 250.585754 3069.313721
-353.722809 325.024261 3061.255127
-388.758057 171.470001 3028.785156
-390.986816 250.733032 3098.908447
-392.927582 324.891479 3054.781250
-371.847931 52.864899 3055.416992
-371.323425 91.732773 3051.253662
-342.977600 90.908508 3045.713379
-323.037750 152.600922 3091.307617
-304.638733 208.202728 3062.510254
-399.566498 92.554062 3056.793945
-411.034790 146.235016 3115.917480
-411.220825 196.999146 3002.350830
-370.721802 131.393402 3038.034668
-351.426575 170.952820 3021.192627
-353.730621 251.372681 3061.557129
-353.522034 325.602936 3060.948486
-388.758514 171.847458 3028.438721
-391.204041 251.344330 3091.820801
-392.750305 326.498169 3051.042725
-372.024506 52.761017 3055.252686
-371.474213 91.709030 3051.200928
-343.131561 90.911972 3044.990967
-322.970642 153.139221 3095.640869
-304.639679 208.275421 3051.042969
-399.701752 92.502869 3057.410889
-411.098694 146.088135 3120.608398
-411.384888 196.387894 3002.784912
-370.969086 131.364349 3037.798828
-351.772400 170.952744 3020.335938
-354.419678 251.398926 3060.449463
-353.173615 325.242188 3063.807861
-389.096497 171.788361 3028.457520
-391.507233 251.039581 3098.478027
-392.944153 325.506439 3050.708740
-372.000641 51.902328 3054.159668
-371.621735 91.262772 3052.462891
-343.277069 90.688446 3048.941162
-322.912354 153.482513 3093.317139
-304.530121 208.481674 3043.741699
-399.901062 91.835770 3055.984619
-414.575409 145.877289 3139.391846
-410.888489 193.317352 3003.503174
-371.199158 130.955841 3040.333008
-352.092743 170.649094 3025.899902
-354.317230 250.931824 3067.539551
-353.359192 324.209930 3070.377441
-389.425293 171.284241 3030.506348
-391.434692 250.622040 3097.700928
-393.027710 325.302612 3047.899658
-371.953186 51.755676 3055.115479
-371.721497 91.129547 3053.172363
-343.375793 90.735870 3051.447266
-323.278900 151.181549 3096.664551
-305.440277 206.125702 3058.534668
-400.035187 91.522797 3054.897461
-413.136444 144.162766 3134.797119
-411.576904 192.872772 3007.760254
-371.415527 130.806671 3040.857666
-352.423248 170.576660 3027.414795
-354.308990 250.921509 3065.301270
-353.379211 325.287506 3065.930664
-389.776917 171.036102 3029.671143
-391.445404 250.497131 3094.642822
-392.940491 326.028076 3046.595215
-372.491516 52.234421 3057.110840
-372.001282 91.371521 3053.678711
-343.658112 90.930664 3052.664795
-323.301880 149.660873 3101.856689
-306.003723 204.394760 3054.354492
-400.325592 91.812103 3054.692627
-412.109802 144.643860 3124.210938
-411.981934 194.484589 3004.847412
-371.583679 130.996994 3040.343994
-352.467285 170.698227 3026.346436
-354.321381 251.014160 3066.640625
-352.741180 325.343323 3061.147705
-389.849304 171.244797 3027.672119
-391.091400 250.746460 3093.263916
-393.082672 325.877625 3045.713135
-372.245026 52.566849 3058.611328
-371.730103 91.516891 3053.544678
-343.386017 90.974472 3052.838623
-323.310883 149.073181 3103.948975
-306.428619 203.558212 3046.411133
-400.061096 92.059036 3054.250732
-411.611511 145.381531 3120.072510
-411.726685 195.635864 3002.993164
-371.155396 131.084564 3038.928223
-351.862335 170.688751 3023.850098
-353.790192 250.977295 3067.694824
-351.638794 325.991699 3058.602051
-389.282196 171.380554 3024.773438
-390.830719 250.938110 3090.609619
-392.256866 327.065369 3046.435791
-372.322998 52.294525 3056.342041
-371.816376 91.418060 3052.427002
-343.469360 90.794022 3049.458984
-323.314575 148.516327 3105.467285
-306.558960 203.184052 3054.984375
-400.108337 92.040894 3055.395020
-411.319092 145.761902 3118.547852
-412.065979 195.924347 2999.256836
-371.296814 131.054382 3039.007324
-352.074646 170.681808 3023.646484
-354.330811 250.971741 3067.366943
-353.144928 326.012299 3061.329346
-389.446655 171.402328 3027.528809
-391.098022 250.656830 3099.273438
-392.975311 325.680206 3052.903076
-372.663879 52.374115 3055.697754
-371.839050 91.516373 3052.535645
-343.509308 90.616806 3047.409180
-323.409485 148.513214 3106.218750
-306.707520 202.962448 3049.238281
-400.073792 92.412903 3057.662109
-411.118805 146.202408 3118.386719
-412.266235 196.122971 2995.920166
-371.087219 131.189835 3040.095947
-351.658783 170.684845 3024.303711
-353.802368 250.923828 3069.462646
-352.596771 325.409210 3061.920166
-388.958313 171.692657 3031.008789
-390.619812 251.078796 3096.589844
-392.550995 325.948730 3052.059082
-372.332031 51.488083 3055.380127
-371.717377 90.793518 3054.081543
-343.391541 90.024704 3050.132080
-323.362183 148.593506 3106.111328
-306.637024 202.983765 3040.602295
-399.970062 91.560364 3058.031006
-411.175659 146.027100 3116.645264
-412.339172 196.132462 2995.739746
-371.048004 130.476257 3042.339844
-351.714478 170.028046 3028.015625
-354.426453 250.273651 3068.596680
-353.189453 325.420197 3065.352539
-389.000702 170.904205 3033.180664
-391.371399 250.399933 3093.688477
-392.984955 325.398254 3050.975098
-372.597961 50.275116 3054.220215
-371.904144 89.878571 3054.783203
-343.578461 89.181320 3052.103760
-323.407471 148.806335 3102.051025
-306.759674 203.092728 3035.733643
-400.180145 90.574615 3057.462646
-411.111816 145.501953 3119.237549
-412.349792 195.394196 2996.658936
-371.206360 129.649307 3045.499023
-351.872803 169.250717 3034.462646
-354.531708 249.338104 3075.272949
-353.272125 324.919281 3065.282471
-389.114410 170.075317 3037.967041
-391.476196 249.676575 3091.791748
-393.190674 325.076172 3053.689453
-372.004517 51.020569 3054.656738
-371.385712 90.630707 3055.064697
-343.060333 89.973679 3054.437012
-323.455933 148.199615 3104.539062
-306.670013 203.063995 3056.168701
-399.699432 91.287476 3055.692383
-411.070435 144.789993 3121.300049
-412.337646 194.672974 2999.230713
-370.596191 130.358643 3044.792969
-351.152832 169.933762 3034.110596
-353.704468 250.164459 3068.677490
-352.202698 327.230286 3057.576416
-388.444794 170.777206 3034.931885
-390.305756 250.410309 3090.662598
-392.240173 326.988861 3043.922119
-372.719025 52.404114 3056.380371
-371.755035 91.525162 3055.069824
-343.432556 90.745865 3055.356934
-323.211761 148.106125 3106.783691
-306.608612 202.814072 3064.598633
-400.082825 92.304581 3054.782715
-414.656433 144.946487 3136.517334
-411.583435 192.718140 3002.264404
-370.738281 131.175095 3043.036133
-351.045074 170.621307 3031.190186
-354.012939 250.895996 3066.383057
-352.908051 327.517944 3052.040771
-388.384125 171.658539 3030.814697
-390.448425 251.378387 3086.600586
-392.943176 327.108643 3042.350342
-371.949615 51.284027 3057.222900
-371.552856 90.571960 3056.624268
-343.237854 90.163635 3057.137207
-323.239349 148.023254 3102.883545
-306.553345 202.687408 3063.354004
-399.877319 90.980453 3056.111328
-412.884399 145.841034 3126.011719
-412.263214 195.037354 3000.795410
-371.038330 130.237335 3045.298096
-351.863678 169.921021 3034.307373
-354.905945 250.058289 3072.210205
-353.578735 326.432312 3060.586182
-389.180481 170.476791 3033.636475
-391.554901 250.100555 3090.481689
-394.186829 324.052795 3050.042236
-371.692871 52.411652 3056.149902
-371.722900 91.528244 3055.490723
-343.394592 91.402008 3056.586670
-323.344757 147.798141 3100.946045
-306.512238 202.647064 3062.691650
-400.071533 91.654556 3054.394775
-412.042267 144.577103 3122.223633
-411.852600 194.786636 3006.353027
-371.568359 131.198212 3043.726807
-352.741730 171.074020 3032.679688
-354.704498 251.300720 3069.257080
-353.714325 328.523651 3054.611328
-390.092407 171.278076 3031.246094
-391.795074 250.910065 3089.969727
-393.919189 326.460419 3047.227051
-372.308228 51.327805 3055.583496
-372.176880 90.560089 3055.881104
-343.850128 90.427856 3056.603760
-323.309143 147.879837 3100.414551
-306.564423 202.562286 3067.706299
-400.517059 90.692368 3055.158447
-411.521149 145.569824 3115.864990
-411.769501 196.406342 3004.367920
-372.040894 130.241333 3044.540039
-353.240631 170.119797 3033.671631
-354.634521 250.394440 3068.123291
-353.085632 326.766174 3059.615967
-390.573029 170.318893 3032.726318
-391.773071 250.004028 3089.649902
-393.314362 325.114380 3050.786377
-372.121460 50.575394 3055.801270
-372.079376 89.948929 3056.866211
-343.760620 89.854019 3057.393555
-323.405212 147.645447 3103.671387
-306.558228 202.584137 3066.957520
-400.407898 90.043884 3056.338867
-411.303223 144.875061 3118.157471
-412.152863 196.093857 3011.285645
-372.002502 129.657211 3046.502441
-353.279083 169.565018 3036.483643
-354.229675 249.820618 3069.110596
-352.508057 326.230347 3061.136963
-390.575439 169.708130 3035.793701
-391.721741 249.354279 3091.921875
-392.742340 325.101715 3052.769531
-372.267731 50.642166 3055.957764
-372.361298 90.116974 3056.805420
-344.041473 90.114075 3056.969238
-323.452148 146.979767 3105.345703
-308.803162 202.354950 3066.122070
-400.684143 90.119873 3056.641602
-414.788727 143.689758 3140.816895
-411.786926 192.035767 3014.095703
-372.451324 129.796539 3045.709961
-353.886566 169.761566 3034.721680
-354.629333 250.143555 3063.364258
-353.289490 327.335327 3056.925781
-391.198761 169.771011 3034.507324
-391.637268 249.509552 3089.076904
-393.546021 325.747131 3046.098145
-372.026154 51.443985 3054.522705
-372.291138 90.750397 3055.138428
-343.957703 90.711685 3054.013916
-323.656525 146.617950 3105.165527
-309.902588 202.208740 3069.553467
-400.603729 90.789093 3056.262939
-413.026733 143.869995 3133.081543
-412.466492 193.075378 3010.084961
-372.434753 130.438934 3043.673340
-353.912689 170.421432 3031.472900
-354.377472 250.913635 3058.767090
-352.522400 327.555298 3061.572266
-391.237244 170.433807 3032.943604
-391.290436 250.166931 3088.829102
-392.885437 326.548889 3043.615723
-372.539978 53.473373 3043.292725
-372.704437 93.065979 3049.667480
-344.330780 92.848068 3046.213135
-323.580841 147.495514 3107.075439
-308.720215 202.681458 3065.226562
-401.013885 93.283401 3053.121826
-415.714844 144.289246 3146.171875
-411.796051 191.297531 3008.537598
-372.709167 133.010895 3042.889404
-354.081512 173.050674 3033.852051
-354.275116 253.430481 3062.587158
-352.963196 328.630524 3063.277100
-391.318604 173.217499 3038.370605
-391.490662 252.711151 3095.770508
-392.910461 328.083862 3053.519775
-371.862701 53.681534 3049.177246
-372.321594 93.064240 3052.206299
-343.967041 93.124115 3051.854492
-323.546631 148.488281 3108.037109
-307.968994 203.111755 3060.645996
-400.669617 93.004379 3052.558105
-414.753632 146.711472 3131.418945
-412.079590 195.106766 3000.469727
-372.511383 132.925797 3044.017578
-354.057709 173.047821 3035.598633
-353.930389 253.507690 3057.165039
-353.099792 327.029846 3064.705811
-391.343872 172.956970 3036.059082
-391.304138 252.684937 3087.953613
-392.851105 325.511475 3047.743164
-371.979736 53.281891 3052.147705
-372.579590 92.627228 3053.611572
-344.234100 92.764694 3053.525879
-323.527985 150.260803 3108.043213
-308.304047 205.345154 3068.469971
-400.923462 92.489761 3053.697266
-413.001770 146.631775 3122.149170
-411.762543 196.248932 2999.906982
-372.874237 132.417236 3044.058105
-354.520355 172.549713 3034.448730
-354.381287 252.952118 3061.055908
-353.455627 326.193298 3064.341797
-391.820465 172.365875 3034.560547
-391.914276 252.045929 3089.593262
-393.273132 325.033997 3045.031738
-372.291199 53.120239 3053.620117
-372.873627 92.441742 3054.297852
-344.535858 92.550278 3052.812256
-323.456604 149.883026 3112.519531
-307.580322 204.790359 3063.706787
-401.183838 92.333298 3055.783447
-412.022766 146.238251 3118.673096
-411.464752 196.503204 3001.601318
-373.243164 132.190186 3043.922607
-354.960907 172.307541 3032.575928
-354.708160 252.725800 3061.230469
-353.656403 325.976562 3064.356445
-392.257599 172.113586 3034.518799
-392.031677 252.008514 3082.342041
-393.513306 325.569916 3049.199951
-372.018005 52.744064 3054.349365
-372.645630 92.056519 3054.742432
-344.309265 92.196335 3053.879639
-323.858185 149.880737 3111.289551
-309.301117 203.937958 3047.310791
-400.965973 91.916794 3055.605225
-411.590973 145.807800 3117.669922
-412.118774 196.067856 2999.473145
-373.011475 131.798706 3044.358398
-354.725281 171.919800 3033.410156
-353.932922 252.184570 3068.002686
-352.737152 325.508240 3062.434082
-392.027435 171.706085 3034.538574
-391.110443 251.534424 3085.075684
-392.703003 325.157166 3051.139404
-372.477112 52.465286 3054.687744
-372.964386 91.909927 3055.720215
-344.635803 91.981644 3054.965332
-323.695679 149.584763 3110.127441
-308.322479 203.849747 3048.352539
-401.278992 91.838226 3056.475098
-411.420105 145.297531 3114.035645
-412.317566 196.163376 3001.830078
-373.222504 131.654266 3045.689941
-354.836609 171.721436 3035.166016
-354.753906 252.007812 3066.984863
-352.668884 325.940613 3063.574463
-392.121948 171.601105 3036.153320
-391.252991 251.375824 3087.359619
-393.028564 325.219666 3054.654785
-372.964294 53.113876 3054.877930
-373.128510 92.234085 3054.467773
-344.795227 92.065125 3051.844482
-323.605225 150.531036 3109.051025
-309.968445 205.802979 3062.669189
-401.413147 92.402756 3057.091064
-411.309998 145.391724 3117.221436
-411.892029 196.035278 3002.928955
-373.194275 131.974457 3043.912354
-354.607208 171.925308 3031.641357
-353.967682 252.271606 3064.926758
-352.494202 326.080566 3055.915283
-391.892761 172.057434 3035.072510
-391.357666 251.770935 3088.981445
-392.734131 325.432495 3050.959473
-372.739532 53.302658 3054.477783
-372.914154 92.526443 3054.650391
-344.577942 92.453598 3053.649414
-323.742340 151.372589 3108.535889
-309.630249 206.709625 3063.359863
-401.231781 92.599228 3055.651367
-411.204498 146.273911 3116.173828
-411.761719 196.984726 3001.916504
-372.992279 132.261383 3043.983643
-354.412231 172.245026 3032.662354
-354.263123 252.436981 3071.193848
-352.439056 326.798157 3057.239990
-391.721649 172.306519 3033.971436
-391.355530 252.138947 3084.739502
-392.898926 325.903198 3050.928955
-372.599518 52.614014 3057.789795
-372.874084 91.848907 3056.651367
-344.554291 91.825775 3056.604492
-324.104675 150.399963 3111.291504
-310.315918 205.057907 3068.203125
-401.192993 91.872040 3056.698242
-411.130676 146.491364 3114.694824
-411.441864 197.598007 3004.746582
-372.959595 131.512238 3044.957031
-354.384003 171.466934 3033.231934
-354.437195 251.715179 3069.335449
-352.446472 326.018951 3062.185547
-391.707153 171.495834 3033.293457
-391.456757 251.327087 3085.190918
-393.022247 324.901642 3050.829834
-372.455231 54.081406 3056.400635
-372.864044 93.059387 3055.947754
-344.536652 93.083221 3056.188965
-324.245087 149.840881 3106.125000
-310.739380 203.578400 3048.224365
-401.195923 93.035538 3055.706543
-411.158997 145.746124 3110.387939
-411.339020 197.097031 3002.802979
-372.986298 132.769730 3045.052002
-354.451782 172.776855 3034.313965
-354.406250 253.137512 3062.904053
-352.931335 327.380615 3064.885010
-391.769012 172.753723 3033.998535
-391.601318 252.450348 3088.931152
-392.894592 326.832214 3051.939453
-372.568573 54.324539 3056.706787
-372.864807 93.460999 3056.218506
-344.539337 93.478317 3056.698730
-324.006378 150.402161 3111.602539
-309.232849 203.505920 3041.847168
-401.199158 93.443665 3055.738281
-411.197632 146.558533 3116.036377
-411.384308 197.190735 3001.058594
-372.958557 133.173920 3045.429199
-354.397125 173.172394 3034.953857
-353.985809 253.537689 3062.622314
-353.005035 326.996582 3065.580811
-391.712677 173.166061 3034.325928
-391.414886 252.868713 3088.651611
-392.998352 326.060150 3048.968994
-372.780853 54.715027 3056.921875
-372.945465 93.914780 3056.081299
-344.618591 93.971985 3056.894287
-323.848267 151.220428 3109.869385
-308.813721 205.441071 3050.448975
-401.287415 93.857559 3055.268311
-413.249817 147.020721 3145.740479
-410.906891 193.771240 3003.516602
-373.073395 133.619934 3045.015869
-354.541168 173.638443 3034.482178
-354.597351 253.937408 3065.736084
-352.828827 326.125305 3063.078369
-391.869873 173.591003 3033.418701
-392.000488 253.062958 3094.708740
-393.109222 326.039307 3047.398682
-372.639130 54.744965 3056.985596
-372.898163 93.662918 3056.434814
-344.575043 93.787857 3057.737061
-323.760071 150.304184 3107.445557
-309.904175 204.502426 3050.684082
-401.245422 93.537888 3055.132568
-412.277527 146.934418 3132.308838
-411.292419 195.703445 3004.600586
-373.082428 133.373505 3045.637451
-354.611481 173.426590 3035.691650
-354.558807 253.709229 3066.540771
-353.514984 325.437866 3063.978271
-391.935028 173.306686 3033.988525
-391.333344 252.607300 3100.034668
-393.504944 325.505493 3045.167480
-371.997650 53.769806 3068.538086
-372.557587 92.305145 3063.141602
-344.297180 92.554031 3064.271240
-323.614319 149.792999 3104.236816
-308.601227 204.000809 3053.451416
-400.838837 92.056076 3062.011963
-411.677551 146.838959 3124.491943
-411.270477 196.552948 3003.181396
-372.962677 131.742981 3048.334473
-354.707794 171.710876 3034.266113
-354.455566 252.039551 3065.611572
-353.363678 324.997253 3059.489258
-392.044800 171.420670 3032.788574
-391.266846 250.927063 3095.112549
-393.376404 324.885162 3044.096436
-372.000793 54.028290 3061.798096
-372.614380 92.886948 3060.318115
-344.328308 93.178345 3060.701172
-323.665833 149.492142 3108.100586
-307.935242 203.814728 3061.163330
-400.907532 92.595474 3059.935059
-411.349030 145.817139 3120.626709
-411.384033 195.945251 3002.220703
-373.121246 132.459259 3047.673828
-354.979523 172.546936 3035.280029
-354.607178 252.822327 3067.502197
-353.171112 327.430817 3059.967041
-392.288269 172.175705 3034.779053
-391.156494 251.372589 3103.773682
-393.504028 326.751831 3048.126221
-372.298889 53.475098 3072.442139
-373.037689 91.958801 3064.922607
-344.801025 92.119568 3062.878418
-323.611755 149.452408 3110.551758
-307.618225 203.711197 3065.024414
-401.236694 91.798233 3066.966797
-411.293518 146.041977 3119.237061
-412.104614 196.564087 3004.000732
-373.612701 131.240753 3047.426025
-355.518250 171.117615 3028.592529
-354.829712 251.474304 3065.425293
-353.445740 324.929840 3048.295898
-392.853943 170.835297 3031.266357
-391.678406 250.326630 3095.445312
-393.884735 324.939880 3039.570557
-372.668335 54.159851 3064.252441
-373.184723 93.125961 3060.761230
-344.905884 93.354340 3059.940186
-323.589233 148.183533 3113.270752
-309.311523 203.033401 3065.156494
-401.448395 92.897690 3061.582275
-411.199036 145.745392 3119.192383
-411.817993 196.095261 3001.904053
-373.718445 132.612106 3046.356445
-355.591125 172.638275 3031.414795
-354.270538 252.774384 3072.987305
-352.969604 328.301208 3060.806152
-392.916718 172.308701 3032.488525
-391.438080 251.799835 3095.011475
-393.533295 327.106262 3046.260986
-372.333191 53.441849 3058.655029
-372.968781 92.683945 3059.091064
-344.673859 92.960831 3058.127686
-323.746185 147.495789 3112.621582
-310.239624 202.335052 3065.077881
-401.245880 92.407211 3060.054443
-411.170410 146.846375 3120.386963
-411.852600 196.744659 2997.890869
-373.549652 132.316803 3047.619873
-355.494751 172.448074 3035.518555
-354.482269 252.533386 3075.277100
-352.347778 325.917694 3059.605469
-392.767334 172.050308 3036.778809
-391.479675 251.620056 3093.695312
-393.219025 324.954865 3049.815430
-372.385010 53.597107 3057.341553
-373.129883 92.637085 3058.558594
-344.829224 92.957718 3057.930664
-323.681396 146.956757 3118.792725
-309.653076 201.274429 3064.920898
-401.418945 92.316589 3059.186523
-411.096252 146.597107 3117.337646
-411.719604 197.178635 3001.901123
-373.735352 132.327332 3048.227051
-355.713776 172.509415 3037.484863
-354.772736 252.691772 3070.663086
-352.692200 327.711639 3062.726562
-392.971161 172.065765 3038.306152
-392.072693 251.679138 3092.709229
-393.474335 325.696808 3050.302979
-372.369476 53.560699 3056.183594
-373.162750 92.764526 3058.105469
-344.857452 93.126389 3057.850830
-323.725220 146.896637 3119.378662
-310.530457 201.162674 3068.249756
-401.463318 92.402710 3058.360107
-411.076752 146.434006 3117.594238
-411.463470 197.042999 3002.505127
-373.787506 132.506042 3048.848633
-355.793915 172.732056 3039.425293
-354.726746 252.874695 3072.218750
-352.591187 326.748108 3058.849854
-393.036255 172.247192 3039.758301
-391.944550 251.887115 3092.030762
-393.329651 325.641907 3049.360107
-372.587738 54.045990 3056.116943
-373.091858 93.327759 3057.928467
-344.783966 93.648468 3057.835938
-323.550964 147.471237 3115.209473
-309.175659 202.003159 3070.645020
-401.398041 93.007065 3058.020996
-411.189423 146.221527 3119.227539
-411.905151 196.576508 3001.513184
-373.645172 133.078308 3048.738037
-355.578247 173.281799 3039.487061
-354.304199 253.461456 3070.195312
-352.304138 327.722168 3058.048584
-392.824646 172.856659 3039.608154
-391.764374 252.586609 3088.622803
-393.050385 326.318451 3047.324463
-372.632996 54.242142 3056.040039
-373.239502 93.470703 3057.980225
-344.931519 93.755692 3057.939941
-323.712860 147.775391 3110.054932
-310.131042 202.156494 3062.209473
-401.546722 93.185745 3058.020508
-411.191345 146.601334 3119.979004
-411.711670 196.683609 2999.345215
-373.734406 133.238678 3049.207275
-355.613464 173.424255 3040.407959
-354.260376 253.469177 3075.847656
-352.453156 326.829376 3058.450439
-392.850525 173.048035 3040.460693
-391.926666 252.757538 3089.408936
-393.025757 325.738922 3051.581543
-372.707977 52.957336 3058.085938
-373.141937 92.303482 3059.437744
-344.846832 92.541168 3059.593750
-323.569641 148.443146 3116.559082
-308.875946 202.660110 3065.373535
-401.439911 92.065750 3059.281738
-411.161591 147.176270 3119.482910
-411.302490 197.535049 3001.676758
-373.564911 132.008408 3049.627930
-355.367218 172.123383 3039.920166
-353.848114 252.267395 3072.058838
-352.126953 326.629639 3057.338867
-392.615234 171.815811 3039.716064
-391.600616 251.559998 3088.842041
-392.877808 323.778229 3048.672119
-372.559662 53.604782 3056.533447
-372.905823 92.793564 3058.793701
-344.604584 93.027542 3059.095703
-323.646118 148.632690 3114.241455
-308.099518 203.115845 3069.148682
-401.212646 92.559540 3058.491699
-411.099854 146.264374 3118.986816
-411.106445 196.960236 3005.340332
-373.305573 132.535187 3049.642578
-355.088043 172.664795 3040.688965
-353.578430 252.776123 3073.293701
-352.452423 327.864136 3058.658447
-392.329773 172.367264 3040.293945
-391.927246 252.092529 3089.177734
-392.491425 326.254822 3050.756592
-372.740173 53.102585 3056.316162
-373.049347 92.461288 3059.002441
-344.750092 92.655869 3058.894043
-323.565857 150.263626 3108.589355
-309.556641 205.838974 3079.047852
-401.346588 92.266739 3059.110840
-411.129425 146.395844 3121.590332
-411.473694 196.654312 3003.364990
-373.425110 132.195740 3049.751465
-355.184418 172.301819 3040.429688
-354.238342 252.455261 3071.898193
-352.718964 326.327637 3059.241699
-392.421021 172.042084 3040.571289
-391.872833 251.835266 3086.981445
-393.207611 325.106598 3048.408447
-371.711151 52.688553 3068.196045
-372.244019 91.767517 3065.586182
-344.021576 92.214661 3069.203125
-323.528687 151.323624 3108.302002
-309.204742 207.085434 3075.930908
-400.533142 91.319336 3061.969238
-411.118652 146.318985 3120.877686
-411.925110 196.839691 3005.234863
-372.720520 131.217224 3051.860352
-354.564636 171.256989 3040.500732
-353.630341 251.485199 3068.691895
-351.861694 326.705963 3059.784912
-391.867065 170.789444 3035.768311
-391.293488 250.814789 3078.784912
-392.641144 324.856140 3042.279541
-372.403290 53.318542 3062.125000
-372.587769 92.529190 3062.013916
-344.325165 92.708069 3064.948242
-323.447266 152.116669 3111.143799
-310.104462 208.344177 3083.397949
-400.904602 92.349960 3059.079590
-411.143921 145.256348 3122.741455
-412.100037 195.617828 3006.014648
-372.724884 132.135162 3050.735107
-354.239197 172.102783 3041.375000
-353.475647 252.188019 3074.817871
-351.998657 328.174744 3059.737305
-391.510315 171.967255 3037.537598
-391.287384 251.794861 3085.332031
-392.673340 327.189392 3050.304688
-372.207916 53.260757 3058.587646
-372.289978 92.601730 3060.573242
-344.009766 92.652740 3062.646484
-323.568390 152.426361 3109.051270
-309.491150 208.403091 3073.887939
-400.608521 92.550659 3058.500000
-413.583557 145.743774 3153.724121
-411.891815 191.910614 3007.993164
-372.299561 132.293625 3050.862061
-353.694366 172.237106 3042.506592
-353.382233 252.359283 3072.939209
-351.595062 328.044800 3064.577881
-390.940613 172.240936 3039.795166
-391.308014 252.026306 3086.719971
-392.341827 325.883148 3052.534912
-372.281281 53.129288 3057.302246
-372.180023 92.541000 3060.483398
-343.896942 92.528061 3062.258545
-323.839478 152.770172 3111.984863
-309.083588 208.347260 3075.770020
-400.495941 92.553955 3058.708252
-413.365021 146.358139 3143.253418
-411.985016 193.621201 3002.913330
-372.114441 132.269989 3051.625244
-353.442444 172.191360 3043.927734
-353.133057 252.260529 3075.309570
-352.631561 327.356537 3065.655518
-390.668671 172.269196 3041.606445
-391.835144 251.986053 3088.721924
-392.497131 325.485992 3052.468506
-371.776367 53.544876 3059.698730
-372.027893 92.954514 3061.180176
-343.752502 93.098343 3063.653320
-323.808258 150.559814 3117.012451
-310.038727 205.918457 3074.404541
-400.349030 92.810471 3058.707031
-412.364166 145.700912 3135.916504
-412.068054 193.694824 2999.528076
-372.137756 132.650513 3051.655762
-353.636780 172.647430 3043.748535
-353.867554 252.735931 3074.190430
-352.797150 327.270203 3062.962158
-390.879608 172.542664 3040.514160
-392.297119 252.429688 3081.873047
-392.915649 325.897919 3049.273926
-371.110413 53.065506 3070.385986
-371.581451 92.053055 3066.970703
-343.369934 92.461777 3071.281006
-323.572998 148.670105 3114.017090
-310.621887 203.931976 3073.346436
-399.872345 91.643188 3062.660400
-411.715576 146.254791 3129.603027
-412.266418 195.000427 2998.067139
-371.945068 131.487274 3053.259277
-353.685760 171.473694 3042.366699
-353.971069 251.585602 3074.037598
-352.981506 325.069397 3062.188232
-390.972809 171.080460 3036.729004
-392.156952 251.005096 3081.474121
-392.961609 324.500061 3046.381836
-371.836823 53.471924 3064.719727
-371.837555 92.483688 3064.699219
-343.598083 92.651260 3067.582031
-323.445374 148.314209 3110.499268
-308.702545 203.162003 3063.752686
-400.130188 92.315811 3061.816406
-411.339874 145.412659 3130.572510
-412.301025 194.403976 3001.323486
-371.956604 132.076035 3053.955078
-353.472717 172.009125 3045.096191
-353.397461 252.102814 3073.911133
-353.160645 327.103394 3068.523926
-390.703400 171.886688 3041.325684
-391.991882 251.495148 3092.330566
-392.467712 326.484009 3056.173340
-371.995209 51.991104 3060.391357
-371.960266 91.471359 3063.672852
-343.708405 91.451599 3064.295166
-323.295349 148.253693 3109.737061
-307.627747 202.856888 3068.363525
-400.223633 91.491119 3063.050537
-411.244934 145.803329 3129.267822
-412.382416 195.016266 3001.522705
-371.967560 131.162048 3055.058350
-353.392761 171.053574 3046.850830
-353.651459 251.155487 3073.281738
-353.237762 324.518646 3066.666016
-390.561951 171.100830 3046.036865
-391.837677 250.756958 3091.538086
-393.118988 324.562378 3055.009766
-371.610779 50.695923 3057.729004
-372.012543 90.520126 3064.049561
-343.765137 90.838715 3064.588135
-323.316833 148.055695 3109.850586
-307.125793 202.724762 3072.772949
-400.269897 90.201401 3063.510986
-411.218292 144.798615 3129.582275
-412.341125 194.345428 3005.639648
-372.482208 130.304611 3058.192627
-354.409424 170.441742 3052.687744
-354.566589 250.422729 3077.801758
-354.190338 326.352448 3074.799316
-391.502197 170.041779 3051.983643
-392.926758 249.777130 3088.029541
-394.088318 323.965363 3055.607422
-371.820587 52.566177 3057.414062
-372.493347 91.863129 3061.658203
-344.228485 92.473434 3061.679199
-323.324432 148.220947 3109.438965
-306.891998 202.675629 3058.710449
-400.758606 91.252823 3061.637207
-411.206146 143.672577 3128.929688
-412.328583 193.298264 3006.073730
-373.430145 131.617737 3054.269531
-355.798187 171.965851 3046.894531
-355.142761 252.202484 3063.792969
-354.414185 328.482910 3060.686523
-392.944916 171.164490 3046.867188
-393.184448 251.184052 3075.781006
-394.423431 326.996399 3045.727783
-371.837311 53.299377 3056.247559
-372.641327 92.536514 3061.099609
-344.374634 93.251938 3060.178711
-323.437683 149.114456 3112.208740
-306.796509 202.795807 3050.926514
-400.891052 91.821533 3062.020508
-411.068298 145.247162 3125.368652
-412.433167 194.740387 2999.772949
-373.793304 132.307068 3053.939941
-356.381927 172.750290 3046.178223
-354.560730 252.909424 3067.591309
-353.267303 326.045258 3062.516357
-393.512115 171.778992 3047.382324
-392.180359 251.708221 3079.717529
-393.550812 326.156647 3051.924805
-372.126678 53.166367 3057.120605
-372.872406 92.395187 3062.138428
-344.614075 93.145813 3061.519043
-323.323303 148.970428 3115.590332
-306.793762 202.732941 3055.627441
-401.119324 91.644852 3062.757812
-410.984375 145.920486 3129.477539
-412.881287 194.624542 2996.510742
-374.048523 132.170105 3055.421387
-356.671356 172.623871 3048.299316
-353.906555 252.613770 3074.689941
-352.971466 325.841736 3070.229492
-393.783325 171.616852 3049.109375
-391.561920 251.433167 3084.520020
-393.352844 325.017883 3053.438477
-371.680664 51.730377 3058.104248
-372.306488 91.264908 3063.134766
-344.056183 91.939056 3061.934082
-323.360107 149.156097 3116.773438
-306.716125 202.692398 3047.728027
-400.534668 90.591309 3064.335449
-410.882263 146.048767 3125.302002
-412.723938 194.954071 2993.443604
-373.416077 131.023102 3056.306641
-355.976990 171.422653 3048.693359
-353.114990 251.492401 3070.770996
-351.892120 324.954590 3072.509277
-393.074646 170.496307 3050.263672
-390.743774 250.250977 3088.026367
-392.438721 324.342377 3052.033447
-371.904327 52.710205 3058.098877
-372.312805 91.926743 3062.188721
-344.048676 92.409348 3061.562744
-323.290161 148.987854 3117.899414
-306.628143 202.807709 3050.274414
-400.565399 91.444351 3062.814697
-410.945160 145.051941 3126.934326
-412.949738 193.943527 2995.525879
-373.114502 131.684433 3054.820068
-355.348480 171.962204 3047.041992
-353.432190 252.167999 3064.653076
-351.823181 325.532410 3066.385010
-392.486603 171.306671 3047.860840
-391.038330 251.227844 3081.054443
-392.594604 326.318176 3047.549316
-371.926483 54.133301 3059.104248
-372.204773 93.211029 3061.281006
-343.929352 93.558044 3060.963867
-323.492584 149.208221 3112.468750
-306.596710 202.679611 3048.286133
-400.474335 92.864075 3061.598145
-410.954987 145.632584 3125.736572
-412.732605 194.626617 2994.901367
-372.801697 132.946335 3052.854004
-354.809784 173.135239 3044.219482
-353.442139 253.420959 3062.137207
-352.119385 326.832458 3065.190186
-391.991547 172.668045 3044.634521
-390.842316 252.555664 3082.510498
-392.581146 326.591156 3048.238770
-371.716858 54.326385 3057.071289
-371.962952 93.327927 3061.028076
-343.684113 93.656509 3061.232422
-323.319855 149.057098 3110.223389
-306.568939 202.609695 3047.268311
-400.245605 92.999298 3060.823730
-410.914246 146.893234 3125.900146
-412.754913 195.178909 2988.005859
-372.482117 133.119720 3053.961426
-354.424744 173.308487 3047.028564
-353.254730 253.363983 3073.390869
-352.660370 326.050598 3070.801025
-391.584290 172.883698 3046.760986
-390.781036 252.645599 3087.610596
-392.662201 325.301086 3051.341064
-371.995850 53.951675 3057.062012
-372.095764 93.216049 3061.787842
-343.822968 93.377472 3061.465820
-323.057617 149.096680 3110.091553
-306.611481 202.644287 3048.725830
-400.362610 93.054657 3062.109863
-410.930908 147.031021 3123.182129
-413.061829 195.330200 2984.786621
-372.408630 133.025162 3055.405273
-354.156982 173.112457 3048.812256
-353.000519 253.128723 3075.439453
-353.060272 325.686798 3070.303955
-391.286041 172.889450 3049.233154
-391.176788 252.609283 3089.219971
-392.602051 324.712036 3055.092773
-371.621674 54.134216 3059.086914
-371.623077 93.209747 3062.651123
-343.357635 93.288940 3062.965576
-323.138123 149.325500 3114.569824
-306.528320 202.759094 3045.046631
-399.894318 93.130539 3062.336670
-410.956238 147.085114 3124.386230
-413.194641 194.808502 2980.993164
-371.782745 132.968216 3055.197998
-353.367889 172.967804 3047.950439
-352.898621 253.055450 3072.454834
-351.644592 324.959045 3072.406494
-390.520966 172.874451 3047.539307
-390.152374 252.657379 3086.942383
-392.210327 324.937897 3048.634033
-372.142303 53.883926 3059.084229
-371.795227 92.954254 3062.539307
-343.529510 92.800842 3062.454590
-323.265259 149.870773 3115.781250
-306.627899 202.900284 3043.773438
-400.059357 93.107651 3062.624023
-410.991150 147.154953 3125.825928
-413.234528 195.152374 2984.992920
-371.656891 132.699829 3054.747559
-352.938812 172.549286 3046.900391
-352.515076 252.528656 3078.175781
-352.219849 325.778168 3070.072266
-390.096222 172.748047 3047.011230
-390.050659 252.582855 3084.900635
-392.596436 325.366272 3048.114502
-371.805328 54.318069 3058.549316
-371.430511 93.302765 3062.687988
-343.166016 93.084976 3062.676270
-323.223755 149.328934 3113.366211
-306.817810 202.839325 3046.649414
-399.694824 93.520554 3062.699707
-411.018250 146.878220 3126.342773
-412.819946 195.091888 2987.733887
-371.191498 133.059769 3055.218262
-352.377502 172.868729 3047.740967
-351.852966 252.853912 3077.851318
-351.554382 325.951538 3067.396240
-389.524994 173.154556 3047.756104
-389.832703 252.826569 3090.769531
-392.641296 325.166199 3049.567871
-371.659241 54.923126 3057.818359
-371.269440 93.773376 3061.694580
-342.997314 93.577255 3062.853760
-323.191193 148.868759 3111.703125
-306.808014 202.718887 3053.556396
-399.562988 93.969650 3060.535400
-411.011261 147.194275 3125.361572
-412.760529 195.555786 2987.805908
-370.978271 133.535461 3053.986328
-352.100891 173.350006 3047.036133
-352.071381 253.419098 3073.722168
-352.108521 326.818298 3068.609619
-389.279602 173.647598 3045.520020
-390.448486 253.384064 3087.439697
-392.880066 325.740295 3046.202637
-371.943848 54.650848 3058.440430
-371.301086 93.497406 3062.998047
-343.043152 93.091568 3063.876953
-323.310944 148.986069 3117.340332
-306.789368 202.615204 3057.073242
-399.575226 93.903473 3062.119141
-410.954834 147.496521 3127.952148
-412.402679 195.071487 2983.833740
-370.728119 133.256348 3055.784180
-351.584015 172.921722 3049.145020
-351.251099 252.976868 3073.976807
-352.110901 326.141296 3071.271973
-388.727905 173.485245 3047.995605
-389.662872 253.139496 3091.030029
-392.876007 324.673584 3052.680420
-371.654633 54.498535 3059.269531
-370.859344 93.345001 3063.331299
-342.611969 92.896240 3065.916748
-323.326141 148.696671 3113.687500
-306.770020 202.548386 3060.204346
-399.154449 93.794556 3060.745850
-410.992981 147.443390 3126.040039
-412.200470 195.526413 2986.231689
-370.106201 133.063263 3055.263184
-350.773407 172.652542 3048.885742
-351.275055 252.663025 3076.284424
-351.844055 326.134033 3068.829102
-387.945312 173.331528 3045.504395
-389.588257 253.089966 3086.418457
-392.410706 325.370880 3049.622070
-371.439178 53.656647 3057.156494
-370.639740 92.860977 3062.327881
-342.380981 92.329788 3064.088867
-323.425415 149.192734 3111.815430
-306.718109 202.608261 3045.450195
-398.931061 93.392761 3060.566895
-410.974792 147.120850 3127.281738
-411.610962 195.304901 2988.872070
-369.821442 132.631500 3055.348633
-350.432465 172.205002 3049.520996
-352.225189 252.158691 3077.843994
-352.040405 325.708862 3071.674561
-387.580322 172.963531 3047.217773
-390.046783 252.561188 3091.500000
-392.832123 325.044250 3052.755371
-371.782898 51.954651 3069.133545
-370.765472 91.132919 3068.801270
-342.580841 90.488388 3072.571045
-323.315002 149.462173 3115.415283
-306.521118 202.855499 3042.755127
-399.019440 91.779022 3065.031494
-410.977905 146.752686 3127.281494
-412.076050 194.837418 2987.895996
-369.658142 130.617416 3057.340820
-349.964874 169.910034 3048.345947
-351.845612 249.979767 3073.341064
-351.866821 324.049866 3073.853760
-387.150116 170.888794 3043.414795
-390.049988 250.679169 3084.628418
-392.701996 324.068054 3045.742188
-370.963257 53.429306 3062.596436
-370.074829 92.433212 3064.671875
-341.845276 91.818146 3067.452637
-323.237244 148.947205 3113.191650
-306.512634 202.933319 3047.644531
-398.355621 93.049377 3061.891113
-410.965149 145.543274 3132.530273
-412.012390 193.253571 2991.046387
-369.073151 132.079453 3055.595215
-349.491150 171.509781 3048.336914
-351.888489 251.568512 3072.630859
-351.934143 327.274384 3075.982910
-386.662140 172.414642 3044.700195
-390.268433 252.065308 3087.866211
-392.480621 327.666748 3052.047119
-371.570770 53.627838 3058.829590
-370.367737 92.847412 3062.271729
-342.125458 91.937988 3065.094482
-323.196655 149.488785 3111.092529
-306.669617 202.948746 3040.155029
-398.662140 93.758499 3059.448975
-410.942200 146.742218 3126.320068
-412.073578 194.793411 2986.442627
-368.939392 132.559204 3054.354980
-348.934326 171.831192 3048.284180
-352.147095 251.903412 3069.964844
-351.513550 325.860718 3077.947510
-386.095428 173.124405 3044.592285
-389.910980 252.951599 3079.759521
-392.523804 326.708221 3050.286865
-370.767883 54.013901 3070.956787
-369.697693 92.685944 3067.514893
-341.516052 91.940918 3072.614258
-323.168579 149.493103 3110.556641
-306.684235 203.027542 3041.190918
-397.973206 93.433441 3062.415527
-410.932312 147.565399 3122.931641
-412.265869 195.614914 2982.117188
-368.348999 132.059921 3053.378174
-348.378204 171.221420 3042.576416
-352.649658 251.455627 3060.280518
-351.360352 324.775604 3067.302734
-385.638214 172.380219 3035.906494
-390.418274 252.142029 3079.864990
-392.367126 325.268799 3039.516113
-370.988953 53.877411 3063.008301
-369.832306 92.620071 3063.183838
-341.604065 91.739990 3066.911865
-322.691040 149.368515 3108.769531
-306.735657 202.929398 3034.818848
-398.129303 93.502289 3059.455811
-410.989685 146.946045 3125.548096
-412.309723 195.026901 2985.652100
-368.388702 132.199417 3052.504883
-348.340820 171.413284 3044.263916
-352.808929 251.294525 3076.164551
-351.992249 325.798096 3069.693604
-385.558960 172.701096 3039.387939
-390.960480 251.994629 3093.868896
-392.640198 326.558868 3053.073975
-370.399597 54.123474 3060.037598
-369.427643 92.930481 3061.765137
-341.176849 92.117645 3064.373535
-322.281952 148.992493 3109.868408
-306.759338 202.982803 3038.315186
-397.726593 93.744675 3059.156738
-410.950195 146.932632 3123.029297
-412.069946 195.632874 2988.670166
-368.157532 132.597260 3052.444824
-348.288391 171.927536 3044.830322
-352.665466 251.933289 3070.699951
-352.396423 327.170471 3070.577881
-385.491730 173.087204 3041.418701
-390.641022 252.515594 3090.844971
-392.998962 325.928955 3051.335693
-370.770264 54.533096 3059.559082
-369.801819 93.372223 3060.896240
-341.538330 92.736481 3063.857178
-322.334045 149.386948 3107.944092
-306.894470 202.924744 3033.751221
-398.120026 94.009201 3057.935303
-410.948181 147.129593 3122.604248
-411.280121 196.112122 2991.139648
-368.759583 133.055542 3051.401367
-349.108276 172.517487 3043.842773
-353.817413 252.610535 3065.711182
-353.207855 326.401398 3065.017822
-386.337097 173.456314 3039.970215
-391.411987 252.985535 3087.696045
-393.877838 325.933258 3049.217041
-370.738037 54.995132 3058.854248
-369.731140 93.825180 3059.767334
-341.455719 93.257523 3062.929443
-322.253326 148.708511 3105.025635
-306.886505 202.790756 3046.833740
-398.065063 94.394012 3056.605225
-410.956696 147.347076 3123.277588
-411.498749 196.062378 2989.124268
-368.773193 133.511017 3049.815430
-349.192444 173.028778 3041.931396
-353.368134 253.185547 3064.985107
-352.436798 327.612244 3067.093994
-386.450775 173.885178 3037.795654
-390.531158 253.512268 3086.166748
-393.336487 326.169678 3048.150879
-371.120148 54.843475 3057.475830
-370.033478 93.888275 3058.454346
-341.742676 93.289719 3060.919189
-322.218750 148.362183 3103.496094
-306.840637 202.617874 3053.464844
-398.369965 94.487747 3055.989502
-411.088623 147.197937 3124.570557
-411.623352 195.129669 2983.620850
-369.086670 133.582916 3048.252930
-349.504486 173.107773 3039.663330
-354.155884 253.295776 3063.038818
-352.637848 327.294281 3070.208496
-386.782288 173.981018 3036.439697
-390.669861 253.679352 3084.141846
-393.655701 326.070404 3048.258545
-371.416809 53.850021 3055.261719
-370.245789 93.002731 3059.185791
-341.959625 92.353088 3060.837646
-322.207550 148.765564 3103.726318
-306.700592 202.529633 3044.381348
-398.562500 93.653076 3057.533936
-410.972961 147.577408 3121.136475
-412.145874 195.916077 2982.897217
-369.274658 132.761536 3050.948242
-349.697571 172.280121 3043.791016
-353.977325 252.347168 3069.436035
-352.304443 325.795532 3079.839844
-386.912140 173.191437 3041.630371
-390.481598 252.508698 3097.845703
-393.331573 324.502747 3052.505859
-370.671509 53.787781 3068.681396
-370.084534 92.634094 3064.752441
-341.844879 92.124161 3064.818359
-322.202332 148.396683 3102.892334
-306.711121 202.593292 3047.097412
-398.325378 93.144043 3064.686523
-411.029480 146.644958 3123.641357
-411.897430 194.926102 2985.666260
-369.486816 132.028839 3049.861328
-350.233276 171.472260 3035.013184
-354.710693 251.807037 3058.467773
-352.004272 325.064941 3064.089844
-387.533722 172.148087 3034.927246
-390.650665 251.889435 3084.332764
-393.972870 324.927216 3039.973877
-370.244141 53.387772 3062.369385
-369.855835 92.392929 3061.456787
-341.582184 92.099289 3061.572266
-322.288147 148.035660 3102.927979
-306.765015 202.542465 3053.553223
-398.131592 92.686615 3061.341309
-410.966064 146.394302 3123.042236
-412.211548 194.415329 2982.571533
-369.535431 131.964722 3049.430908
-350.576630 171.654312 3037.480713
-354.704376 251.550537 3076.798584
-351.474335 325.253693 3073.898193
-387.849274 172.045364 3037.329346
-390.283203 251.718597 3088.262451
-393.440796 324.825439 3047.716797
-370.981567 53.004166 3071.749023
-370.151337 91.792725 3066.335205
-341.941010 91.277267 3069.302979
-322.173798 148.152802 3107.483643
-306.717468 202.554230 3052.022217
-398.416321 92.309189 3063.367432
-410.997894 146.111374 3124.649170
-412.705688 194.063232 2983.748047
-369.307739 131.156677 3051.284912
-349.815674 170.519699 3038.175781
-353.120941 250.497284 3076.630615
-350.973602 325.271332 3069.916260
-387.119690 171.302536 3034.293457
-389.609863 251.168823 3081.815674
-392.039825 324.856110 3046.636963
-370.150665 53.758011 3066.401611
-369.641357 92.557175 3064.366211
-341.416260 92.226730 3068.857666
-322.123169 147.941010 3109.729736
-306.814697 202.485931 3048.914551
-397.949310 92.888611 3059.874756
-410.950165 146.049622 3124.577148
-412.649536 193.897552 2982.741455
-368.924988 132.084808 3052.228271
-349.591431 171.633575 3043.027344
-353.838226 251.596466 3073.833740
-351.704407 327.079224 3072.426514
-386.850403 172.223175 3037.153320
-390.136505 251.973114 3084.438721
-392.594452 325.854492 3054.672852
-369.882416 54.169571 3063.731934
-369.470520 92.877411 3062.912598
-341.226166 92.561523 3066.937256
-322.060577 148.176727 3106.322266
-306.758545 202.581146 3049.493164
-397.789185 93.194122 3058.887939
-410.958069 146.384216 3126.915039
-412.595734 193.883286 2982.242676
-368.811005 132.436554 3050.878906
-349.524170 172.031998 3041.476807
-353.597534 252.122894 3068.967529
-352.243164 326.097565 3066.248291
-386.800598 172.586502 3036.213623
-390.727997 252.472137 3077.893311
-392.967682 325.805969 3050.979248
-370.460876 54.807220 3064.401855
-369.725037 93.371460 3062.400146
-341.472015 92.820602 3064.684326
-321.970947 148.396820 3108.649170
-306.742401 202.599670 3043.309814
-398.020264 93.923126 3060.115967
-411.001831 146.091690 3126.748047
-412.586456 193.612411 2982.354004
-368.874115 132.900391 3049.500977
-349.378479 172.362717 3038.095459
-353.112915 252.474030 3069.814941
-352.260040 326.675812 3067.002441
-386.671814 173.167969 3035.108154
-390.254822 252.854156 3084.901367
-392.989014 325.283295 3049.884521
-370.489136 53.073044 3055.646240
-370.139893 92.061859 3053.763672
-341.809540 91.779556 3056.384766
-323.311401 148.008392 3106.763184
-306.644012 202.489624 3059.811523
-398.518921 92.344650 3051.142578
-410.970520 145.640747 3108.285400
-413.005310 195.418777 2975.677734
-369.647552 131.678329 3040.265625
-350.452850 171.416763 3028.481445
-353.181671 251.808594 3060.661865
-352.054718 326.590088 3068.197021
-387.869934 171.879776 3025.053223
-389.770630 251.594421 3085.510986
-392.586517 326.237915 3047.787598
-368.763855 53.370911 3043.367432
-368.687714 92.848663 3045.549561
-340.272400 92.748184 3046.344727
-320.866913 149.351807 3099.370850
-305.902008 204.434799 3047.741211
-397.117859 92.949188 3044.754395
-410.505890 146.930206 3104.677002
-412.622009 197.234283 2976.158691
-368.561157 132.760468 3036.612793
-349.741547 172.828033 3028.196045
-351.244415 253.094269 3066.704346
-351.429657 327.697937 3070.872314
-387.132629 172.987747 3027.156006
-388.964752 252.832001 3081.335693
-392.277008 326.255676 3046.554443
-368.338348 53.925446 3038.722168
-368.127167 93.598175 3041.937500
-339.702606 93.230179 3037.041992
-318.199219 151.428894 3100.185059
-304.669495 206.225998 3037.113770
-396.460419 93.964996 3046.833008
-409.769775 147.935226 3098.834473
-412.624298 199.444809 2982.352295
-368.018036 133.632004 3034.736816
-349.231323 173.699463 3024.332764
-350.540283 253.819000 3071.725342
-351.817474 326.754395 3067.197754
-386.546021 174.012726 3030.739502
-388.776031 253.714661 3085.628174
-392.142029 326.812561 3051.314209
-368.269867 52.814682 3047.909668
-367.931396 92.514771 3046.915283
-339.536987 92.129227 3044.183594
-316.866608 153.019867 3100.601318
-303.972015 207.463364 3024.463379
-396.274933 92.899628 3049.646973
-409.028381 148.540070 3099.013672
-412.327576 201.086975 2995.346436
-367.691254 132.302689 3035.408691
-348.750854 172.186722 3022.116455
-350.145142 252.188873 3076.343262
-351.830292 325.189087 3070.308838
-386.125702 172.599854 3025.687744
-388.422119 252.556763 3077.400635
-392.158936 324.821136 3040.814941
-368.067108 53.744781 3051.512939
-367.540283 93.075211 3047.848877
-339.147217 92.613342 3045.364502
-316.294739 153.714478 3100.322510
-303.578247 208.255814 3017.901611
-395.887085 93.536331 3050.333252
-407.678680 147.456787 3097.816650
-412.329041 200.290619 2998.447510
-367.191620 132.774750 3034.430176
-348.117004 172.565323 3019.387207
-349.524933 252.611481 3074.678711
-351.609314 326.303772 3067.520508
-385.542603 173.088364 3022.635742
-388.498444 253.162170 3071.935547
-391.951141 326.737579 3043.870117
-366.792358 53.967422 3042.773926
-366.575348 93.579697 3042.977539
-338.140289 93.491898 3043.886475
-315.833801 153.710175 3100.635986
-303.987518 208.744934 3021.225342
-395.027374 93.667572 3042.068604
-407.255341 147.893372 3095.213135
-412.435791 201.015610 2998.951416
-366.460571 133.481979 3032.804688
-347.620178 173.579269 3023.226318
-349.853058 253.525726 3077.398682
-351.488159 327.481171 3076.943115
-385.077179 173.726440 3022.037354
-388.596344 253.820282 3069.973877
-391.873138 326.760040 3045.840820
-365.788544 53.952347 3036.411133
-365.804474 93.729263 3040.374512
-337.352325 93.878281 3043.525879
-315.667236 153.357651 3097.802246
-304.194611 208.720856 3024.166992
-394.315674 93.579926 3037.223145
-406.902252 147.578964 3099.048828
-412.426208 200.690582 3003.753174
-365.841095 133.802948 3033.742188
-347.184998 174.095520 3029.170410
-349.706329 253.878113 3083.248047
-351.692047 326.098236 3078.512207
-384.596222 174.008942 3025.049316
-388.691620 254.053528 3070.745605
-392.028107 325.549713 3049.754883
-364.504883 53.595078 3034.236084
-364.639008 93.628876 3039.913818
-336.214752 94.018677 3046.475830
-315.493195 152.914948 3096.898193
-304.601624 208.459641 3031.677246
-393.186279 93.237366 3033.351807
-405.830841 147.734467 3100.775635
-412.457825 200.365448 3000.368896
-364.773010 133.744141 3034.121094
-346.232361 174.155228 3032.619873
-348.764587 254.066376 3079.089600
-351.274719 325.825989 3073.245605
-383.635620 173.870132 3024.036865
-388.776306 254.121643 3059.725098
-391.471619 324.930176 3050.874512
-363.946442 53.503967 3032.650635
-364.117371 93.589966 3040.332275
-335.720123 94.124741 3049.004883
-315.160309 153.147827 3099.949951
-304.766418 208.261078 3026.030518
-392.677094 93.052124 3031.659668
-405.893433 147.463531 3096.825195
-412.252594 200.107117 2995.279541
-364.312408 133.737610 3035.533203
-345.861969 174.213348 3036.405029
-349.119019 254.055176 3080.993652
-351.801514 323.649231 3070.694580
-383.224060 173.810715 3025.063232
-388.451111 253.910370 3065.728760
-391.880371 323.868774 3055.473877
-364.082733 53.727600 3031.866211
-364.212158 93.550461 3038.538330
-335.769989 94.005371 3044.910889
-315.370422 151.539307 3102.468506
-305.696869 205.797394 3022.509033
-392.773895 93.093643 3032.165771
-405.179169 147.600525 3101.928467
-412.157837 199.614258 2994.090576
-364.451660 133.714691 3033.500488
-346.016937 174.200684 3032.629883
-348.657471 254.261841 3073.597900
-352.310699 325.473694 3064.690918
-383.418427 173.823929 3024.295410
-388.321381 253.997101 3064.157715
-392.337982 323.727722 3053.958252
-363.908020 53.857285 3031.979736
-363.940308 93.710098 3037.169434
-335.468262 94.099823 3041.872803
-315.335388 151.519287 3098.232422
-307.278687 206.335358 3019.646729
-392.500671 93.319168 3032.466064
-405.569153 149.858017 3102.982666
-411.247711 200.646210 2985.378662
-364.203949 133.846405 3030.855957
-345.762573 174.324615 3027.618164
-347.663971 254.413757 3073.034424
-351.628815 325.767639 3058.712646
-383.212921 173.975601 3021.466797
-387.163300 254.157501 3065.683105
-392.020111 323.815430 3049.037598
-363.565094 53.767700 3031.527588
-363.539551 93.627045 3037.842529
-335.058105 93.938736 3039.746826
-316.714600 152.385437 3098.109619
-308.045624 206.681717 3016.605713
-392.056732 93.314957 3035.938232
-405.048889 149.446381 3106.455078
-410.245972 199.211075 2981.034424
-363.882050 133.816772 3033.291504
-345.538422 174.298676 3029.985840
-346.650757 254.245911 3078.757324
-351.769409 326.433594 3069.214355
-382.928101 173.955704 3027.495117
-387.025848 254.054413 3068.925293
-392.128479 323.774231 3056.959473
-362.393890 54.320602 3031.293701
-362.391663 94.032196 3037.746338
-333.915253 94.398468 3040.958740
-317.576233 153.601822 3096.062744
-308.559601 207.288071 3011.854004
-390.928375 93.665146 3034.533936
-404.104065 152.826202 3106.204834
-410.392792 200.336823 2963.699951
-362.719025 134.247864 3033.855469
-344.371796 174.751221 3032.065186
-344.716705 254.649689 3080.762939
-350.534088 326.531555 3068.997803
-381.748505 174.382156 3027.864014
-385.508667 254.497742 3068.971436
-391.528168 324.436096 3046.838379
-361.302765 52.500198 3030.172119
-361.379456 92.593353 3039.500488
-332.912415 92.972046 3041.671143
-314.506226 152.510773 3086.011475
-308.938354 207.161148 3013.904297
-389.887207 92.214142 3037.329834
-402.628113 152.716980 3115.097900
-408.688171 199.761673 2974.631592
-361.783997 132.862396 3037.995361
-343.550568 173.381638 3037.909668
-344.819061 253.218292 3083.820557
-351.001740 325.483765 3069.321045
-380.844757 172.960876 3035.070801
-385.319122 252.935303 3073.448242
-391.717529 323.261444 3051.439453
-360.211823 53.093063 3030.615723
-360.136169 93.037979 3039.904297
-331.668732 93.337967 3041.549561
-311.063660 151.834106 3075.965088
-309.925598 206.955261 3008.611816
-388.634460 92.737656 3038.259033
-401.501343 148.759262 3119.663818
-407.328918 196.920349 2996.010498
-360.462585 133.308289 3038.526855
-342.153290 173.782974 3038.225342
-343.640991 253.649323 3082.613037
-350.689911 328.445099 3065.061035
-379.438538 173.447144 3036.073486
-384.356781 253.615051 3062.060059
-391.368225 325.342773 3040.136230
-359.520508 52.642471 3031.297119
-359.470612 92.635117 3040.107422
-331.004059 92.911163 3041.703125
-309.123260 152.030975 3077.434082
-309.880615 206.932693 3005.413818
-387.967041 92.358765 3038.511719
-400.602509 147.627686 3121.549561
-406.210266 195.647308 2997.904053
-359.762360 132.933411 3039.660889
-341.430023 173.396500 3040.257812
-344.264801 253.211761 3083.130859
-351.472076 327.610046 3066.392090
-378.691193 173.090515 3038.170898
-384.999573 253.257019 3055.425781
-392.133942 324.682709 3041.193359
-358.876251 52.216080 3031.168457
-358.978119 92.199692 3040.320557
-330.521790 92.564178 3043.003418
-308.431549 151.761688 3078.213135
-309.658997 207.028015 3002.427734
-387.484741 91.834579 3037.637695
-400.472198 149.814453 3125.248047
-406.604523 196.730377 2988.210693
-359.322601 132.534897 3041.154785
-341.061768 173.039780 3043.743652
-344.319672 252.851562 3082.921631
-351.777893 327.190308 3071.210205
-378.293457 172.655945 3040.234375
-385.335541 252.840454 3048.643555
-392.252380 325.081635 3041.658936
-357.279144 52.728394 3030.616211
-357.440491 92.545837 3040.659424
-328.981781 92.971130 3042.141846
-308.170349 151.799408 3078.088623
-309.253784 207.271164 2997.695557
-385.926971 92.120132 3039.177002
-399.335052 147.784714 3123.034912
-406.375488 195.052429 2988.685059
-357.944580 132.898804 3042.280762
-339.853546 173.460983 3044.871582
-343.348572 253.127991 3088.053223
-350.944824 327.015015 3066.012939
-377.054565 172.956436 3042.932617
-384.867065 253.105255 3040.114746
-390.935089 325.866058 3041.503906
-355.936981 53.771500 3031.354492
-355.977966 93.430328 3040.704102
-327.520599 93.745270 3042.475098
-307.951294 152.728195 3077.567871
-308.164581 208.288040 2995.371582
-384.468506 93.114990 3038.933105
-398.869263 150.626099 3129.516846
-406.694061 196.256470 2976.171875
-356.309937 133.776855 3042.075684
-338.045013 174.262177 3044.605225
-343.118378 253.814209 3088.416748
-349.886627 326.013733 3062.672363
-375.252350 173.911758 3042.289307
-384.763336 253.939301 3025.152344
-389.703796 325.745148 3036.273193
-354.422607 53.615585 3031.705078
-354.758667 93.436737 3041.613281
-326.337738 93.949966 3045.877441
-307.741730 153.012817 3077.283691
-307.586761 208.853180 3002.239746
-383.259399 92.922073 3037.349121
-398.912933 152.479462 3132.243164
-405.813477 198.634293 2973.269531
-355.220642 133.786514 3043.535645
-337.107513 174.346939 3048.246826
-344.256195 253.596924 3093.199463
-350.681305 326.724792 3065.107178
-374.290588 173.823242 3042.669189
-385.779175 253.605896 3020.187256
-389.335785 325.104675 3036.818848
-353.490234 53.145584 3031.378174
-354.071777 93.179306 3042.631836
-325.679321 93.820206 3048.412598
-307.573425 152.647827 3071.642334
-306.252869 208.462585 3000.011230
-382.572296 92.535950 3036.851074
-398.502319 148.241302 3137.940918
-404.981140 196.191223 2996.034180
-354.626556 133.543091 3045.535889
-336.635315 174.148712 3052.220215
-344.656982 253.419037 3089.323730
-350.928833 325.995880 3065.718994
-373.771271 173.510513 3044.659668
-386.322144 253.108856 3020.435791
-389.154846 324.412109 3039.712402
-353.530396 52.348007 3031.237061
-353.877716 92.415466 3042.676514
-325.495239 92.999146 3049.318848
-307.695374 152.127686 3070.350098
-305.728180 208.025269 3002.243164
-382.384399 91.829239 3036.034180
-398.753845 146.064117 3133.871582
-405.648438 195.819901 3010.263672
-354.295898 132.768036 3045.128418
-336.168121 173.322266 3051.923828
-344.326691 252.632721 3088.287354
-351.226013 325.287903 3061.093262
-373.311646 172.788315 3043.236816
-385.610687 252.478516 3021.221436
-387.711792 322.786224 3035.941406
-353.603241 51.338303 3029.638428
-353.822784 91.574417 3042.093018
-325.428650 92.069580 3048.402344
-307.627533 151.308197 3066.130371
-305.284454 207.439392 3002.732910
-382.334961 91.077209 3035.783691
-398.730865 144.374619 3134.966309
-405.796265 193.892120 3008.312988
-354.133606 131.943115 3044.763672
-335.894592 172.455475 3051.560303
-344.336334 251.706390 3090.349365
-351.454926 325.615234 3062.331299
-373.043488 172.026093 3043.308350
-385.129974 251.749023 3024.018799
-386.470245 322.719818 3037.730957
-354.336243 52.298859 3029.863770
-354.817413 92.111053 3040.943604
-326.378662 92.533981 3043.552490
-307.546051 150.927551 3068.568604
-305.052490 207.161850 3004.239502
-383.304993 91.687393 3038.334717
-398.178680 143.416611 3136.244141
-406.412964 192.467377 3006.011475
-355.249725 132.473297 3042.939697
-337.097107 173.013809 3046.642334
-345.970673 252.514832 3077.171631
-353.332306 328.081238 3058.929932
-374.286682 172.551178 3043.229248
-386.507507 252.266235 3020.335693
-386.571442 324.150879 3040.285889
-355.597015 53.054840 3031.482178
-355.826935 92.636429 3039.912598
-327.367279 92.919327 3041.859131
-307.599487 151.014618 3069.790771
-304.022491 206.864166 2999.183838
-384.323090 92.353149 3037.966064
-399.580994 145.262146 3140.147217
-408.356110 192.428391 2988.975830
-356.103882 132.963348 3040.303711
-337.772705 173.431107 3041.967529
-345.617859 253.049408 3077.306641
-352.627563 328.388855 3058.237305
-375.004395 173.128525 3039.422119
-385.711731 253.152771 3017.651611
-384.464935 324.514069 3041.869385
-356.575775 53.423904 3031.259521
-356.634460 92.995560 3040.235107
-328.167572 92.910675 3037.502930
-307.496674 151.354462 3067.372559
-304.572754 207.184021 2996.069092
-385.050232 93.080276 3042.967285
-400.000885 144.856415 3139.587891
-408.960083 192.692810 2996.168213
-356.686127 133.312805 3040.419434
-338.122437 173.617096 3038.816406
-345.433594 253.210602 3080.468018
-351.755493 326.881744 3057.282959
-375.331238 173.633240 3042.391113
-384.787598 253.699829 3029.553711
-383.155334 324.824097 3051.298096
-357.198944 54.035934 3030.674316
-357.246979 93.470444 3039.135742
-328.774750 93.439133 3039.121826
-307.356018 150.978043 3066.699707
-304.748291 207.216156 2997.960693
-385.718964 93.501801 3039.149658
-401.952423 145.168762 3133.141846
-409.002838 193.705765 2994.224365
-357.206970 133.772797 3038.377930
-338.540649 174.074997 3037.611084
-345.352173 253.733948 3079.747803
-351.803497 327.010956 3061.026367
-375.793121 174.115509 3037.629150
-383.675934 254.438354 3031.171387
-382.305817 324.684082 3045.424072
-358.768158 53.446228 3030.854248
-358.425812 92.983643 3041.061035
-329.966583 92.498306 3038.963135
-307.304260 151.088715 3059.827881
-305.016479 207.272003 2991.460205
-386.845825 93.468307 3043.158936
-403.714294 145.331497 3131.600098
-409.348999 193.977844 2992.733887
-357.869324 133.284271 3041.272461
-338.709473 173.298431 3040.112061
-345.373871 252.964355 3080.554932
-351.929169 325.906921 3064.114014
-375.899597 173.859940 3042.855713
-382.724762 254.022278 3047.803711
-381.686340 324.206177 3057.308105
-360.290253 53.286148 3033.980713
-359.805023 92.706039 3042.062988
-331.352844 92.054642 3039.512451
-308.258301 149.721222 3051.922852
-306.066956 205.124542 2990.384766
-388.209534 93.356339 3044.613525
-406.411316 149.213165 3130.324463
-412.151367 195.993942 2966.250244
-359.055695 132.939209 3040.669434
-339.690277 172.827271 3037.608154
-346.159576 252.757751 3070.070801
-352.939209 326.750458 3060.323486
-376.900665 173.590820 3040.943604
-383.241913 253.852905 3047.288818
-382.648010 324.606506 3052.150635
-362.077271 53.254669 3032.521973
-361.364044 92.884995 3041.212891
-332.906952 92.239182 3040.268311
-311.199310 149.989868 3059.470703
-307.337738 205.762619 2990.574463
-389.803497 93.530396 3042.157471
-407.586609 151.069946 3133.645752
-413.578857 198.370041 2968.697021
-360.512390 133.155487 3040.637695
-341.046448 173.035156 3039.444824
-347.715485 252.756531 3077.974609
-353.024353 325.989044 3061.229004
-378.266846 173.847076 3040.680176
-384.819275 254.077240 3049.653320
-382.923798 324.674744 3055.756348
-363.739288 53.169540 3030.811768
-362.724182 93.052170 3040.745117
-334.277710 92.280701 3042.080078
-313.223114 150.924683 3072.755859
-308.284821 206.547302 2996.240234
-391.195618 93.824310 3039.410156
-408.425232 150.293213 3136.326904
-414.296631 199.269745 2993.781250
-361.546509 133.326874 3040.369629
-341.758087 173.083649 3040.867188
-348.552917 252.826019 3076.778564
-352.705627 326.809540 3062.630371
-378.989746 174.139679 3039.121094
-385.024261 254.472565 3046.938477
-382.222229 323.590759 3057.446045
-366.260132 52.950623 3030.414062
-364.919739 92.951279 3041.624756
-336.496948 91.716675 3038.167725
-314.127686 152.023163 3078.845947
-309.474701 207.040771 2986.797119
-393.277985 94.183090 3045.081787
-408.726715 150.770294 3143.134766
-416.307373 198.868988 2995.580322
-363.386383 133.221298 3041.860352
-343.266235 172.737701 3039.834229
-350.208069 252.487335 3076.353271
-353.489410 326.105408 3057.564697
-380.412720 174.231308 3044.357666
-385.897095 254.430969 3054.892090
-382.833344 323.323883 3062.221924
-367.984680 52.958527 3031.239258
-366.362152 92.915192 3042.525146
-337.955475 91.433884 3037.414307
-315.031830 150.495758 3080.406494
-312.172394 205.194183 2989.882324
-394.673523 94.391556 3047.635986
-409.270050 150.538956 3149.571777
-418.055603 197.867737 2996.962891
-364.586304 133.159698 3042.623291
-344.246765 172.522278 3039.379883
-350.016083 252.310333 3078.463379
-353.146271 327.467712 3054.372803
-381.333740 174.279053 3046.062988
-386.084839 254.512177 3054.226807
-382.089142 323.880066 3060.230225
-369.792419 52.875137 3030.641602
-367.781677 92.855453 3042.768555
-339.394226 91.082535 3036.485107
-315.831665 149.481766 3078.686279
-313.558258 203.737289 2991.559326
-396.052155 94.621078 3049.052002
-411.421143 149.409576 3141.272949
-419.078827 197.119659 2991.435791
-365.645813 133.123077 3044.313477
-344.976990 172.301331 3041.749756
-350.306458 252.140991 3077.598877
-352.436310 327.890869 3054.283936
-381.997284 174.395554 3049.967041
-386.013611 254.549652 3059.513184
-381.783600 324.799744 3063.178467
-370.661865 52.552795 3029.849121
-368.622589 92.589264 3042.832764
-340.244965 90.723251 3035.461426
-317.286224 149.171631 3081.815430
-314.358856 202.917572 2996.725830
-396.863068 94.446243 3050.204102
-413.182526 149.246185 3135.143555
-420.722321 196.707855 2987.469238
-366.413483 132.870743 3044.934082
-345.686005 172.006775 3042.215332
-349.970581 252.121094 3065.515625
-352.092224 328.199432 3050.936523
-382.670288 174.183105 3051.855469
-386.365112 254.349304 3057.756348
-381.884003 324.243286 3060.542236
-371.565796 52.999741 3030.369385
-369.587311 92.832001 3043.476318
-341.214966 90.995956 3035.988037
-319.767090 148.694412 3084.776123
-314.801056 202.579285 3003.795410
-397.820374 94.659073 3050.964600
-414.519409 150.058502 3135.517822
-421.841003 194.558029 2971.431152
-367.421448 133.116409 3045.855225
-346.744141 172.269760 3043.337402
-349.332794 252.557007 3057.583252
-352.085724 328.365265 3051.856445
-383.714386 174.402679 3053.130859
-386.796448 254.556580 3059.578613
-382.733795 324.274994 3062.123535
-372.581177 52.763412 3042.233398
-370.512299 92.285797 3049.202881
-342.187866 90.421936 3044.245361
-321.335907 148.138611 3092.398438
-314.981445 202.416519 3007.994873
-398.744751 94.143600 3054.160400
-416.428223 149.419586 3129.776367
-421.912903 193.504059 2968.477783
-368.214050 132.345749 3047.368652
-347.371460 171.319626 3042.291992
-347.827942 251.784607 3043.573242
-351.684113 327.546173 3050.389160
-384.415192 173.585892 3048.776855
-386.638336 253.837585 3058.830566
-382.856537 323.353882 3055.688232
-374.093994 52.641510 3049.164062
-371.932159 91.962006 3052.285645
-343.630035 90.168152 3048.043213
-322.184113 147.379456 3091.721436
-315.443756 202.162888 3016.291260
-400.155701 93.750885 3056.528076
-417.279877 149.038727 3135.397461
-422.455872 192.932388 2974.671387
-369.717804 131.911957 3048.271240
-348.946991 170.864731 3041.482666
-347.751038 251.406647 3036.565186
-352.624420 328.205078 3052.390869
-386.014465 173.067825 3047.031006
-387.292206 253.255035 3065.414307
-383.988037 324.127655 3057.263916
-375.192169 52.564438 3052.124756
-372.970093 91.820786 3054.259766
-344.680389 90.094940 3051.131592
-322.635284 147.013931 3095.387451
-315.918640 201.856964 3016.097412
-401.201935 93.543091 3057.387939
-416.319000 150.137299 3135.192871
-422.726929 192.805725 2970.829834
-370.786438 131.721695 3049.488037
-350.041931 170.669678 3042.670654
-346.688385 251.136353 3035.250732
-352.147675 328.703735 3053.276855
-387.125000 172.824219 3046.761963
-386.709442 252.982727 3067.908447
-383.576233 324.454834 3060.715576
-375.563934 51.394470 3041.602051
-373.558807 91.271210 3051.262939
-345.246948 89.600418 3046.188965
-322.855286 146.734207 3097.181641
-316.195770 201.807892 3020.779297
-401.776642 92.936447 3056.336914
-416.379364 150.872589 3135.107910
-424.267365 190.675583 2962.660400
-371.514709 131.379608 3051.442383
-350.963654 170.478714 3048.303467
-346.522736 250.759033 3030.123291
-350.935913 327.974854 3060.677490
-387.937836 172.485718 3054.940186
-386.879456 252.401733 3078.428223
-382.992615 323.896851 3067.649414
-375.801880 51.423080 3036.329590
-373.885864 91.455551 3049.770264
-345.561768 89.844757 3043.742920
-323.156616 146.058533 3098.572754
-317.873779 201.168030 3025.092529
-402.098236 93.060013 3055.797607
-416.872803 151.593292 3131.051758
-426.090088 189.196899 2945.601562
-371.946381 131.668106 3052.377930
-351.527679 170.864975 3051.044189
-345.762939 250.956787 3022.567871
-349.241058 328.393097 3052.255615
-388.445038 172.756577 3058.927002
-386.782349 252.687866 3073.509033
-382.626068 325.140717 3063.230713
-375.772827 52.102631 3033.178711
-374.083557 92.029602 3047.977783
-345.741425 90.466751 3041.688965
-323.307800 145.445511 3099.257324
-318.495361 200.454315 3030.344238
-402.308990 93.586029 3054.266602
-416.735382 152.061615 3126.006836
-427.385773 187.953201 2925.983643
-372.197571 132.319580 3052.246094
-351.843231 171.587051 3052.402100
-344.951874 251.549866 3019.031250
-347.854828 328.576630 3044.620361
-388.740814 173.404572 3060.626709
-386.429199 253.357178 3068.748535
-382.462616 325.548767 3061.336426
