-276.399628 35.042419 3734.430664
-271.103699 65.832047 3744.562988
-250.426971 67.117249 3767.630127
-246.052246 108.691223 3839.043945
-243.933258 151.054871 3670.703857
-292.036743 64.530914 3721.495850
-298.929718 102.854126 3736.879395
-287.625885 57.522217 3659.368896
-272.845459 111.162361 3770.404297
-259.118866 156.423187 3813.668701
-261.972504 225.337021 3881.242432
-271.855591 288.502258 3969.459717
-290.150604 155.322845 3778.822510
-292.404114 227.560898 3800.821777
-280.063049 284.714600 3903.082031
-276.488541 34.868500 3734.793457
-270.903961 66.126251 3740.621582
-250.156647 67.392166 3762.419189
-245.270660 99.925217 3659.033203
-266.886795 80.182663 3553.636475
-291.894470 64.845474 3718.823975
-297.026733 102.631531 3685.672363
-266.338104 54.772385 3583.425049
-272.692108 111.696922 3766.516846
-259.336182 157.185104 3808.475830
-262.579010 229.308487 3863.402588
-271.969742 291.979614 3963.922852
-289.704163 156.100815 3776.348389
-292.722473 228.852402 3801.629395
-280.584351 287.960938 3899.988525
-276.426392 34.785629 3735.690918
-270.997650 66.434448 3738.653809
-250.309021 67.687408 3758.267090
-246.956146 99.026581 3657.139648
-268.800980 82.926819 3551.788818
-291.904480 65.168289 3719.040527
-295.078339 106.154747 3667.856201
-271.928055 59.566849 3611.903564
-272.895950 111.910339 3764.379395
-259.935486 157.328659 3804.325928
-263.459564 226.884293 3848.765137
-272.643066 293.015442 3963.506104
-289.713196 156.204895 3775.884033
-291.943787 228.585739 3796.921631
-281.213989 289.538452 3894.628418
-276.422577 34.764557 3736.041748
-271.051453 66.739075 3738.113770
-250.278015 67.869476 3755.222900
-247.578918 102.306030 3686.789307
-268.029327 90.382004 3572.236328
-292.015930 65.598328 3721.004639
-293.915009 101.083084 3645.060547
-270.140167 48.615921 3620.104492
-272.925140 113.366333 3765.336182
-259.581848 159.841888 3805.225586
-262.420197 228.753052 3866.292725
-283.259430 278.375305 3976.639893
-290.063843 158.803040 3779.891602
-291.301605 228.577515 3786.917236
-281.909058 290.048462 3883.134766
-276.411743 34.732101 3736.778564
-271.076920 66.903397 3736.604492
-250.261322 68.092941 3752.480957
-248.179535 104.821457 3717.733643
-269.870056 90.959915 3568.979736
-292.070129 65.703674 3720.728027
-293.792847 101.895218 3649.661133
-271.504669 41.121918 3625.383301
-273.149506 113.818840 3763.443848
-259.669418 160.662537 3802.270264
-261.726990 228.828644 3868.315430
-265.192398 285.727875 3891.882324
-290.814545 159.473450 3778.296143
-291.518372 229.288055 3784.467041
-282.389801 290.501648 3879.103760
-276.839966 35.655685 3737.016846
-271.167206 67.005386 3734.753662
-250.335922 68.181366 3750.566406
-249.069275 106.072632 3727.782715
-270.960693 93.282135 3572.658447
-292.175629 65.819427 3718.940918
-293.066101 103.604050 3667.925049
-273.069000 41.131119 3626.003906
-273.203720 113.326820 3761.705322
-260.120651 159.559723 3800.254395
-261.196991 227.233063 3856.311279
-269.156494 286.032410 3912.617432
-290.394562 158.415207 3777.059570
-291.135040 231.452164 3786.241943
-282.542145 293.089661 3877.802490
-276.947571 35.625916 3741.527832
-270.169113 66.236191 3737.399902
-250.884857 67.703613 3762.080078
-254.744385 107.539291 3934.133545
-268.315796 100.886902 3608.635498
-289.709747 64.749268 3712.719727
-293.154663 100.963684 3658.815430
-291.164276 53.986038 3727.135010
-271.734848 109.055580 3752.128418
-259.660538 152.180939 3784.382568
-260.272736 219.925842 3834.691406
-274.154388 282.971985 3901.387451
-287.043518 150.893280 3749.331299
-293.126099 229.876999 3817.773926
-283.778809 289.863129 3827.918213
-278.053772 37.773621 3746.439941
-267.265564 64.582779 3722.555176
-248.779297 66.173264 3749.811768
-254.896210 108.836853 3905.523193
-271.270309 104.007996 3600.864990
-286.024536 62.968811 3695.298584
-293.024597 100.918045 3661.103516
-279.163422 45.867065 3630.742188
-269.565964 109.954468 3748.369141
-260.920471 155.256775 3790.420654
-258.441299 226.790695 3828.625732
-268.288345 287.249634 3892.442139
-282.843628 154.149445 3757.945557
-290.966797 230.868683 3805.716553
-280.910156 286.151642 3865.370850
-278.623642 39.195312 3747.472900
-267.592621 64.708405 3723.850830
-249.428650 66.526337 3749.862305
-253.699341 108.373360 3888.622559
-270.341675 109.659683 3647.313232
-286.012146 62.864868 3697.839355
-293.146667 102.464241 3663.833008
-283.544983 51.354706 3669.262207
-270.551178 110.518524 3749.281982
-263.020172 156.392578 3789.802979
-260.924744 225.170212 3835.678467
-267.037125 291.485901 3894.617432
-284.003479 155.024765 3759.623291
-290.323303 231.001099 3774.041748
-284.756927 289.894257 3864.095947
-276.353821 42.569565 3757.027588
-267.830063 64.479935 3725.898438
-249.644409 66.398987 3752.156982
-253.046265 107.638489 3883.932617
-267.717636 114.398422 3699.462891
-286.273865 62.533691 3699.639893
-293.822998 101.792824 3661.834229
-247.232574 102.556908 3666.427246
-270.966980 110.578842 3750.357666
-263.039047 156.853180 3790.860596
-259.024597 228.917267 3834.737549
-268.428131 290.516022 3902.550537
-285.181519 155.300858 3758.773193
-291.963104 230.447891 3792.303467
-288.321899 295.610870 3848.814209
-277.366241 42.056931 3749.722900
-267.917938 64.293320 3714.635498
-249.475174 66.414124 3748.038086
-247.815125 118.201965 3824.666992
-266.630798 115.620079 3766.614746
-286.695404 62.134033 3681.232910
-294.914520 101.238136 3657.041504
-281.900818 149.132156 3637.237305
-271.201523 110.950142 3743.119141
-262.313782 157.751022 3793.754883
-259.501526 227.858521 3831.292725
-269.504211 291.569611 3911.828125
-286.700439 156.043427 3749.450684
-291.674316 229.637634 3800.732178
-288.331726 295.191467 3849.325684
-276.863373 38.191711 3736.177002
-268.159134 64.214783 3715.186035
-249.312469 66.135178 3743.789551
-249.096375 115.006386 3855.652588
-264.044769 121.105072 3794.218262
-287.298279 62.264587 3686.582520
-295.174866 101.641617 3660.603516
-251.728729 127.995575 3669.307861
-271.266876 110.385857 3744.214600
-261.651123 156.665237 3792.683594
-260.652695 227.335678 3830.863281
-268.652649 291.280029 3917.645020
-287.133789 155.019379 3753.802734
-292.381744 229.939896 3806.344971
-288.428162 296.412292 3850.417480
-276.649536 36.644577 3730.373535
-268.503235 64.481628 3713.303223
-249.286377 66.337402 3741.382080
-248.877075 113.961861 3845.798340
-264.457367 120.265060 3763.986816
-288.012909 62.597565 3685.224365
-295.775391 101.429901 3666.894043
-244.425064 100.749634 3672.772705
-271.358643 110.191467 3740.746338
-260.574310 156.064911 3788.263184
-261.188721 226.859100 3836.724121
-267.795746 292.911224 3922.227295
-287.916321 154.397263 3748.115723
-292.490021 228.783737 3804.586182
-288.554016 295.229553 3853.398438
-276.182373 36.414917 3733.468994
-268.315094 64.729965 3713.594238
-249.290817 66.570847 3741.910400
-249.021484 113.516792 3846.888916
-263.357712 123.156281 3779.287598
-287.631714 62.860825 3685.278076
-296.212616 101.224319 3666.926025
-246.274597 102.046211 3669.760742
-271.198883 111.133278 3741.599854
-260.046478 157.686493 3790.656982
-261.763702 233.931396 3841.517090
-268.944382 270.077087 3842.273438
-288.190399 155.998260 3748.553955
-293.021576 232.325119 3826.003418
-288.577362 296.060242 3858.210449
-276.652283 37.835220 3734.761963
-270.235626 67.481186 3728.874756
-249.929016 68.745636 3749.320068
-250.253418 115.220596 3863.079102
-254.376251 110.654152 3616.781494
-290.766144 66.202789 3708.429443
-297.375946 93.221130 3651.758301
-279.582184 46.142090 3587.361572
-272.019501 113.836182 3751.112305
-259.677521 160.173523 3787.682617
-261.078369 237.885986 3846.920898
-275.267517 313.675873 3957.068115
-287.994751 159.112091 3759.017090
-293.346069 233.153198 3814.899902
-288.403076 297.503082 3857.966064
-277.076462 38.455704 3736.741211
-270.931000 68.354126 3734.152100
-249.981613 69.487015 3751.683594
-250.466965 115.609322 3865.197754
-268.935059 86.796402 3565.979004
-292.078003 67.210510 3716.620605
-297.729095 90.492371 3647.837646
-278.200256 42.871201 3610.578125
-272.536621 114.910599 3754.631592
-259.705765 161.443512 3787.283447
-262.932541 238.937256 3869.675781
-275.524780 313.640900 3957.693604
-288.637177 160.477264 3762.938721
-293.193420 231.756989 3819.184082
-288.047699 299.649536 3853.237061
-279.972626 41.677292 3748.464600
-270.859055 69.810272 3728.291016
-249.728882 71.368347 3750.223389
-249.769806 115.656204 3875.761963
-266.804108 90.704254 3589.058594
-292.239319 68.233780 3706.358643
-286.780914 114.991425 3625.562500
-280.503479 45.644333 3601.590332
-273.235794 115.532555 3753.399902
-262.052490 161.303711 3792.691406
-262.343613 237.375473 3868.595459
-275.755630 312.016449 3964.404785
-289.211304 159.985641 3764.326172
-292.595459 230.885468 3809.741211
-287.789001 300.509338 3845.610840
-279.758606 41.391113 3746.928711
-271.086899 69.580460 3732.401123
-249.793121 70.804596 3749.669922
-249.525558 114.178040 3870.904297
-266.022614 89.036987 3588.545898
-292.578644 68.344955 3715.132324
-290.002197 110.733536 3644.168945
-279.485901 43.663788 3585.132568
-272.896851 114.274170 3754.074219
-259.596039 159.031769 3788.100830
-261.803528 237.113754 3863.531006
-275.002441 313.884583 3962.899170
-289.875061 157.874008 3763.393799
-292.631836 228.790222 3807.781494
-287.830475 299.586395 3838.726562
-276.670776 40.528473 3757.658447
-269.771210 67.200317 3725.465332
-249.504395 68.667023 3744.531006
-249.126831 112.003281 3865.905273
-265.884323 86.046860 3581.998047
-290.246521 65.718536 3706.399658
-290.915039 107.139458 3676.604980
-281.394287 48.343842 3629.792236
-272.170792 112.779282 3750.114990
-259.022629 158.531921 3789.519287
-260.922058 231.440033 3851.093262
-274.356140 312.723877 3964.058105
-290.177185 156.987946 3760.010010
-292.725189 227.241837 3803.669189
-287.970520 298.950195 3827.742188
-277.267609 39.307831 3748.478027
-269.405701 64.548172 3734.705566
-249.785599 66.132889 3756.510498
-250.643921 96.979019 3615.662354
-263.816803 86.252655 3647.539062
-289.256256 62.944824 3712.900635
-299.918701 92.597458 3699.857910
-273.845993 116.441872 3583.281250
-271.772461 111.066383 3755.497070
-258.796509 157.889069 3793.454346
-260.173309 230.351791 3837.457520
-274.729614 307.600525 3956.383301
-289.569641 156.248138 3759.122803
-292.675903 226.469315 3805.251221
-287.863098 302.014008 3836.332031
-277.443207 39.407410 3748.991943
-269.523926 64.121140 3736.053711
-249.939636 65.644745 3759.078125
-248.806702 94.704559 3634.644531
-266.137421 84.674240 3649.015625
-289.351074 62.578644 3713.029297
-297.929749 95.490967 3680.290039
-271.982605 114.286873 3587.468262
-271.438202 110.838524 3751.908447
-258.532196 157.882782 3785.268311
-259.992279 229.276077 3824.827148
-268.356049 287.432800 3942.000977
-288.278717 156.435913 3750.258057
-292.364990 226.898483 3811.050781
-288.550964 299.640869 3843.396729
-275.579926 42.631378 3736.319580
-270.209442 66.013138 3735.913818
-250.351837 67.364029 3760.448242
-250.386139 97.430908 3636.092041
-269.535126 85.373306 3658.285645
-290.329590 64.644394 3711.379395
-296.123840 98.505753 3644.598389
-262.520569 111.220871 3595.831543
-271.916138 113.823830 3757.990967
-258.717743 161.623154 3798.625000
-255.944489 230.399078 3835.432373
-265.832062 285.494446 3951.149658
-288.634949 160.523560 3761.511230
-291.966736 231.200745 3816.591797
-288.401031 303.294159 3844.422852
-275.727997 44.370712 3733.331787
-270.479431 66.938782 3734.984863
-250.286102 68.200836 3757.701904
-248.686447 109.822289 3715.428711
-269.921295 83.923096 3636.247559
-290.919891 65.661270 3712.267822
-294.798065 99.463135 3675.147461
-261.682892 106.409058 3592.070557
-272.186905 115.147995 3758.689697
-258.957306 163.256790 3799.343018
-257.356781 228.288162 3831.556396
-263.485901 285.340668 3961.476807
-288.922974 162.244568 3765.446045
-291.948975 237.306168 3820.367188
-287.879578 305.832184 3841.677002
-276.118652 42.581970 3739.956055
-270.640656 67.996094 3736.916260
-250.227142 69.243637 3758.920166
-248.761642 110.271309 3723.318848
-269.694092 85.468063 3634.973633
-291.296021 66.733780 3714.912354
-294.459290 99.390701 3666.131592
-262.455093 101.332260 3595.252930
-272.355560 115.269905 3760.674316
-259.377701 162.451019 3800.405518
-257.154175 227.124313 3865.370117
-263.365845 287.013489 3958.171143
-288.844482 161.445099 3768.459229
-287.618134 235.542603 3798.671875
-286.845306 303.166626 3852.416260
-276.086227 41.618347 3741.656982
-270.705292 68.818558 3734.297119
-250.134735 70.075150 3757.875732
-249.257355 111.310181 3751.530029
-267.119431 97.261063 3682.632568
-291.537262 67.545959 3710.718506
-288.522736 108.432442 3774.178467
-270.160370 94.098541 3562.514404
-272.414200 115.502693 3760.050293
-259.523697 162.029327 3802.692871
-257.920135 228.215836 3852.542480
-263.522308 289.711761 3958.203613
-288.806641 161.069763 3768.914062
-288.590454 235.949982 3798.412354
-254.916336 267.605835 4051.091797
-275.870239 42.391357 3739.352051
-270.973999 68.942291 3747.959473
-250.491425 70.115662 3765.757324
-250.540161 111.791336 3780.873535
-264.898926 105.737503 3732.092773
-291.652008 67.757721 3730.161621
-291.028442 103.238480 3710.473145
-266.570831 109.062920 3572.334473
-272.626831 116.620270 3766.319092
-259.528549 164.356750 3797.580811
-260.904602 234.765503 3859.269531
-264.103882 293.389771 3959.245361
-289.099548 163.311005 3771.776611
-296.513153 226.133789 3926.909424
-258.983078 271.671753 4044.688232
-276.229034 41.301559 3738.546387
-270.813431 69.123367 3742.635010
-250.340851 70.343185 3762.324219
-250.335678 112.638695 3793.662354
-263.796661 103.788506 3716.920410
-291.502563 67.890640 3722.945801
-294.173645 103.261681 3718.949219
-269.688538 74.849197 3657.123535
-272.551987 116.838646 3764.052734
-259.618622 164.531158 3799.689453
-257.946335 236.989227 3845.948975
-265.009888 295.177582 3954.741699
-289.033600 163.492920 3771.251465
-294.070801 231.891464 3874.316895
-261.204941 277.687195 4024.274414
-276.463196 40.457184 3731.893311
-270.614868 69.175491 3740.318848
-250.203766 70.322205 3763.222656
-248.867249 113.873604 3834.050781
-263.221161 109.548592 3755.743652
-291.277496 68.014633 3717.415039
-294.153717 102.830650 3679.785645
-290.935791 57.768509 3724.961426
-271.658859 111.002045 3755.998291
-256.369583 152.992142 3790.115479
-257.099823 220.029785 3845.579590
-262.105530 294.269775 3868.042969
-289.179138 151.964508 3753.239990
-287.486115 212.823410 3785.637451
-263.419174 270.973419 4028.268066
-276.490753 40.398895 3734.368408
-270.553131 68.749969 3738.511719
-250.013977 70.029709 3757.593506
-248.222229 111.855911 3778.161865
-264.866638 107.634247 3741.573486
-291.303040 67.457092 3719.429932
-294.138672 102.144524 3675.551758
-284.653717 55.460175 3654.684814
-272.153534 112.101181 3754.541748
-258.484344 155.708206 3784.836670
-257.625458 224.557785 3822.465820
-264.531067 292.304138 3906.628174
-289.112122 154.454620 3756.306885
-290.340698 220.614441 3785.850586
-264.678741 270.717773 4024.452881
-276.789581 39.664856 3735.019287
-270.536270 67.206192 3740.241455
-250.116974 68.469635 3758.166992
-248.031204 108.577194 3809.582764
-258.507782 85.746490 3574.100098
-291.152252 65.930618 3722.315918
-295.998230 98.298111 3677.608643
-263.062653 109.865280 3574.666504
-272.188019 111.655098 3755.866455
-259.310883 156.333160 3784.312744
-259.907974 227.041901 3837.041016
-264.626373 292.440979 3901.817627
-288.440277 155.134125 3758.670166
-291.252777 225.192917 3797.832520
-268.272400 273.860046 4015.419434
-276.850174 40.194809 3735.375244
-269.594681 70.779297 3732.780762
-248.012695 72.194458 3749.446533
-247.742126 113.836540 3844.027588
-255.499710 174.060425 3889.008301
-291.370239 69.351440 3716.114990
-293.799316 107.118996 3693.808105
-265.226837 100.890457 3592.423584
-271.794540 114.776131 3754.214600
-259.628845 158.954742 3786.822510
-260.645569 231.217346 3853.842285
-267.139694 285.715332 3948.651367
-288.395172 157.588089 3764.474365
-290.900055 227.925278 3805.735840
-269.802887 277.640930 4016.334473
-276.888763 40.205795 3737.031738
-269.978500 70.287323 3733.259033
-249.008179 71.648239 3752.033936
-247.813660 114.165352 3835.097412
-255.415253 174.387817 3895.364258
-291.160828 68.912659 3714.484131
-291.675415 108.539009 3684.290283
-265.947372 95.786667 3595.961914
-272.052032 115.331093 3755.868652
-259.823364 160.456635 3791.382324
-260.820679 232.811111 3856.664062
-268.151749 284.958405 3947.711426
-288.476013 159.210632 3765.574219
-290.938660 229.426971 3806.875244
-271.296967 279.691437 4002.914062
-276.992584 39.764847 3736.813721
-270.038040 70.153351 3733.670654
-249.257660 71.537384 3753.578369
-248.262466 114.278328 3831.188477
-255.255035 173.676208 3905.426025
-291.041199 68.754456 3713.762939
-291.842926 107.887375 3685.178223
-266.242859 92.360367 3595.865234
-272.136169 115.786621 3756.822998
-259.976379 161.478638 3793.741211
-261.644379 234.289307 3853.427979
-268.433868 287.181366 3939.233154
-288.544891 160.238586 3766.209473
-291.219299 230.509155 3809.841309
-272.537720 281.322174 3991.580322
