-275.970856 36.378296 3712.572510
-272.713501 69.515778 3722.540527
-249.948090 69.529800 3729.204834
-245.799011 115.977577 3797.171143
-244.096375 157.970917 3659.098145
-295.560608 69.501694 3715.876221
-304.737427 112.708138 3796.668213
-299.328888 160.866516 3628.929199
-272.815125 106.530846 3743.256348
-257.592651 143.059387 3768.504883
-260.583557 222.117676 3858.799561
-269.907410 285.055664 3866.670654
-288.275513 143.217804 3759.439453
-298.115295 228.173462 3771.406250
-291.486450 295.286224 3890.126221
-275.729004 35.404327 3707.073242
-272.715851 69.501495 3722.681152
-250.085495 69.636185 3733.522705
-245.554810 114.870789 3801.841309
-243.657288 160.048676 3639.703857
-295.478424 69.366013 3711.839600
-304.716736 110.890541 3794.695557
-299.258423 160.822128 3661.711914
-272.743103 106.375046 3740.992188
-257.984863 142.838165 3766.448730
-257.630203 203.347733 3792.425781
-282.531097 273.678894 3815.242188
-287.611603 142.940811 3752.157715
-299.226196 228.448990 3777.144043
-281.964996 268.644409 3804.541992
-276.184570 37.403412 3706.307617
-272.730606 69.360229 3716.065430
-250.384476 69.117508 3722.525391
-245.342926 116.618813 3789.921631
-242.786926 158.990799 3614.993652
-295.154541 69.603729 3709.605469
-304.564819 111.177361 3794.747070
-299.210358 161.141388 3660.397461
-272.364777 105.443092 3733.765137
-257.392685 140.945328 3755.726074
-257.924133 209.419052 3799.002197
-279.095764 275.988281 3804.225586
-286.645355 141.426208 3747.203613
-295.528961 229.364365 3766.988037
-278.408051 269.093079 3772.765625
-276.826309 40.858002 3722.144287
-272.447556 69.102905 3717.136230
-250.156235 68.873962 3722.032715
-244.299713 117.200806 3779.132812
-242.653870 154.919952 3625.423828
-294.797699 69.332474 3712.239746
-304.217255 113.768265 3782.352051
-303.323792 143.976364 3663.875732
-272.073303 104.523537 3730.067627
-257.122192 139.488922 3746.222412
-254.103729 215.067383 3805.462646
-280.032898 276.997803 3810.434326
-286.306183 139.910278 3739.775635
-296.232300 227.287369 3762.313232
-277.331696 268.936127 3763.471436
-276.692947 39.420303 3719.233154
-271.843018 68.856293 3715.861572
-250.040039 68.780029 3722.184570
-243.956436 117.991653 3775.477295
-241.198853 152.796478 3641.450439
-293.720337 68.932816 3709.538574
-303.873322 115.971786 3771.688721
-299.397980 159.078094 3628.702393
-271.628632 104.375275 3729.075684
-256.982117 139.513306 3746.503174
-252.538605 218.681900 3809.313477
-280.000275 277.824524 3806.227539
-285.881897 139.773804 3738.076416
-295.042816 224.860687 3768.556396
-276.831696 268.284637 3776.988770
-276.688629 38.967590 3718.660156
-272.300293 69.066177 3716.052490
-250.569550 68.393188 3722.589600
-244.505585 118.228073 3776.583984
-242.674713 154.352661 3618.566162
-294.107666 69.741577 3709.515381
-303.218750 117.699127 3768.204102
-290.403992 142.903931 3612.840332
-271.101120 105.455956 3730.109131
-255.080933 141.026215 3748.658936
-259.075989 232.435287 3782.599854
-275.592712 306.172791 3890.664062
-284.776611 142.120087 3739.672607
-295.191589 226.879013 3769.349609
-287.156372 294.224731 3830.669434
-277.638580 38.464767 3721.600830
-272.394562 69.178635 3716.630859
-250.673920 68.441177 3724.127930
-244.919464 118.387482 3777.251465
-241.090332 154.551895 3611.634033
-294.203003 69.919052 3709.133789
-302.918121 119.355499 3765.764160
-290.136292 145.120911 3610.581299
-271.016266 105.196793 3729.340332
-255.502808 140.395782 3746.963135
-258.650970 231.884476 3776.842529
-274.947144 306.502930 3892.076416
-283.829071 141.546280 3737.136475
-295.663147 226.427765 3769.635254
-287.264801 295.118866 3830.078125
-278.108383 37.674042 3724.172363
-272.327698 69.228195 3716.299561
-250.727585 68.533615 3726.559082
-245.404205 118.535248 3779.164062
-241.808472 156.508286 3621.398682
-294.047394 69.926605 3706.040039
-302.803406 119.486572 3763.269531
-290.449493 144.498444 3613.313477
-270.770416 105.555298 3726.733398
-255.306351 141.103333 3743.809814
-258.569336 229.240585 3774.383545
-274.471298 306.054199 3891.247803
-283.186829 142.257782 3730.524658
-295.021057 226.810471 3771.908203
-287.290863 297.158173 3830.105225
-277.772736 38.079498 3722.710449
-272.249695 69.223984 3715.635986
-250.661194 68.581375 3725.525391
-245.322021 118.745407 3776.781982
-243.483490 158.434753 3628.384521
-293.953430 69.870041 3705.746582
-302.883667 119.321869 3762.801514
-303.222473 147.906967 3641.364990
-270.799347 106.113083 3726.958008
-255.614899 142.245148 3744.609863
-256.766571 230.993637 3796.522461
-274.292801 305.855103 3896.739258
-283.147278 143.314117 3731.950195
-295.330627 229.453629 3778.680420
-287.533203 299.724091 3826.189453
-276.161133 34.946747 3705.814209
-272.427856 69.069534 3713.158447
-250.984238 68.642624 3723.510254
-245.362289 118.313660 3776.587646
-242.818176 159.028595 3631.957275
-293.991394 69.498840 3702.806641
-302.968384 118.640900 3761.017090
-290.182922 142.456116 3609.110107
-271.331024 106.330231 3725.882568
-255.947632 142.914963 3745.549805
-256.252838 225.931244 3826.180908
-278.276642 288.547241 3868.546143
-284.588867 143.761200 3731.663574
-298.438721 227.791718 3829.657959
-287.809570 300.635437 3840.546631
-276.492279 36.032394 3711.408936
-272.327423 69.188980 3712.240723
-250.745102 69.142654 3720.620117
-246.484543 115.077011 3783.334717
-243.371277 157.469208 3627.225830
-294.007416 69.235519 3703.861328
-303.289856 117.739227 3767.291504
-290.366394 142.243408 3606.670898
-272.041870 107.219963 3727.020020
-255.637421 144.788437 3748.104980
-257.161438 226.532684 3862.770996
-277.578217 289.080505 3873.738770
-287.934143 145.113129 3735.493652
-299.070953 226.687759 3835.840576
-288.827209 300.763214 3850.371094
-274.685547 34.559921 3692.447266
-272.447937 69.058533 3712.909912
-250.824463 69.512009 3724.769531
-246.619507 115.195404 3787.060547
-243.720474 160.128006 3632.911621
-294.209991 68.602158 3701.050293
-304.397980 112.283585 3755.941406
-290.370270 143.701248 3599.293213
-272.631744 107.115585 3721.735840
-255.306335 145.163971 3740.203857
-254.922333 229.487244 3863.625732
-277.074783 289.787567 3876.348145
-290.413788 144.820251 3720.919678
-299.374023 225.123123 3843.957764
-289.681702 298.219543 3862.453857
-274.564117 34.451813 3694.668213
-272.508911 68.942978 3712.666016
-250.724319 69.377655 3722.860352
-246.566711 114.892326 3784.662109
-243.619690 160.062988 3646.569092
-294.413483 68.505905 3702.471680
-304.238403 110.924278 3752.709473
-289.630157 144.102982 3594.458740
-272.787415 106.740891 3722.196533
-255.682816 144.527802 3739.897705
-254.816956 231.163208 3867.478516
-276.527573 291.136230 3887.033936
-290.522461 144.162872 3723.556396
-298.620850 218.596390 3840.784912
-289.761047 298.049133 3861.971191
-275.350800 35.431412 3703.168945
-272.405487 68.755447 3712.462402
-250.458038 69.208939 3720.960205
-246.460297 114.573532 3782.728271
-244.322205 159.699738 3629.149170
-294.453644 68.299881 3703.964600
-304.190521 110.499931 3753.632812
-303.068298 145.597656 3622.471680
-272.842468 106.832886 3722.730713
-256.143524 144.919464 3739.665771
-257.801163 233.359055 3851.253418
-276.201920 291.640381 3896.171631
-290.471924 144.481476 3726.332275
-296.802185 216.069763 3832.579590
-289.775330 297.911194 3869.118408
-274.587555 35.185944 3697.624756
-272.258652 68.448242 3711.971436
-250.254303 68.942764 3719.217773
-246.169495 113.288551 3783.236328
-242.667725 158.150299 3626.652100
-294.349091 67.951782 3704.725098
-303.832062 109.993195 3754.299316
-303.204102 147.124496 3623.888672
-272.881287 106.535828 3723.715332
-256.087494 144.658157 3741.226807
-262.064545 229.534637 3836.632568
-275.926544 292.759979 3904.999023
-290.966339 144.108856 3729.691650
-298.943756 216.706543 3803.177734
-290.315430 298.183594 3870.770996
-274.669785 35.910095 3700.405518
-272.138260 68.305206 3710.755371
-250.104126 68.901855 3717.988037
-245.873199 112.952858 3779.279053
-243.304016 157.929077 3618.973633
-294.258453 67.706223 3703.522705
-303.840363 109.436180 3756.577637
-290.148865 145.398041 3591.868896
-272.887115 106.188538 3720.788818
-256.006424 144.227722 3736.635986
-258.926392 223.533234 3833.118408
-275.121063 292.666229 3908.938477
-291.312531 143.507355 3725.008545
-301.123657 222.002548 3809.553711
-290.971100 299.522736 3870.014893
-274.723816 36.377533 3700.587402
-272.212372 68.304184 3710.933838
-250.091583 68.872452 3718.114746
-245.736176 112.747818 3777.930176
-242.624817 156.525970 3626.224365
-294.418915 67.733749 3703.752930
-303.915710 110.597084 3761.199219
-303.241882 148.511597 3624.491211
-272.907410 105.900253 3720.831543
-256.296936 143.627975 3736.372803
-260.625626 222.152908 3829.971191
-273.767639 292.697235 3915.324707
-290.953003 142.964676 3725.085693
-289.341309 220.627167 3702.597168
-291.131836 300.352051 3871.376709
-274.866135 36.792496 3699.717529
-272.291351 68.301193 3710.658203
-250.188080 68.807831 3718.020264
-245.230164 112.603592 3773.738037
-244.001862 158.140869 3618.984131
-294.482513 67.792542 3703.296143
-303.731781 111.500961 3762.689941
-291.158020 146.678040 3577.462891
-272.874176 105.912811 3720.626221
-256.334808 143.600739 3736.323730
-256.467010 223.035980 3840.291260
-273.452362 293.030701 3919.140625
-290.625610 143.045258 3724.864746
-291.485016 220.193787 3735.747559
-291.532776 300.998169 3869.744629
-274.882324 37.162842 3698.933594
-272.420349 68.384369 3709.459229
-250.120560 68.920761 3715.486328
-245.252777 113.533775 3771.301270
-243.935471 157.938629 3617.799072
-294.792694 67.846222 3703.432129
-303.468842 111.537659 3761.802246
-299.202148 159.796005 3607.402588
-273.122620 105.996758 3719.081299
-256.786407 143.731750 3733.329102
-261.468506 221.067505 3855.998779
-273.423920 293.938660 3915.648926
-290.898438 143.097473 3724.077637
-292.865112 223.501068 3768.198242
-291.875977 301.210541 3869.106934
-275.110046 37.330994 3701.320557
-272.417664 68.401886 3708.584473
-250.077728 69.060730 3714.598145
-245.288147 113.494049 3771.151123
-243.205688 159.813721 3618.802490
-294.830170 67.740891 3702.570801
-303.848846 113.194221 3762.759521
-292.404663 151.882965 3572.942871
-273.361740 106.586090 3719.372314
-256.582825 144.974152 3734.955078
-257.123871 227.703995 3858.512695
-273.503311 294.895142 3915.812988
-292.063507 144.123642 3725.365234
-297.091766 227.226440 3791.745850
-291.844025 299.212921 3861.282471
-274.833908 37.403824 3701.347412
-272.529541 68.511597 3708.284668
-250.032974 69.031967 3714.134766
-245.328003 113.329315 3771.292969
-244.347015 159.942261 3618.710693
-295.097168 67.989563 3702.434570
-303.967010 112.845459 3761.014893
-293.121368 155.453934 3578.969238
-273.252197 106.469894 3719.389160
-256.444519 144.514740 3735.076416
-256.796371 228.907257 3858.242432
-273.502991 295.313354 3915.900391
-291.539764 143.888947 3725.910889
-300.050018 227.143570 3817.237061
-292.015442 300.461151 3869.255859
-274.861420 38.172134 3701.633301
-272.543213 68.584488 3708.052246
-249.988312 69.045670 3714.209229
-245.381104 113.698868 3770.583740
-243.273727 160.258789 3629.866211
-295.173187 68.121811 3701.895264
-304.038239 112.831078 3761.580811
-293.525665 157.286438 3583.140869
-273.142853 106.516785 3718.953857
-256.313263 144.486725 3734.637939
-261.560837 227.013107 3840.042480
-272.860992 295.585938 3916.822510
-291.209473 143.967285 3725.072998
-300.975342 227.394043 3797.891846
-291.623138 301.861786 3870.162109
-274.893951 38.415176 3702.337646
-272.479065 68.556931 3707.272949
-249.903320 69.143494 3715.964600
-245.235428 114.233902 3767.114502
-244.083313 158.140457 3627.494385
-295.160889 67.967590 3698.581299
-303.953644 112.374359 3757.760010
-291.346741 154.766052 3566.547607
-273.148438 106.671753 3718.676514
-256.672623 144.863892 3736.715332
-260.494125 224.913696 3812.674072
-273.352325 295.821747 3919.332031
-291.015869 144.242065 3723.444824
-301.162598 227.271545 3789.203125
-291.827972 300.957336 3879.107422
-274.968109 38.550446 3702.127441
-272.522400 68.496964 3706.667969
-249.838013 69.077057 3715.720947
-245.235138 113.974838 3768.426270
-244.072174 157.961334 3626.902100
-295.317871 67.913956 3697.614990
-304.547058 111.722496 3754.224365
-291.276611 155.939514 3572.428955
-273.171494 106.613434 3718.589600
-256.732330 144.783722 3737.367920
-262.261200 225.756119 3815.709717
-272.243790 295.344574 3922.995117
-290.963440 144.187775 3723.654541
-301.352020 226.458603 3799.098389
-291.086792 280.322021 3910.675293
-274.935089 39.548294 3702.773682
-272.599380 68.508545 3705.619141
-249.824219 69.617737 3717.048584
-245.276917 114.380226 3771.019775
-244.117798 158.704926 3621.952637
-295.515472 67.392502 3694.189697
-304.582489 112.043877 3754.206055
-291.484558 156.141602 3574.499512
-274.217148 108.040253 3724.534180
-258.577026 147.828735 3752.179688
-264.530945 232.318848 3817.525879
-281.454315 280.779541 3864.883789
-293.140717 146.513077 3734.718750
-301.487885 225.697662 3805.558350
-288.822083 287.576599 3909.402588
-274.774429 40.534668 3704.171143
-272.621887 68.672470 3704.842041
-249.646286 69.617325 3713.684326
-245.279999 114.362259 3768.890625
-244.229202 160.606110 3618.356445
-295.707428 67.723068 3695.999756
-304.556000 112.110725 3757.019043
-291.359711 156.675720 3578.364502
-274.161011 109.743843 3724.874268
-259.175079 150.914795 3751.322266
-264.242920 228.811707 3819.496094
-280.341461 278.704681 3869.113525
-292.248901 149.835022 3738.490723
-298.283875 230.505859 3775.694580
-288.996948 290.871490 3907.265381
