297.129600 37.670601 4014.512964
291.436476 70.769450 4025.405212
313.939499 69.370733 4000.608038
321.349447 110.568185 4017.145349
309.197826 61.836383 3933.821564
269.208994 72.151042 4050.202386
264.506165 116.843065 4126.972241
262.228252 162.383986 3946.006647
293.308868 119.499538 4053.184619
311.911900 166.972059 4062.234198
314.334422 244.627965 4085.883411
301.067778 306.068195 4195.813184
278.552781 168.154926 4099.693854
281.620441 242.237297 4172.335614
292.244760 310.139928 4267.169196
297.225181 37.483637 4014.902966
291.221758 71.085720 4021.168201
313.786555 69.708885 3997.735773
319.303738 110.328896 3962.097791
286.313462 58.880313 3852.181927
268.918395 72.446579 4044.600629
263.665960 107.419608 3933.460693
286.903305 86.196363 3820.159210
293.144016 120.074191 4049.005609
311.431975 167.808376 4059.574518
314.676659 246.016332 4086.751599
301.628177 309.558008 4192.487665
278.786395 168.973987 4094.111517
282.272436 246.506623 4153.157782
292.367472 313.878085 4261.217065
297.158371 37.394551 4015.867737
291.322474 71.417032 4019.052844
313.797316 70.055911 3997.968567
317.209214 114.116353 3942.945416
292.322659 64.034362 3882.796332
269.082198 72.763964 4040.137122
265.477857 106.453574 3931.425122
288.961053 89.146330 3818.172980
293.363147 120.303615 4046.707849
311.441685 167.920262 4059.075336
313.839571 245.729670 4081.690753
302.305038 311.253836 4186.725549
279.430647 169.128308 4089.650372
283.219032 243.900615 4137.422522
293.091296 314.991600 4260.769061
297.154270 37.371899 4016.244879
291.380312 71.744505 4018.472302
313.917125 70.518202 4000.079987
315.958634 108.664315 3918.440088
290.400680 52.262115 3891.612329
269.048866 72.959687 4036.864618
266.147337 109.978983 3963.298505
288.131527 97.160654 3840.154053
293.394526 121.868808 4047.736395
311.818631 170.713268 4063.383472
313.149226 245.720828 4070.936029
303.052237 311.802097 4174.369873
279.050487 171.830030 4090.617505
282.101711 245.909531 4156.264679
304.503887 299.253453 4274.887885
297.142624 37.337009 4017.036957
291.407689 71.921151 4016.849829
313.975389 70.631450 3999.782629
315.827310 109.537359 3923.385718
291.867519 44.206062 3897.287048
269.030921 73.199912 4033.917029
266.793000 112.683066 3996.563666
290.110310 97.781909 3836.653217
293.635719 122.355253 4045.702136
312.625636 171.433958 4061.668353
313.382249 246.484660 4068.302069
303.569036 312.289272 4170.036542
279.144625 172.712227 4087.440533
281.356514 245.990792 4158.439087
285.081828 307.157465 4183.773499
297.602963 38.329862 4017.293109
291.504746 72.030790 4014.860187
314.088801 70.755885 3997.861487
315.046059 111.374353 3943.019427
293.549175 44.215953 3897.954199
269.111116 73.294968 4031.858887
267.749471 114.028079 4007.366418
291.282745 100.278295 3840.607831
293.693999 121.826332 4043.833221
312.174154 170.296347 4060.339038
312.970168 248.811076 4070.210089
303.732806 315.071385 4168.637677
279.629700 171.526702 4085.273474
280.786765 244.275542 4145.534625
289.343231 307.484840 4206.063739
297.718639 38.297859 4022.142419
290.431797 71.203905 4017.704895
311.437978 69.605463 3991.173706
315.141263 108.535960 3933.226587
313.001597 58.034991 4006.670135
269.701221 72.781384 4044.236084
273.850214 115.604738 4229.193561
288.439481 108.453419 3879.283160
292.114962 117.234749 4033.538049
308.571782 162.210276 4030.531146
315.110556 247.117774 4104.106970
305.062219 311.602863 4115.012079
279.135078 163.594509 4068.211261
279.793191 236.420280 4122.293262
294.715968 304.194884 4193.991510
298.907805 40.606642 4027.422937
287.310481 69.426487 4001.746814
307.476376 67.691472 3972.445978
315.001442 108.486898 3935.686279
300.100678 49.307095 3903.047852
267.437744 71.136258 4031.047650
274.013425 116.999617 4198.437433
291.615583 111.808595 3870.929865
289.783411 118.201053 4029.496826
304.056900 165.710653 4039.791473
312.789307 248.183834 4091.145294
301.978418 307.613015 4155.273663
280.489507 166.901033 4074.702203
277.824397 243.799997 4115.772662
288.409971 308.793356 4184.375299
299.520415 42.134961 4028.533368
287.662067 69.561535 4003.139642
307.463057 67.579733 3975.177307
315.132668 110.149059 3938.620483
304.810857 55.206309 3944.456873
268.135799 71.515812 4031.101978
272.726791 116.501362 4180.269250
290.617300 117.884159 3920.861725
290.842516 118.807413 4030.478131
305.303740 166.651622 4041.595038
312.097551 248.326181 4057.094879
306.113697 311.636326 4153.903143
282.746685 168.122021 4074.038202
280.494099 242.057978 4123.354352
287.064909 313.347343 4186.713739
297.080357 45.762282 4038.804657
287.917318 69.315930 4005.340820
307.744405 67.223718 3977.112885
315.859723 109.427286 3936.471796
265.775018 110.248676 3941.409290
268.367740 71.378911 4033.568756
272.024734 115.711375 4175.227563
287.796459 122.978304 3976.922607
291.289503 118.872255 4031.634491
306.570132 166.948422 4040.681183
313.860337 247.731483 4076.726227
309.946042 317.781686 4137.475275
282.766976 168.617168 4075.175140
278.451442 246.086062 4122.342865
288.560241 312.304723 4195.241827
298.168710 45.211200 4030.952118
288.011784 69.115319 3993.233160
308.197559 66.794086 3957.325378
317.033109 108.830997 3931.319617
303.043379 160.317068 3910.030103
268.185812 71.395183 4029.140942
266.401259 127.067113 4111.517017
286.628108 124.291585 4049.110852
291.541637 119.271403 4023.853076
308.202972 167.746684 4030.659485
313.549890 246.860457 4085.787091
309.956606 317.330827 4138.025110
281.987315 169.582349 4078.286499
278.964140 244.947910 4118.639679
289.717027 313.437331 4205.215234
297.628126 41.056090 4016.390277
288.271069 69.030891 3993.824988
308.845650 66.934431 3963.076208
317.312981 109.264738 3935.148779
270.608384 137.595243 3944.505951
268.010905 71.095316 4024.573767
267.778603 123.631865 4144.826532
283.848127 130.187952 4078.784631
291.611892 118.664796 4025.030695
308.668823 166.645832 4035.337939
314.310375 247.185388 4091.820844
310.060274 318.643214 4139.198792
281.274957 168.415130 4077.134863
280.201647 244.385854 4118.178027
288.801598 313.126031 4211.468396
297.398251 39.392920 4010.151550
288.640977 69.317751 3991.800964
309.613877 67.292382 3961.616193
317.958545 109.037144 3941.911096
262.756944 108.305856 3948.230658
267.982855 71.312708 4021.985736
267.542856 122.509000 4134.233215
284.291669 129.284940 4046.285828
291.710541 118.455827 4021.302313
309.510045 165.977057 4029.224402
314.426772 245.942517 4089.930145
310.195567 317.371770 4142.403320
280.117384 167.769779 4072.382922
280.777875 243.873533 4124.478430
287.880427 314.879566 4216.394342
296.896051 39.146036 4013.479169
288.438726 69.584713 3992.113806
309.204092 67.575386 3961.673932
318.428562 108.816143 3941.945477
264.745192 109.699677 3944.992798
267.987629 71.563660 4022.553680
267.698096 122.030552 4135.405585
283.109540 132.393002 4062.734167
291.538799 119.468274 4022.219843
309.804679 167.698130 4029.695502
314.998194 249.749503 4112.953674
310.220664 318.264760 4147.576233
279.549964 169.512980 4074.956256
281.395980 251.476251 4129.630872
289.115210 290.332869 4130.443945
297.401204 40.672862 4014.869110
290.503298 72.542275 4008.540363
312.573605 71.167999 3986.561652
319.679142 100.212715 3925.640173
300.550848 49.602747 3856.413690
268.673692 73.901559 4030.519073
269.022424 123.862141 4152.810034
273.454470 118.953213 3888.040106
292.420963 122.373895 4032.445728
309.594357 171.045498 4040.943372
315.347025 250.639688 4101.017395
310.033307 319.815813 4147.313519
279.153335 172.186537 4071.758813
280.659247 255.727435 4135.439966
295.912581 337.201563 4253.848224
297.857196 41.339882 4016.996802
291.250825 73.480685 4014.213507
313.983853 72.251299 3995.367151
320.058778 97.279298 3921.425470
299.065276 46.086541 3881.371484
268.730234 74.698541 4033.059863
269.251987 124.280021 4155.087585
289.105188 93.306132 3833.427429
292.976868 123.528894 4036.228961
310.284965 172.513059 4045.159125
315.182927 249.138763 4105.622888
309.651276 322.123251 4142.229840
279.183697 173.551775 4071.329706
282.652481 256.857550 4159.901465
296.189139 337.163967 4254.520624
300.970573 44.803089 4029.599445
291.173484 75.046043 4007.912842
314.157268 73.351313 3984.335541
308.289483 123.615781 3897.479687
301.541240 49.067658 3871.709607
268.458548 76.720973 4031.490143
268.502541 124.330420 4166.444110
286.814416 97.507073 3858.237988
293.728479 124.197496 4034.904895
310.902151 171.984565 4046.650635
314.540118 248.201878 4095.471802
309.373177 323.047539 4134.031653
281.706427 173.401489 4077.143262
282.019384 255.178633 4158.740118
296.437303 335.417683 4261.735144
300.740501 44.495447 4027.948364
291.418416 74.798994 4012.331207
314.522042 73.470827 3993.767249
311.752362 119.038551 3917.481616
300.447343 46.938572 3854.017511
268.527605 76.114941 4030.895166
268.239975 122.741393 4161.222119
285.974310 95.714761 3857.686841
293.364114 122.844733 4035.629785
311.615691 169.714559 4045.648334
314.579224 245.949489 4093.365106
309.417760 322.055375 4126.631055
279.065742 170.959151 4072.208392
281.438792 254.897286 4153.295831
295.627625 337.425926 4260.116608
297.421085 43.568108 4039.482831
290.004050 72.240341 4004.875232
312.015010 70.647427 3984.379633
312.733667 115.174917 3952.350354
302.498859 51.969630 3902.026654
268.217224 73.817049 4025.370831
267.811343 120.403527 4155.848169
285.825647 92.500374 3850.647900
292.583601 121.237728 4031.373615
311.940474 168.762041 4042.010760
314.679578 244.284974 4088.944379
309.568309 321.371460 4114.822852
278.449326 170.421815 4073.733234
280.491212 248.798035 4139.925256
294.932851 336.178168 4261.362463
298.062679 42.255918 4029.613879
289.611128 69.389285 4014.808484
310.950475 67.665686 3991.368182
322.412604 99.542267 3977.347253
294.384443 125.175012 3852.027344
268.519519 71.092855 4038.248785
269.442215 104.252446 3886.837030
283.603063 92.721604 3921.104492
292.155396 119.396362 4037.159351
311.287364 167.966749 4041.057013
314.626596 243.454513 4090.645062
309.452831 324.665058 4124.056934
278.206247 169.730749 4077.963422
279.686308 247.628176 4125.266833
295.334335 330.670564 4253.112048
298.251447 42.362965 4030.166339
289.738220 68.930225 4016.257739
311.052405 67.272042 3991.506494
320.274480 102.652789 3956.311792
292.381300 122.858388 3856.528381
268.685109 70.568101 4041.008984
267.467204 101.807401 3907.242871
286.097727 91.024808 3922.691797
291.796067 119.151413 4033.301581
309.899621 168.168607 4031.527411
314.292365 243.915870 4096.879590
310.192287 322.113934 4131.651483
277.922111 169.723991 4069.163434
279.491700 246.471783 4111.689185
288.482752 308.990260 4237.651050
296.248420 45.828732 4016.543549
290.475150 70.964123 4016.107355
312.104309 69.492723 3989.732849
318.333128 105.893684 3917.943268
282.209612 119.562436 3865.518909
269.128225 72.416331 4042.481860
269.165099 104.738226 3908.798944
289.750260 91.776304 3932.657068
292.309848 122.360617 4039.840289
310.282570 172.562827 4043.624573
313.864241 248.540800 4102.836182
310.031109 326.041221 4132.754565
278.121574 173.744890 4083.521875
275.140325 247.679009 4123.089801
285.769466 306.906529 4247.485883
296.407597 47.698516 4013.331671
290.765388 71.959190 4015.108728
312.738883 70.585865 3990.687909
316.907920 106.922870 3950.783521
281.309109 114.389737 3861.475848
269.057560 73.315899 4039.529547
267.337931 118.058960 3994.085864
290.165392 90.217328 3908.966125
292.600923 123.784095 4040.591425
310.592197 174.412910 4047.854498
313.845148 255.104130 4106.894727
309.470546 328.769598 4129.802777
278.379104 175.501049 4084.293744
276.658540 245.409774 4118.923126
283.247343 306.741218 4258.587567
296.827551 45.775618 4020.452759
290.938705 73.095801 4017.184979
313.143222 71.738813 3993.530780
316.543736 106.845004 3941.091461
282.139225 108.932180 3864.896899
268.994178 74.436910 4040.839178
267.418766 118.541657 4002.567761
289.921149 91.878168 3907.596655
292.782227 123.915148 4042.724890
310.507819 173.553481 4051.093671
309.189494 253.208298 4083.572266
308.358704 325.904123 4141.347479
278.831028 174.634846 4085.435931
276.440738 244.158637 4155.272876
283.118283 308.539500 4255.033978
296.792694 44.739723 4022.281256
291.008189 73.979950 4014.369403
313.402557 72.611906 3989.022394
310.161941 116.564875 4057.241852
290.422398 101.155932 3829.702985
268.894840 75.330786 4039.716412
267.951656 119.658444 4032.894781
287.153388 104.555642 3958.830011
292.845265 124.165395 4042.054065
310.467139 173.149995 4051.582617
310.234738 253.646230 4083.293280
274.035061 287.676273 4354.923682
278.987974 174.181527 4087.894836
277.264146 245.332023 4141.483167
283.286481 311.440144 4255.068884
296.560507 45.570709 4019.803455
291.297049 74.112963 4029.056433
313.525909 72.839550 4009.923743
312.855576 110.981366 3988.758630
286.563644 117.242639 3840.259558
269.278281 75.374336 4048.189124
269.330673 120.175686 4064.439050
284.766345 113.667816 4011.999731
293.073843 125.366790 4048.793024
310.782014 175.559330 4054.659857
318.751640 243.093823 4221.427631
278.406809 292.047134 4348.039850
278.993190 176.683507 4082.399371
280.472447 252.372916 4148.714746
283.911673 315.394003 4256.188763
296.946212 44.399176 4018.937366
291.124438 74.307620 4023.332635
313.365256 72.982438 4002.166736
316.236668 111.006307 3997.870410
289.915178 80.462887 3931.407800
269.116415 75.618924 4044.498535
269.110854 121.086597 4078.187030
283.581411 111.572643 3995.689441
292.993386 125.601544 4046.356689
310.711120 175.754889 4054.095325
316.126111 249.283324 4164.890662
280.795311 298.513734 4326.094995
279.090018 176.870995 4084.666162
277.292310 254.763419 4134.395148
284.885629 317.315900 4251.347327
297.197935 43.491473 4011.785309
290.910983 74.363653 4020.842761
313.123309 73.115731 3996.221167
316.215246 110.542949 3955.769568
312.755975 62.101147 4004.333533
268.969048 75.596370 4045.464355
267.532292 122.414124 4121.604590
282.962748 117.764736 4037.424426
292.033274 119.327198 4037.698163
310.867574 163.361846 4034.732990
309.047573 228.785166 4069.560260
283.175612 291.296426 4330.388171
275.597302 164.466552 4074.374139
276.382310 236.532019 4133.998059
281.763445 316.340009 4158.146191
297.227560 43.428812 4014.446039
290.844616 73.906217 4018.900098
313.150768 72.516374 3998.387177
316.199072 109.805363 3951.218140
306.002746 59.619688 3928.786176
268.765025 75.281937 4039.413019
266.838896 120.245105 4061.524005
284.731636 115.706815 4022.191498
292.565049 120.508770 4036.132379
310.795531 166.038717 4038.029901
312.116251 237.160524 4069.789380
284.529647 291.021606 4326.286847
277.870670 167.386322 4068.699420
276.947367 241.399619 4109.150757
284.370897 314.226949 4199.625287
297.548800 42.639720 4015.145734
290.826490 72.246656 4020.759564
312.988671 70.875415 4001.489612
318.198097 105.670469 3953.429291
282.792352 118.105176 3842.766492
268.875747 73.604858 4040.029517
266.633545 116.720484 4095.301471
277.895866 92.177477 3842.157605
292.602120 120.029230 4037.556439
310.073298 166.769184 4040.570428
313.096735 242.082386 4082.669958
288.392830 294.399550 4316.575891
278.759199 168.058147 4068.136200
279.401072 244.070043 4124.819092
284.473351 314.374052 4194.453949
297.613937 43.209420 4015.528387
289.814282 76.087744 4012.739319
313.223007 74.552798 3994.823615
315.834265 115.152920 3970.843713
285.118850 108.457241 3861.855353
266.613647 77.609042 4030.655023
266.322786 122.374281 4132.329657
274.662188 187.114957 4180.683923
292.179131 123.384340 4035.780695
310.024810 169.407196 4046.809943
312.717559 245.019674 4091.166028
290.038103 298.464000 4317.559558
279.101009 170.876348 4070.834198
280.193987 248.558647 4142.880457
287.175171 307.143982 4244.800220
297.655421 43.221230 4017.309119
290.226888 75.558872 4013.253461
312.997890 74.081108 3993.070441
313.551071 116.679435 3960.612054
285.893425 102.970667 3865.659058
267.683792 77.021857 4033.436481
266.399684 122.727753 4122.729718
274.571397 187.466904 4187.516577
292.455935 123.980925 4037.558801
310.111714 171.151430 4047.992285
312.759059 246.633994 4092.390887
291.644239 300.668295 4303.132617
279.310117 172.490882 4075.735999
280.382230 250.271945 4145.913867
288.263130 306.330285 4243.789783
297.767028 42.747210 4017.074750
290.290893 75.414852 4013.695953
312.869289 73.911040 3992.295160
313.731145 115.978928 3961.566589
286.211073 99.287394 3865.555127
267.951984 76.902688 4035.096747
266.882151 122.849203 4118.527612
274.399163 186.701924 4198.332977
292.546382 124.470618 4038.584723
310.185758 172.256480 4048.675183
313.060747 247.797342 4095.579407
292.978049 302.421337 4290.948846
279.474608 173.589536 4078.271802
281.267707 251.861005 4142.435077
288.566409 308.719968 4234.675641
