-409.790921 57.646304 3364.016455
-409.868668 100.047514 3348.714478
-378.635455 99.457718 3340.004980
-363.772800 158.851759 3379.860107
-360.133044 220.135754 3315.657275
-440.939807 100.634206 3357.423975
-453.693402 162.875967 3407.276318
-461.685623 217.120657 3298.486426
-410.043094 143.381952 3325.879541
-389.531726 187.075648 3297.349097
-389.656134 275.443115 3369.421655
-387.912140 358.568176 3368.708105
-430.836880 187.554666 3308.740112
-429.644733 275.274933 3390.114331
-431.764267 358.020493 3347.561841
-409.582690 55.503070 3362.285083
-410.827005 102.314955 3354.931787
-379.702524 101.036047 3343.689551
-364.221118 158.726965 3379.232764
-360.364941 220.046544 3315.868091
-441.743591 103.585303 3366.174023
-453.512732 164.345264 3409.213940
-459.114682 218.478218 3286.236035
-410.429678 145.128799 3324.233838
-389.307248 188.082964 3286.182056
-389.440753 276.850543 3354.789185
-388.494098 359.784695 3362.833740
-430.650302 189.395625 3300.889722
-430.014197 277.107214 3386.243384
-431.560803 360.712787 3347.392920
-409.730731 57.160506 3360.884839
-410.616559 101.904805 3353.473804
-379.471567 101.037625 3341.992017
-364.328439 159.784769 3380.972192
-359.953314 220.959294 3315.449414
-441.549023 102.766043 3364.955591
-452.723517 162.136838 3411.431665
-457.332016 216.471091 3285.484351
-410.663858 145.109900 3329.763647
-390.077631 188.558255 3298.545508
-390.451794 276.670007 3375.598682
-389.368478 357.353369 3388.954443
-431.252502 189.309402 3313.561475
-430.597162 276.042764 3412.889917
-432.192075 357.784567 3368.406519
-410.351932 57.507613 3361.834180
-410.550797 101.155772 3352.830347
-379.369046 100.401100 3343.800732
-364.145990 160.247522 3383.280688
-359.816956 221.219356 3314.149072
-441.565070 101.906416 3361.859961
-452.468927 160.439908 3413.097510
-456.808704 215.102351 3288.620801
-410.495743 144.484016 3331.158789
-389.800482 188.036050 3303.582520
-389.562509 276.307559 3372.900781
-388.031512 357.677011 3377.414917
-431.005835 188.722073 3315.391943
-429.665378 275.405014 3415.689063
-431.441129 357.724713 3355.020142
-410.354987 57.364792 3361.200928
-410.402185 100.698541 3352.410864
-379.200830 100.007953 3344.614990
-364.158310 159.506831 3386.312939
-359.344501 220.205159 3313.820361
-441.458722 101.385941 3360.206738
-455.222418 159.169107 3435.571777
-456.193143 211.549524 3293.261426
-410.297717 144.119974 3332.399512
-389.559018 187.744014 3307.290454
-389.464688 276.002011 3374.681836
-387.699176 358.077292 3372.349976
-430.761517 188.387051 3317.485864
-429.676892 275.551544 3405.525073
-431.907205 357.510507 3353.436206
-410.940872 57.216248 3347.147998
-410.505948 100.860027 3346.174756
-379.228592 100.220648 3340.918604
-363.986938 159.449377 3390.177979
-358.668683 220.131592 3319.551050
-441.685214 101.497408 3351.430908
-453.898242 157.947787 3425.914819
-456.259409 211.407643 3291.304199
-410.137289 144.678853 3333.509180
-389.165250 188.501976 3317.406104
-389.113251 276.591824 3381.615381
-387.794110 358.550552 3373.050903
-430.323807 189.161194 3324.281104
-429.511395 276.159686 3412.144141
-431.918216 358.197638 3358.870679
-410.308627 58.140176 3353.877441
-410.237796 101.250891 3348.977124
-378.988605 100.768365 3342.835010
-363.985394 159.975090 3390.669702
-357.766406 220.893918 3327.072998
-441.372583 101.731671 3355.119238
-453.217120 158.312048 3416.465186
-456.582648 212.363077 3285.049829
-410.206174 144.925168 3333.508374
-389.562341 188.794734 3314.023120
-389.815353 277.311148 3366.126489
-388.664731 359.774591 3360.534644
-430.736374 189.218077 3322.056128
-430.539087 276.576181 3402.235547
-432.382413 358.746597 3348.004419
-410.258643 58.783466 3358.895923
-410.306882 101.405310 3351.234058
-379.081055 100.952879 3344.545166
-363.353015 160.952579 3388.533887
-356.379254 221.775566 3323.028564
-441.408334 101.855962 3357.922949
-456.932574 158.179903 3432.035449
-455.956042 210.091742 3286.059863
-410.395068 144.973642 3333.884351
-389.865741 188.814725 3312.160693
-389.712027 277.288925 3367.905396
-389.028186 359.251749 3367.488062
-431.048233 189.180396 3320.908594
-430.104901 276.628214 3399.939404
-432.419003 357.695911 3353.653198
-410.320108 57.073779 3360.162427
-410.342264 100.029504 3354.686328
-379.142352 99.762527 3348.959131
-359.066312 161.609850 3406.180078
-348.874527 222.700049 3353.464941
-441.435828 100.295575 3360.413525
-454.526996 157.788165 3418.784424
-458.990475 211.791827 3288.607373
-410.607159 143.577930 3337.879370
-390.278174 187.489676 3317.327148
-389.465393 275.518378 3383.802759
-388.982867 359.314725 3372.826929
-431.424948 187.644347 3324.817676
-430.217459 274.953204 3406.045532
-432.449820 356.440955 3356.774072
-409.473557 57.627321 3360.312012
-409.366168 100.512987 3354.041260
-378.157562 100.220296 3348.209595
-356.289993 164.085370 3419.018066
-341.528918 225.146213 3368.677759
-440.466446 100.804671 3359.872925
-453.416891 160.892960 3414.893335
-457.753009 215.426312 3280.629956
-409.588531 144.098288 3337.771680
-389.218121 188.018108 3317.688623
-388.220944 276.317630 3374.566357
-387.817676 361.485822 3370.347900
-430.360867 188.202840 3325.315576
-428.795999 275.838696 3396.502441
-431.011575 358.927704 3355.476953
-409.128262 57.492053 3359.890112
-409.010468 100.496387 3353.913428
-377.796054 100.146812 3348.631226
-353.545465 166.538516 3417.820313
-337.405060 227.797536 3380.031982
-440.126691 100.844853 3359.195630
-452.985995 160.195825 3420.990869
-455.803571 214.948402 3286.628394
-409.101038 144.095250 3337.894141
-388.594571 187.975122 3318.420703
-388.923685 276.062604 3381.457471
-388.000931 359.839682 3371.528198
-429.747623 188.253798 3325.329004
-429.104333 275.918726 3395.871069
-431.451535 358.066953 3356.720630
-408.714990 57.886023 3360.839990
-408.600720 100.708847 3353.688916
-377.382547 100.333559 3348.508765
-352.289502 167.619885 3419.473267
-335.477441 229.113873 3390.839160
-439.722583 101.082944 3358.869067
-452.664938 159.863388 3419.146973
-454.264383 215.529102 3292.980786
-408.653256 144.284631 3337.065649
-388.098080 188.138437 3317.054834
-388.940771 276.429047 3374.755420
-387.886023 361.439832 3373.652197
-429.272583 188.454677 3323.829932
-429.525763 276.019434 3397.886572
-431.440189 358.529773 3358.749561
-409.407224 57.523155 3361.847070
-408.881326 100.439520 3354.590723
-377.671747 99.959714 3353.815405
-350.414688 167.460229 3416.424097
-334.518231 229.723492 3399.565845
-440.076471 100.919058 3355.366040
-452.453082 160.141577 3421.842456
-453.161765 215.932068 3296.576733
-408.424884 143.977338 3337.575635
-387.338541 187.657640 3320.053516
-388.977631 275.788242 3380.476709
-387.220477 359.171619 3374.009644
-428.582733 188.264943 3321.067578
-428.890564 275.892105 3395.678516
-431.235382 358.278137 3354.252075
-409.387250 57.438963 3364.523755
-408.870248 100.113025 3356.008960
-377.669901 99.547784 3354.375073
-350.991510 165.341988 3414.304663
-334.289288 226.539340 3389.925806
-440.040250 100.677711 3357.642847
-452.390207 160.229630 3423.480103
-452.880890 215.826643 3295.778589
-408.370435 143.606598 3338.454346
-387.253140 187.214693 3319.831421
-389.244003 275.580850 3372.279614
-388.884543 359.889700 3375.399683
-428.464301 187.905029 3321.968042
-429.791800 275.381583 3399.462451
-431.719485 358.078433 3355.770483
-409.548517 57.772340 3362.550415
-409.156796 100.530426 3355.237402
-377.945975 99.958388 3354.622412
-351.783075 163.660818 3412.714014
-334.499432 224.061504 3385.571191
-440.356137 101.102246 3355.852393
-452.283893 160.267210 3420.291553
-452.820264 216.037543 3293.540186
-408.558960 144.052953 3338.061450
-387.336459 187.658379 3320.483472
-389.415106 275.876831 3377.368457
-388.772858 359.499356 3370.341992
-428.568433 188.392909 3321.287524
-429.798849 275.723520 3402.827441
-432.027148 358.436920 3357.005566
-409.523541 57.185649 3363.767236
-409.002444 99.970171 3356.289868
-377.805722 99.316156 3353.603784
-352.099869 162.703471 3415.198682
-334.650562 222.602832 3383.614233
-440.149249 100.623128 3358.975952
-452.236795 160.480359 3424.265894
-452.745370 215.949457 3294.706519
-408.458453 143.487997 3339.341382
-387.304434 187.064168 3320.636279
-389.545255 275.299203 3377.262109
-388.301007 359.068393 3368.562549
-428.491626 187.835088 3324.149512
-430.015137 275.246198 3401.888574
-432.069614 357.596747 3357.548584
-409.953061 57.395357 3362.726587
-409.431729 100.280200 3355.505688
-378.230206 99.673367 3351.593115
-352.337842 162.457727 3413.687793
-333.973636 222.194444 3381.945703
-440.560608 100.885606 3359.418262
-452.232330 160.103745 3422.398096
-453.159918 215.668549 3293.448877
-409.057532 143.817749 3338.678857
-388.076932 187.463156 3319.293506
-390.357465 275.859744 3371.212378
-389.321414 360.253021 3368.055518
-429.250461 188.129105 3324.410547
-431.419141 275.694281 3396.956030
-432.792059 358.929449 3354.559839
-409.905258 58.152815 3364.970093
-409.244077 100.766402 3356.374463
-378.047321 100.096626 3353.364771
-351.868341 163.200247 3415.165381
-331.653760 222.934464 3381.557910
-440.384940 101.434969 3359.384155
-452.261703 160.382353 3419.759546
-452.933258 215.792654 3288.597168
-408.722174 144.225751 3338.113281
-387.575272 187.772346 3317.883862
-389.170755 276.313803 3366.227466
-387.869641 360.179974 3370.129028
-428.789420 188.553539 3321.820337
-430.352609 276.055588 3398.213403
-431.409708 357.904309 3352.616040
-410.137692 57.398059 3362.216064
-409.310477 100.257104 3355.557788
-378.113989 99.426448 3351.201563
-351.635873 163.584045 3416.417920
-330.730872 223.280815 3387.186279
-440.426062 101.085579 3359.914014
-452.271942 160.849554 3421.174292
-453.770444 215.713330 3284.147217
-408.644998 143.818387 3339.408789
-387.381744 187.329886 3320.410962
-389.358408 275.741312 3371.151953
-388.488123 358.904205 3372.935693
-428.529156 188.275333 3326.108618
-430.049075 275.601495 3404.540015
-431.410715 357.449948 3359.922339
-409.893576 58.073323 3360.840527
-409.206009 100.892908 3354.376685
-378.003513 99.968559 3349.193579
-351.906308 163.199106 3414.283984
-332.015369 223.004338 3384.119385
-440.312228 101.814352 3359.559790
-452.204837 160.778085 3419.525903
-454.193652 215.616080 3281.775879
-408.469531 144.486131 3338.528735
-387.136285 187.974753 3319.291357
-389.064273 276.381244 3371.080249
-388.606656 359.465619 3365.994092
-428.273862 189.014580 3326.070215
-429.758801 276.363855 3403.592285
-431.539688 358.987357 3355.292188
-409.946280 59.076878 3360.718335
-409.017383 101.610452 3353.922021
-377.813510 100.532356 3348.790210
-351.737924 165.521114 3412.699243
-332.661343 225.995450 3373.839380
-440.125885 102.685258 3359.053833
-452.325150 160.937506 3419.636548
-453.870380 215.688657 3281.016675
-408.060086 145.196089 3337.803906
-386.498737 188.581804 3318.329932
-388.837781 276.889349 3373.684961
-387.891965 360.406836 3364.491528
-427.646753 189.826337 3325.041650
-429.122528 277.146860 3403.564624
-431.452945 359.196594 3353.055664
-410.448511 59.109172 3362.845557
-409.211279 101.628076 3355.163013
-378.023285 100.390056 3350.172998
-351.261072 167.128632 3413.549219
-333.139673 228.142947 3377.897241
-440.306622 102.862404 3360.153027
-452.286646 161.670946 3424.027954
-453.272980 216.038181 3282.190527
-408.013055 145.199345 3339.233154
-386.220547 188.457413 3320.040088
-389.118521 276.810931 3371.631055
-388.079953 359.870868 3365.230322
-427.345770 189.917763 3326.566504
-429.901169 277.137729 3405.440479
-431.825330 358.125464 3353.859448
-410.800787 58.551653 3362.820850
-409.464963 101.158424 3354.739771
-378.273074 99.843127 3350.491504
-351.210651 167.792365 3412.348779
-333.350858 229.265288 3375.541479
-440.577963 102.470398 3358.988037
-452.380774 161.709702 3423.928589
-453.435757 215.857829 3279.844702
-408.102988 144.713177 3338.484424
-386.136691 187.899222 3319.450879
-389.712799 276.265698 3370.534009
-387.775446 359.171585 3363.077319
-427.284271 189.487740 3325.007275
-429.943533 276.634995 3406.893896
-432.299396 357.545050 3349.910083
-410.136115 59.218021 3362.260645
-409.492657 101.630460 3354.021924
-378.287878 100.812476 3349.024927
-352.672662 168.134302 3407.886743
-334.176227 229.394949 3377.485278
-440.604584 102.446010 3359.018921
-452.299301 161.753409 3423.671582
-453.593567 215.875352 3279.153979
-408.909894 145.175427 3336.998242
-387.711932 188.713043 3316.706250
-391.139999 277.012885 3372.315332
-389.681210 361.367624 3360.989575
-428.889758 189.620053 3323.242871
-431.617670 276.632242 3409.273560
-433.885715 358.362766 3354.201318
-410.142694 58.371855 3362.505566
-409.778433 101.135245 3355.263989
-378.579428 100.487692 3350.507349
-353.902911 168.380499 3404.530078
-334.570264 229.334911 3372.930859
-440.889151 101.780968 3360.020630
-452.349756 161.227411 3425.034766
-453.563791 215.659032 3284.064771
-409.406317 144.708243 3339.138623
-388.440622 188.358803 3319.902856
-390.121875 276.488699 3379.784912
-388.465262 359.561258 3366.957666
-429.582059 189.048770 3326.123657
-430.554395 276.154315 3409.606030
-433.312720 357.247357 3357.803442
-410.335550 58.404485 3363.219385
-409.917645 101.079150 3356.142969
-378.727066 100.490646 3350.983496
-354.562650 168.159814 3409.475513
-334.754190 229.259010 3386.853809
-441.012451 101.665808 3361.302441
-452.322195 160.690822 3423.814722
-453.571344 215.019519 3281.808911
-409.673798 144.612990 3339.341919
-388.835263 188.287585 3319.167017
-389.766409 276.683670 3371.015259
-388.360291 359.196796 3364.712549
-429.977942 188.886060 3325.914722
-430.040817 276.114603 3407.162183
-432.945370 357.746231 3356.416357
-410.057361 58.130290 3362.450244
-409.760440 100.846884 3355.281982
-378.571069 100.222914 3348.754224
-355.429712 168.558685 3416.323657
-334.904279 229.166644 3391.253003
-440.828693 101.468437 3361.809741
-452.244751 160.691040 3427.872314
-454.035742 215.227985 3288.502100
-409.575842 144.403265 3338.716455
-388.802701 188.094830 3317.881982
-389.386102 276.553656 3369.414941
-388.045444 357.623367 3366.056396
-429.923291 188.692499 3326.419873
-429.740405 275.955719 3406.872144
-432.611691 357.942410 3355.202490
-409.338541 58.353040 3363.707080
-409.076398 100.927484 3355.721875
-377.889276 100.262241 3349.197070
-355.645596 168.359837 3412.605786
-334.966718 229.096283 3388.151465
-440.142468 101.590143 3362.246680
-452.312494 160.512216 3429.755957
-453.809988 215.237115 3292.767822
-408.829025 144.479367 3339.170850
-387.994754 188.138605 3318.353027
-388.758960 276.587796 3369.967896
-388.060281 357.129126 3365.484106
-429.110812 188.790790 3326.886621
-428.851154 276.099799 3405.929517
-431.671985 357.679193 3356.425488
-409.542944 57.528375 3364.213843
-409.188150 100.307173 3356.533179
-378.008279 99.642886 3350.014014
-355.719080 165.934134 3410.074927
-335.882355 226.444440 3384.097632
-440.247171 100.968892 3363.052344
-454.732776 160.668112 3453.939575
-453.031381 212.259515 3296.022705
-408.937589 143.862195 3340.345508
-388.109125 187.515508 3319.894800
-389.391003 275.972336 3369.909351
-388.895352 357.620447 3372.007300
-429.207291 188.166551 3328.420874
-429.916946 275.439993 3407.248926
-432.386978 356.938318 3355.370068
-409.621161 57.445207 3362.357324
-409.344113 100.486182 3356.280469
-378.162766 99.855179 3349.598291
-355.760135 164.043694 3409.985498
-336.569485 224.632249 3386.217871
-440.401556 101.114700 3362.962646
-453.684406 159.856305 3443.267212
-453.361905 212.976154 3296.043115
-409.141925 144.078801 3340.827832
-388.370831 187.775603 3321.005273
-389.781650 276.405817 3362.340137
-389.241586 358.134293 3373.325098
-429.450903 188.376712 3329.745117
-429.825940 275.811841 3403.327490
-432.564291 358.169104 3354.770923
-409.970483 57.016812 3360.880273
-409.569598 100.192584 3355.652051
-378.385095 99.562169 3348.661035
-355.801257 163.183278 3413.208423
-336.911658 223.663959 3381.301440
-440.624457 100.820398 3362.643066
-452.908282 160.463675 3430.657764
-453.555365 214.671338 3290.348950
-409.390271 143.805798 3340.500195
-388.644455 187.521365 3320.776733
-390.073367 276.043134 3367.035010
-388.839694 356.844122 3374.414355
-429.717645 188.110742 3329.919946
-430.410751 275.565274 3402.958765
-432.572281 358.293613 3355.546509
-409.452542 56.583717 3362.973926
-409.297552 99.489911 3357.083716
-378.125067 98.908658 3350.118213
-355.803775 165.015308 3412.197046
-336.226239 225.625516 3371.161084
-440.340930 100.068764 3364.049219
-452.549863 160.238055 3429.072217
-453.102615 214.852361 3292.036279
-409.198187 143.051630 3341.262354
-388.532971 186.764478 3320.886035
-389.740494 275.267581 3368.556909
-388.069043 357.427322 3369.894849
-429.606598 187.290509 3329.995947
-429.910669 274.798450 3402.236353
-432.319302 357.451794 3354.781396
-409.310779 57.209315 3361.777515
-409.301715 100.093286 3356.637109
-378.138931 99.460706 3348.231348
-355.829556 166.414444 3414.934424
-335.667914 227.190015 3372.010254
-440.308838 100.722678 3365.042871
-452.560806 158.982445 3432.280908
-453.248239 213.401611 3293.883936
-409.239880 143.679678 3341.165674
-388.625522 187.399442 3320.197192
-389.485770 275.805664 3371.977759
-388.786319 358.192569 3368.814185
-429.661584 187.942896 3331.191284
-429.552417 275.086542 3411.821069
-432.265256 358.453873 3353.805469
-409.136487 58.112096 3362.266821
-408.967096 100.697987 3356.392188
-377.795886 100.076871 3348.519507
-355.844931 167.315378 3416.340308
-335.399057 228.062012 3375.544165
-439.992480 101.316183 3364.264868
-452.389435 159.830171 3430.484814
-453.417966 214.149637 3290.109668
-408.870685 144.298982 3341.115723
-388.218091 188.026752 3320.691064
-389.191736 276.472552 3370.261426
-388.246323 358.483582 3367.689209
-429.265097 188.573445 3330.987451
-429.376715 275.752087 3410.595386
-431.919592 358.732599 3350.861304
-409.803745 57.966774 3361.442358
-408.930472 100.837585 3356.369629
-377.756610 99.842574 3350.271289
-355.625757 167.772659 3413.193115
-335.243295 228.481158 3373.702686
-439.991238 101.828972 3362.467969
-452.238239 160.538770 3425.664795
-454.060919 215.598741 3291.656543
-408.150824 144.444421 3341.523657
-386.803848 187.889487 3322.689111
-388.150616 276.341431 3369.953662
-387.227325 357.626154 3368.082373
-427.875360 188.990225 3330.666260
-428.479172 276.422836 3403.064307
-431.073981 358.830521 3350.500635
-410.359586 57.485876 3361.018579
-409.074014 100.574788 3356.571851
-377.896124 99.464096 3352.443628
-355.491714 168.008467 3407.762134
-335.159875 228.791792 3368.831104
-440.175299 101.682727 3360.700073
-452.022455 161.785316 3425.615649
-453.914557 216.708778 3289.449292
-407.958337 144.211417 3342.652393
-386.280737 187.552014 3326.033423
-388.698434 275.943231 3371.272534
-388.382111 357.517590 3373.223315
-427.352652 188.872867 3331.432446
-429.531403 276.261469 3403.165015
-431.749698 358.394724 3354.756958
-409.762991 58.009239 3361.366357
-408.794885 100.925285 3356.537207
-377.608569 99.926463 3353.136499
-355.448410 168.134973 3409.460205
-335.088742 228.936157 3365.389575
-439.918091 101.922110 3359.937915
-452.208362 160.755745 3429.281689
-453.714215 215.771422 3295.197974
-407.788577 144.534421 3341.837598
-386.206146 187.928780 3324.914355
-389.213422 276.435223 3365.600928
-388.572549 357.929453 3366.819897
-427.313074 189.128162 3329.361621
-430.157471 276.547849 3401.031616
-431.938559 358.897055 3352.961938
-409.880585 58.047005 3362.081250
-408.816403 100.955750 3356.044946
-377.632269 99.876260 3351.210693
-355.401245 167.986765 3405.874463
-335.086459 229.016237 3372.251416
-439.910840 102.032117 3360.879199
-452.148911 161.057231 3428.589893
-453.243237 216.255038 3296.282666
-407.822549 144.539893 3340.605469
-386.245657 187.900044 3322.004834
-388.999619 276.382486 3367.210645
-388.774805 358.336917 3362.405664
-427.354163 189.156410 3328.327148
-430.001239 276.607367 3400.270801
-432.080389 358.407111 3354.508008
-409.908414 57.160976 3360.224194
-408.982504 100.365584 3356.220044
-377.806125 99.278508 3350.162793
-355.375531 168.013016 3404.066553
-335.106299 228.999922 3369.620386
-440.046594 101.448749 3362.277295
-452.164587 161.069904 3429.806177
-452.600116 216.699765 3302.811768
-408.060690 143.999023 3341.961401
-386.579169 187.394305 3323.741846
-389.130707 275.644330 3376.245093
-389.095090 357.526688 3367.380640
-427.633862 188.617001 3331.663672
-430.085498 275.806335 3408.799292
-432.220340 357.380627 3360.259375
-409.032724 58.151389 3360.958691
-408.455768 100.906050 3356.379028
-377.275360 99.999359 3350.284717
-355.341525 167.861014 3400.438379
-335.102606 229.023001 3368.761279
-439.523148 101.809468 3362.473340
-452.138269 160.858517 3427.509229
-452.342908 216.699060 3302.585913
-407.793982 144.532742 3341.838135
-386.569232 188.048102 3323.311890
-389.103683 276.509949 3367.712842
-388.874237 358.163229 3367.043335
-427.634366 189.032204 3331.282593
-430.324445 276.478763 3401.002881
-432.025336 359.147986 3356.146997
-409.226956 58.037119 3360.777954
-408.621634 100.879933 3356.321021
-377.444717 100.003169 3349.490063
-355.267706 168.453143 3405.204956
-335.103647 229.102963 3356.147266
-439.671927 101.753156 3363.151978
-452.208563 160.696948 3432.669238
-452.523376 216.026683 3303.063403
-408.065994 144.500784 3341.578711
-386.949640 188.048018 3322.369531
-389.861646 276.538818 3366.494409
-388.490976 357.766406 3370.188647
-428.006146 188.967197 3331.303271
-430.657956 276.143539 3408.325830
-432.238568 358.057083 3355.779614
-409.200705 57.092561 3359.575635
-408.783908 100.389049 3357.709180
-377.604776 99.757291 3353.835278
-355.203589 168.830765 3402.648853
-334.983133 229.329842 3348.115869
-439.891168 101.019347 3361.583081
-456.032950 160.465018 3453.331030
-451.977338 212.649088 3303.853491
-408.319073 144.051425 3344.366309
-387.302017 187.714003 3328.489893
-389.748953 276.025006 3374.293506
-388.695111 356.630923 3377.415186
-428.367822 188.412665 3333.556982
-430.578162 275.684244 3407.471021
-432.330481 357.832874 3352.689624
-409.148505 56.931244 3360.627026
-408.893646 100.242502 3358.489600
-377.713373 99.809457 3356.591992
-355.606790 166.299704 3406.331006
-335.984305 226.738272 3364.388135
-440.038705 100.675076 3360.387207
-454.450089 158.579042 3448.276831
-452.734595 212.160049 3308.536279
-408.557080 143.887338 3344.943433
-387.665573 187.634326 3330.156274
-389.739890 276.013660 3371.831396
-388.717133 357.816257 3372.523730
-428.754608 188.139713 3332.638257
-430.589944 275.546844 3404.107104
-432.234540 358.630884 3351.254736
-409.740668 57.457863 3362.821924
-409.201410 100.508673 3359.046582
-378.023923 100.023730 3357.931274
-355.632068 164.626961 3412.042358
-336.604095 224.834236 3359.789941
-440.358151 100.993314 3360.161890
-453.320782 159.108246 3436.632031
-453.180127 213.933047 3305.332153
-408.742047 144.096693 3344.378394
-387.714014 187.768050 3328.981079
-389.753519 276.115576 3373.304688
-388.015298 357.877655 3367.262476
-428.834235 188.369276 3330.439331
-430.200540 275.821106 3402.590308
-432.390939 358.465387 3350.284448
-409.469528 57.823534 3364.472461
-408.903113 100.668581 3358.899146
-377.724619 100.071919 3358.122485
-355.641971 163.980499 3414.343872
-337.071481 223.914034 3351.052246
-440.067206 101.264940 3359.675806
-452.772662 159.919684 3432.079761
-452.899353 215.199451 3303.292480
-408.270935 144.193021 3342.821045
-387.048569 187.757626 3326.235107
-389.169211 276.075024 3374.464307
-386.802673 358.590869 3364.462256
-428.210416 188.518610 3327.250781
-429.913791 276.031921 3399.670581
-431.482553 359.771906 3351.079370
-409.555298 57.523978 3361.976245
-408.998013 100.559866 3357.669702
-377.816296 99.873424 3354.404883
-355.646033 163.367960 3416.014014
-337.214856 223.502457 3360.482813
-440.119171 101.244983 3360.934521
-452.451001 160.338092 3430.402637
-453.272577 215.516782 3299.182520
-408.426495 144.159821 3342.908057
-387.282111 187.749989 3326.011133
-389.763892 276.068915 3374.103638
-388.459421 358.613528 3367.462280
-428.391321 188.542561 3330.281689
-430.207825 275.722513 3409.200781
-432.272842 358.248227 3358.193384
-409.930267 57.611526 3361.267529
-409.022955 100.668010 3357.789209
-377.860239 99.678487 3352.150098
-355.750433 163.364536 3416.840625
-337.378271 223.258693 3354.162109
-440.081171 101.654193 3363.428320
-452.230685 160.822649 3430.225391
-453.492859 215.735268 3295.512183
-408.195941 144.308818 3344.105542
-386.824661 187.753329 3326.734082
-389.182605 276.016211 3376.408911
-387.856448 357.950131 3368.112183
-427.854144 188.861923 3334.109668
-429.681793 276.186676 3406.248828
-431.806094 358.543604 3357.264990
-409.565234 56.636891 3360.918140
-408.889114 99.872870 3359.489697
-377.730695 99.027174 3355.145288
-355.698401 163.452856 3416.722461
-337.300726 223.282141 3344.662524
-439.967068 100.716400 3363.834106
-452.293225 160.629810 3428.309790
-453.573090 215.745708 3295.313721
-408.152805 143.523883 3346.573828
-386.885925 187.030850 3330.817188
-389.869098 275.301016 3375.456348
-388.508398 357.962216 3371.887793
-427.900772 187.994626 3336.498730
-430.508539 275.439926 3403.057324
-432.283450 357.938080 3356.072607
-409.857758 55.302628 3359.642236
-409.094559 98.866428 3360.261523
-377.936307 98.099452 3357.314136
-355.748218 163.686969 3412.256128
-337.435641 223.402000 3339.307007
-440.198160 99.632077 3363.208911
-452.222998 160.052148 3431.161304
-453.584772 214.933615 3296.324829
-408.326996 142.614238 3350.048926
-387.060083 186.175789 3337.908911
-389.984879 274.271915 3382.800244
-388.599338 357.411209 3371.810718
-428.025851 187.082849 3341.763745
-430.623816 274.644232 3400.970923
-432.509741 357.583789 3359.058398
-409.204968 56.122626 3360.122412
-408.524283 99.693777 3360.571167
-377.366367 98.971046 3359.880713
-355.801526 163.019577 3414.992969
-337.337015 223.370395 3361.785571
-439.669376 100.416223 3361.261621
-452.177478 159.268993 3433.430054
-453.571411 214.140271 3299.153784
-407.655811 143.394507 3349.272266
-386.268115 186.927138 3337.521655
-389.074915 275.180905 3375.545239
-387.422968 359.953314 3363.334058
-427.289273 187.854927 3338.425073
-429.336331 275.451340 3399.728857
-431.464191 359.687747 3348.314331
-409.990927 57.644525 3362.018408
-408.930539 100.677678 3360.576807
-377.775812 99.820451 3360.892627
-355.532938 162.916737 3417.462061
-337.269473 223.095479 3371.058496
-440.091107 101.535039 3360.260986
-456.122076 159.441136 3450.169067
-452.741779 211.989954 3302.490845
-407.812109 144.292604 3347.339746
-386.149582 187.683438 3334.309204
-389.414233 275.985596 3373.021362
-388.198856 360.269739 3357.244849
-427.222537 188.824393 3333.896167
-429.493268 276.516226 3395.260645
-432.237494 359.819507 3346.585376
-409.144577 56.412430 3362.945190
-408.708142 99.629156 3362.286694
-377.561639 99.179999 3362.850928
-355.563284 162.825580 3413.171899
-337.208679 222.956149 3369.689404
-439.865051 100.078499 3361.722461
-454.172839 160.425137 3438.612891
-453.489536 214.541089 3300.874951
-408.142163 143.261069 3349.827905
-387.050046 186.913123 3337.738110
-390.396539 275.064117 3379.431226
-388.936609 359.075543 3366.644800
-428.098529 187.524471 3337.000122
-430.710391 275.110611 3399.529858
-433.605511 356.458075 3355.046460
-408.862158 57.652817 3361.764893
-408.895190 100.681068 3361.039795
-377.734052 100.542209 3362.245337
-355.679233 162.577956 3411.040649
-337.163461 222.911771 3368.960815
-440.078687 100.820012 3359.834253
-453.246494 159.034813 3434.445996
-453.037860 214.265300 3306.988330
-408.725195 144.318033 3348.099487
-388.015903 188.181422 3335.947656
-390.174948 276.430792 3376.182788
-389.085757 361.376016 3360.072461
-429.101648 188.405884 3334.370703
-430.974582 276.001071 3398.966699
-433.311108 359.106461 3351.949756
-409.539050 56.460585 3361.141846
-409.394568 99.616098 3361.469214
-378.235141 99.470642 3362.264136
-355.640057 162.667821 3410.456006
-337.220865 222.818515 3374.476929
-440.568765 99.761604 3360.674292
-452.673264 160.126807 3427.451489
-452.946451 216.046976 3304.804712
-409.244983 143.265466 3348.994043
-388.564694 187.131776 3337.038794
-390.097974 275.433884 3374.935620
-388.394196 359.442792 3365.577563
-429.630331 187.350783 3335.998950
-430.950378 275.004431 3398.614893
-432.645798 357.625818 3355.865015
-409.333606 55.632933 3361.381396
-409.287314 98.943822 3362.552832
-378.136682 98.839421 3363.132910
-355.745734 162.409991 3414.038525
-337.214050 222.842551 3373.653271
-440.448688 99.048273 3361.972754
-452.433545 159.362567 3429.973218
-453.368149 215.703242 3312.414209
-409.202753 142.622932 3351.152686
-388.606992 186.521519 3340.132007
-389.652643 274.802679 3376.021655
-387.758862 358.853381 3367.250659
-429.632983 186.678943 3339.373071
-430.893915 274.289706 3401.114063
-432.016574 357.611887 3358.046484
-409.494504 55.706383 3361.553540
-409.597427 99.128671 3362.485962
-378.445621 99.125482 3362.666162
-355.797363 161.677744 3415.880273
-339.683478 222.590445 3372.734277
-440.752557 99.131860 3362.305762
-456.267599 158.058734 3454.898584
-452.965619 211.239343 3315.505273
-409.696457 142.776193 3350.280957
-389.275223 186.737723 3338.193848
-390.092267 275.157910 3369.700684
-388.618439 360.068860 3362.618359
-430.318637 186.748112 3337.958057
-430.800995 274.460507 3397.984595
-432.900623 358.321844 3350.707959
-409.228769 56.588383 3359.974976
-409.520251 99.825436 3360.652271
-378.353473 99.782854 3359.415308
-356.022177 161.279745 3415.682080
-340.892847 222.429614 3376.508813
-440.664102 99.868002 3361.889233
-454.329407 158.256995 3446.389697
-453.713141 212.382916 3311.093457
-409.678229 143.482828 3348.040674
-389.303958 187.463576 3334.620190
-389.815219 276.004999 3364.643799
-387.774640 360.310828 3367.729492
-430.360968 187.477188 3336.237964
-430.419479 275.183624 3397.712012
-432.173981 359.203778 3347.977295
-409.793976 58.820711 3347.621997
-409.974881 102.372577 3354.634229
-378.763858 102.132875 3350.834448
-355.938925 162.245065 3417.782983
-339.592236 222.949603 3371.749219
-441.115274 102.611742 3358.434009
-457.286328 158.718170 3460.789063
-452.975656 210.427284 3309.391357
-409.980084 146.311984 3347.178345
-389.489664 190.355742 3337.237256
-389.702628 278.773529 3368.845874
-388.259515 361.493576 3369.604810
-430.450464 190.539249 3342.207666
-430.639728 277.982266 3405.347559
-432.201508 360.892249 3358.871753
-409.048972 59.049687 3354.094971
-409.553754 102.370663 3357.426929
-378.363745 102.436526 3357.039941
-355.901294 163.337109 3418.840820
-338.765894 223.422931 3366.710596
-440.736578 102.304817 3357.813916
-456.228995 161.382619 3444.560840
-453.287549 214.617442 3300.516699
-409.762521 146.218376 3348.419336
-389.463480 190.352603 3339.158496
-389.323428 278.858459 3362.881543
-388.409772 359.732831 3371.176392
-430.478259 190.252667 3339.664990
-430.434552 277.953430 3396.748975
-432.136215 358.062622 3352.517480
-409.177710 58.610080 3357.362476
-409.837549 101.889951 3358.972729
-378.657510 102.041164 3358.878467
-355.880783 165.286884 3418.847534
-339.134451 225.879669 3375.316968
-441.015808 101.738737 3359.066992
-454.301947 161.294952 3434.364087
-452.938797 215.873825 3299.897681
-410.161661 145.658960 3348.463916
-389.972391 189.804684 3337.893604
-389.819415 278.247330 3367.161499
-388.801190 358.812628 3370.775977
-431.002512 189.602463 3338.016602
-431.105704 277.250522 3398.552588
-432.600446 357.537396 3349.534912
-409.520319 58.432263 3358.982129
-410.160989 101.685916 3359.727637
-378.989444 101.805305 3358.093481
-355.802264 164.871329 3423.771484
-338.338354 225.269395 3370.077466
-441.302222 101.566628 3361.361792
-453.225043 160.862076 3430.540405
-452.611227 216.153525 3301.761450
-410.567480 145.409204 3348.314868
-390.456998 189.538295 3335.833521
-390.178976 277.998380 3367.353516
-389.022043 358.574219 3370.792090
-431.483359 189.324945 3337.970679
-431.234845 277.209366 3390.576245
-432.864636 358.126907 3354.119946
-409.219806 58.018471 3359.784302
-409.910193 101.262170 3360.216675
-378.740192 101.415968 3359.267603
-356.244003 164.868811 3422.418506
-340.231229 224.331754 3352.041870
-441.062570 101.108473 3361.165747
-452.750070 160.388580 3429.436914
-453.330652 215.674641 3299.420459
-410.312622 144.978577 3348.794238
-390.197809 189.111780 3336.751172
-389.326215 277.403027 3374.802954
-388.010867 358.059064 3368.677490
-431.230179 188.876694 3337.992432
-430.221487 276.687866 3393.583252
-431.973303 357.672882 3356.253345
-409.724823 57.711815 3360.156519
-410.260825 101.100920 3361.292236
-379.099384 101.179808 3360.461865
-356.065247 164.543239 3421.140186
-339.154727 224.234721 3353.187793
-441.406891 101.022049 3362.122607
-452.562115 159.827284 3425.439209
-453.549323 215.779713 3302.013086
-410.544754 144.819693 3350.258936
-390.320270 188.893579 3338.682617
-390.229297 277.208594 3373.683350
-387.935773 358.534674 3369.931909
-431.334143 188.761215 3339.768652
-430.378290 276.513406 3396.095581
-432.331421 357.741632 3360.120264
-410.260724 58.425264 3360.365723
-410.441360 101.457494 3359.914551
-379.274750 101.271637 3357.028931
-355.965747 165.584140 3419.956128
-340.965289 226.383276 3368.936108
-441.554462 101.643031 3362.800171
-452.440997 159.930896 3428.943579
-453.081232 215.638806 3303.221851
-410.513702 145.171902 3348.303589
-390.067929 189.117839 3334.805493
-389.364450 277.498767 3371.419434
-387.743622 358.688623 3361.506812
-431.082037 189.263177 3338.579761
-430.493433 276.948029 3397.879590
-432.007544 357.975745 3356.055420
-410.013486 58.632924 3359.925562
-410.205569 101.779088 3360.115430
-379.035736 101.698958 3359.014355
-356.116574 166.509848 3419.389478
-340.593274 227.380588 3369.695850
-441.354959 101.859151 3361.216504
-452.324948 160.901302 3427.791211
-452.937891 216.683199 3302.108154
-410.291507 145.487521 3348.382007
-389.853455 189.469528 3335.928589
-389.689435 277.680679 3378.313232
-387.682962 359.477972 3362.963989
-430.893814 189.537170 3337.368579
-430.491083 277.352841 3393.213452
-432.188818 358.493518 3356.021851
-409.859470 57.875415 3363.568774
-410.161493 101.033798 3362.316504
-379.009720 101.008353 3362.264941
-356.515143 165.439960 3422.420654
-341.347510 225.563698 3375.023438
-441.312292 101.059244 3362.368066
-452.243744 161.140500 3426.164307
-452.586050 217.357808 3305.221240
-410.255554 144.663461 3349.452734
-389.822403 188.613628 3336.555127
-389.880914 276.886697 3376.268994
-387.691119 358.620847 3368.404102
-430.877869 188.645418 3336.622803
-430.602432 276.459796 3393.710010
-432.324472 357.391806 3355.912817
-409.700754 59.489546 3362.040698
-410.150449 102.365326 3361.542529
-378.990317 102.391544 3361.807861
-356.669595 164.824969 3416.737500
-341.813318 223.936240 3353.046802
-441.315515 102.339091 3361.277197
-452.274896 160.320737 3421.426733
-452.472922 216.806734 3303.083276
-410.284927 146.046703 3349.557202
-389.896960 190.054541 3337.745361
-389.846875 278.451263 3369.194458
-388.224469 360.118677 3371.373511
-430.945914 190.029095 3337.398389
-430.761450 277.695383 3397.824268
-432.184052 359.515436 3357.133398
-409.825430 59.756993 3362.377466
-410.151288 102.807098 3361.840356
-378.993271 102.826149 3362.368604
-356.407016 165.442377 3422.762793
-340.156134 223.856512 3346.031885
-441.319073 102.788031 3361.312109
-452.317395 161.214386 3427.640015
-452.522739 216.909808 3301.164453
-410.254413 146.491312 3349.972119
-389.836838 190.489633 3338.449243
-389.384390 278.891458 3368.884546
-388.305539 359.696240 3372.138892
-430.883945 190.482668 3337.758521
-430.556375 278.155585 3397.516772
-432.298187 358.666165 3353.865894
-410.058939 60.186530 3362.614063
-410.240012 103.306258 3361.689429
-379.080450 103.369183 3362.583716
-356.233093 166.342471 3420.856323
-339.695093 225.985178 3355.493872
-441.416156 103.243315 3360.795142
-454.574799 161.722794 3460.314526
-451.997580 213.148364 3303.868262
-410.380734 146.981927 3349.517456
-389.995285 191.002287 3337.930396
-390.057086 279.331149 3372.309692
-388.111710 358.737836 3369.386206
-431.056860 190.950104 3336.760571
-431.200537 278.369254 3404.179614
-432.420145 358.643237 3352.138550
-409.903043 60.219461 3362.684155
-410.187979 103.029210 3362.078296
-379.032547 103.166643 3363.510767
-356.136078 165.334602 3418.190112
-340.894592 224.952669 3355.752490
-441.369965 102.891676 3360.645825
-453.505280 161.627859 3445.539722
-452.421661 215.273790 3305.060645
-410.390671 146.710855 3350.201196
-390.072629 190.769249 3339.260815
-390.014688 279.080151 3373.194849
-388.866483 357.981653 3370.376099
-431.128531 190.637355 3337.387378
-430.466678 277.868030 3410.038135
-432.855438 358.056042 3349.684229
-409.197415 59.146786 3375.391895
-409.813345 101.535660 3369.455762
-378.726898 101.809435 3370.698364
-355.975751 164.772299 3414.660498
-339.461349 224.400890 3358.796558
-440.922720 101.261684 3368.213159
-452.845306 161.522855 3436.941138
-452.397525 216.208243 3303.499536
-410.258945 144.917279 3353.167920
-390.178574 188.881964 3337.692725
-389.901123 277.243506 3372.172729
-388.700046 357.496979 3365.438184
-431.249280 188.562737 3336.067432
-430.393530 276.019769 3404.623804
-432.714044 357.373679 3348.506079
-409.200873 59.431119 3367.977905
-409.875818 102.175642 3366.349927
-378.761139 102.496179 3366.771289
-356.032416 164.441356 3418.910645
-338.728766 224.196201 3367.279663
-440.998285 101.855022 3365.928564
-452.483932 160.398853 3432.689380
-452.522437 215.539777 3302.442773
-410.433371 145.705185 3352.441211
-390.477475 189.801630 3338.808032
-390.067896 278.104559 3374.252417
-388.488223 360.173898 3365.963745
-431.517096 189.393275 3338.256958
-430.272144 276.509848 3414.151050
-432.854431 359.427014 3352.938843
-409.528778 58.822607 3379.686353
-410.341458 101.154681 3371.414868
-379.281128 101.331525 3369.166260
-355.972931 164.397649 3421.606934
-338.380048 224.082317 3371.526855
-441.360364 100.978056 3373.663477
-452.422870 160.646175 3431.160767
-453.315076 216.220496 3304.400806
-410.973972 144.364828 3352.168628
-391.070074 188.229376 3331.451782
-390.312683 276.621735 3371.967822
-388.790314 357.422824 3353.125488
-432.139337 187.918826 3334.392993
-430.846246 275.359293 3404.989844
-433.273209 357.433868 3343.527612
-409.935168 59.575836 3370.677686
-410.503195 102.438557 3366.837354
-379.396472 102.689774 3365.934204
-355.948157 163.001886 3424.597827
-340.242676 223.336742 3371.672144
-441.593234 102.187459 3367.740503
-452.318939 160.319931 3431.111621
-452.999792 215.704787 3302.094458
-411.090289 145.873317 3350.992090
-391.150238 189.902103 3334.556274
-389.697592 278.051822 3380.286035
-388.266565 361.131329 3366.886768
-432.208389 189.539571 3335.737378
-430.581888 276.979819 3404.512622
-432.886624 359.816888 3350.887085
-409.566510 58.786034 3364.520532
-410.265659 101.952339 3365.000171
-379.141245 102.256914 3363.940454
-356.120804 162.245367 3423.883740
-341.263586 222.568558 3371.585669
-441.370468 101.647932 3366.059888
-452.287451 161.531012 3432.425659
-453.037860 216.419125 3297.679956
-410.904617 145.548483 3352.381860
-391.044226 189.692882 3339.070410
-389.930496 277.786725 3382.804810
-387.582556 358.509464 3365.566016
-432.044067 189.255339 3340.456689
-430.627643 276.782062 3403.064844
-432.540927 357.450351 3354.796973
-409.623511 58.956818 3363.075708
-410.442871 101.900793 3364.414453
-379.312146 102.253490 3363.723730
-356.049536 161.652432 3430.671997
-340.618384 221.401872 3371.412988
-441.560840 101.548248 3365.105176
-452.205878 161.256818 3429.071411
-452.891565 216.896498 3302.091235
-411.108887 145.560065 3353.049756
-391.285153 189.760356 3341.233350
-390.250009 277.960950 3377.729395
-387.961420 360.482803 3368.999219
-432.268277 189.272342 3342.136768
-431.279962 276.847052 3401.980151
-432.821768 358.266489 3355.333276
-409.606424 58.916769 3361.801953
-410.479025 102.040979 3363.916016
-379.343198 102.439027 3363.635913
-356.097742 161.586301 3431.316528
-341.583502 221.278941 3375.074731
-441.609650 101.642981 3364.196118
-452.184427 161.077406 3429.353662
-452.609818 216.747299 3302.755640
-411.166257 145.756647 3353.733496
-391.373306 190.005261 3343.367822
-390.199420 278.162164 3379.440625
-387.850305 359.422919 3364.734839
-432.339880 189.471912 3343.734131
-431.139005 277.075827 3401.233838
-432.662616 358.206097 3354.296118
-409.846512 59.450589 3361.728638
-410.401044 102.660535 3363.721313
-379.262363 103.013315 3363.619531
-355.906061 162.218361 3426.730420
-340.093225 222.203474 3377.709521
-441.537845 102.307771 3363.823096
-452.308365 160.843680 3431.150293
-453.095667 216.234158 3301.664502
-411.009689 146.386139 3353.611841
-391.136072 190.609979 3343.435767
-389.734619 278.807602 3377.214844
-387.534552 360.494385 3363.853442
-432.107111 190.142325 3343.568970
-430.940811 277.845270 3397.485083
-432.355423 358.950296 3352.056909
-409.896295 59.666356 3361.644043
-410.563452 102.817773 3363.778247
-379.424670 103.131261 3363.733936
-356.084146 162.552930 3421.060425
-341.144147 222.372144 3368.430420
-441.701395 102.504320 3363.822559
-452.310480 161.261467 3431.976904
-452.882837 216.351970 3299.279736
-411.107846 146.562546 3354.128003
-391.174811 190.766681 3344.448755
-389.686414 278.816095 3383.432422
-387.698471 359.512314 3364.295483
-432.135577 190.352838 3344.506763
-431.119333 278.033292 3398.349829
-432.328333 358.312814 3356.739697
-409.978775 58.253070 3363.894531
-410.456131 101.533830 3365.381519
-379.331516 101.795285 3365.553125
-355.926605 163.287460 3428.214990
-339.763541 222.926122 3371.910889
-441.583902 101.272325 3365.209912
-452.277750 161.893896 3431.431201
-452.432739 217.288554 3301.844434
-410.921402 145.209248 3354.590723
-390.903940 189.335721 3343.912183
-389.232925 277.494135 3379.264722
-387.339648 359.292603 3363.072754
-431.876758 188.997392 3343.687671
-430.760678 276.715997 3397.726245
-432.165588 356.156052 3353.539331
-409.815628 58.965260 3362.186792
-410.196405 102.072920 3364.673071
-379.065042 102.330296 3365.005273
-356.010730 163.495959 3425.665601
-338.909470 223.427429 3376.063550
-441.333911 101.815494 3364.340869
-452.209839 160.890811 3430.885498
-452.217090 216.656259 3305.874365
-410.636130 145.788705 3354.606836
-390.596848 189.931274 3344.757861
-388.936273 278.053735 3380.623071
-387.697665 360.650549 3364.524292
-431.562750 189.603990 3344.323340
-431.119971 277.301782 3398.095508
-431.740567 358.880304 3355.832251
-410.014191 58.412843 3361.947778
-410.354282 101.707417 3364.902686
-379.225101 101.921455 3364.783447
-355.922443 165.289989 3419.448291
-340.512305 226.422871 3386.952637
-441.481247 101.493413 3365.021924
-452.242368 161.035428 3433.749365
-452.621063 216.319743 3303.701489
-410.767621 145.415314 3354.726611
-390.702859 189.532001 3344.472656
-389.662177 277.700787 3379.088013
-387.990860 358.960400 3365.165869
-431.663123 189.246292 3344.628418
-431.060117 277.018793 3395.679590
-432.528372 357.617258 3353.249292
-408.882266 57.957408 3375.015649
-409.468420 100.944269 3372.144800
-378.423734 101.436127 3376.123438
-355.881555 166.455986 3419.132202
-340.125217 227.793977 3383.523999
-440.586456 100.451270 3368.166162
-452.230518 160.950883 3432.965454
-453.117621 216.523660 3305.758350
-409.992572 144.338947 3357.046387
-390.021100 188.382687 3344.550806
-388.993375 276.633719 3375.561084
-387.047864 359.376559 3365.763403
-431.053772 187.868388 3339.345142
-430.422836 275.896268 3386.663403
-431.905258 357.341754 3346.507495
-409.643619 58.650397 3368.337500
-409.846545 101.782109 3368.215308
-378.757681 101.978876 3371.443066
-355.791992 167.328336 3422.258179
-341.114908 229.178595 3391.737744
-440.995062 101.584956 3364.987549
-452.258313 159.781982 3435.015601
-453.310040 215.179611 3306.616113
-409.997372 145.348679 3355.808618
-389.663116 189.313062 3345.512500
-388.823212 277.406821 3382.299658
-387.198523 360.992218 3365.711035
-430.661346 189.163980 3341.291357
-430.416122 276.974347 3393.865234
-431.940674 359.908331 3355.335156
-409.428708 58.586833 3364.446411
-409.518976 101.861903 3366.630566
-378.410742 101.918015 3368.911133
-355.925229 167.668997 3419.956396
-340.440265 229.243401 3381.276733
-440.669373 101.805725 3364.350000
-454.941913 160.318152 3469.096533
-453.080997 211.101675 3308.792480
-409.529517 145.522987 3355.948267
-389.063803 189.460817 3346.757251
-388.720456 277.595212 3380.233130
-386.754568 360.849280 3371.035669
-430.034674 189.465030 3343.774683
-430.438815 277.228937 3395.391968
-431.576010 358.471463 3357.788403
-409.509409 58.442216 3363.032471
-409.398026 101.795100 3366.531738
-378.286636 101.780867 3368.484399
-356.223425 168.047189 3423.183350
-339.991946 229.181985 3383.347021
-440.545535 101.809351 3364.579077
-454.701523 160.993953 3457.578760
-453.183517 212.983321 3303.204663
-409.325885 145.496988 3356.787769
-388.786688 189.410497 3348.320508
-388.446362 277.486581 3382.840527
-387.894717 360.092191 3372.221069
-429.735538 189.496115 3345.767090
-431.018658 277.184659 3397.594116
-431.746844 358.034592 3357.715356
-408.954004 58.899364 3365.668604
-409.230682 102.249965 3367.298193
-378.127753 102.408177 3370.018652
-356.189084 165.615796 3428.713696
-341.042599 226.510303 3381.844995
-440.383932 102.091518 3364.577734
-453.600583 160.271004 3449.508154
-453.274860 213.064307 3299.480884
-409.351532 145.915564 3356.821338
-389.000458 189.912173 3348.123389
-389.254309 278.009525 3381.609473
-388.076865 359.997223 3369.258374
-429.967569 189.796930 3344.565576
-431.526831 277.672656 3390.060352
-432.207214 358.487711 3354.201318
-408.221454 58.372057 3377.424585
-408.739597 101.258360 3373.667773
-377.706927 101.707954 3378.409106
-355.930298 163.537115 3425.418799
-341.684076 224.325174 3380.681079
-439.859579 100.807507 3368.926440
-452.887134 160.880270 3442.563330
-453.493060 214.500470 3297.873853
-409.139575 144.636002 3358.585205
-389.054337 188.621063 3346.603369
-389.368176 276.744162 3381.441357
-388.279657 357.576337 3368.407056
-430.070090 188.188506 3340.401904
-431.372647 276.105606 3389.621533
-432.257770 356.950067 3351.020020
-409.020505 58.819116 3371.191699
-409.021310 101.732057 3371.169141
-377.957892 101.916386 3374.340234
-355.789911 163.145630 3421.549194
-339.572800 223.478203 3370.127954
-440.143207 101.547392 3367.998047
-452.473862 159.953925 3443.629761
-453.531128 213.844374 3301.455835
-409.152264 145.283638 3359.350586
-388.819989 189.210037 3349.605811
-388.737207 277.313095 3381.302246
-388.476709 359.813733 3375.376318
-429.773740 189.075357 3345.458252
-431.191071 276.644662 3401.563623
-431.714484 359.132410 3361.790674
-409.194730 57.190215 3366.430493
-409.156293 100.618495 3370.040137
-378.079245 100.596759 3370.724683
-355.624884 163.079062 3420.710767
-338.390521 223.142577 3375.199878
-440.245996 100.640231 3369.355591
-452.369427 160.383662 3442.194604
-453.620657 214.517892 3301.674976
-409.164316 144.278253 3360.564185
-388.732037 188.158931 3351.535913
-389.016605 276.271036 3380.609912
-388.561539 356.970511 3373.332617
-429.618146 188.210913 3350.640552
-431.021445 275.832654 3400.691895
-432.430887 357.018616 3360.510742
-408.771857 55.765515 3363.501904
-409.213797 99.572139 3370.454517
-378.141650 99.922586 3371.046948
-355.648517 162.861264 3420.835645
-337.838373 222.997238 3380.050244
-440.296887 99.221541 3369.862085
-452.340121 159.278476 3442.540503
-453.575238 213.779971 3306.203613
-409.730429 143.335072 3364.011890
-389.850366 187.485916 3357.956519
-390.023248 275.465002 3385.581934
-389.609372 358.987692 3382.279248
-430.652417 187.045956 3357.182007
-432.219434 274.754843 3396.832495
-433.497150 356.361899 3361.168164
-409.002646 57.822795 3363.155469
-409.742682 101.049442 3367.824023
-378.651334 101.720778 3367.847119
-355.656876 163.043042 3420.382861
-337.581198 222.943192 3364.581494
-440.834467 100.378105 3367.800928
-452.326761 158.039835 3441.822656
-453.561441 212.628090 3306.681104
-410.773160 144.779510 3359.696484
-391.378006 189.162436 3351.583984
-390.657037 277.422733 3370.172266
-389.855603 361.331201 3366.755176
-432.239407 188.280939 3351.553906
-432.502893 276.302457 3383.359106
-433.865775 359.696039 3350.300562
-409.021042 58.629315 3361.872314
-409.905460 101.790166 3367.209570
-378.812097 102.577132 3366.196582
-355.781451 164.025902 3423.429614
-337.476160 223.075388 3356.019165
-440.980157 101.003687 3368.222559
-452.175128 159.771878 3437.905518
-453.676483 214.214426 3299.750244
-411.172635 145.537775 3359.333936
-392.020120 190.025319 3350.796045
-390.016803 278.200366 3374.350439
-388.594034 358.649783 3368.767993
-432.863327 188.956891 3352.120557
-431.398395 276.879044 3387.689282
-432.905893 358.772311 3357.117285
-409.339346 58.483003 3362.832666
-410.159647 101.634706 3368.352271
-379.075482 102.460394 3367.670947
-355.655634 163.867471 3427.149365
-337.473138 223.006235 3361.190186
-441.231256 100.809337 3369.033594
-452.082813 160.512535 3442.425293
-454.169415 214.086996 3296.161816
-411.453375 145.387115 3360.963525
-392.338492 189.886258 3353.129248
-389.297211 277.875146 3382.158936
-388.268613 358.425909 3377.252441
-433.161658 188.778537 3354.020313
-430.718112 276.576483 3392.972021
-432.688129 357.519672 3358.782324
-408.848730 56.903415 3363.914673
-409.537137 100.391399 3369.448242
-378.461801 101.132962 3368.127490
-355.696118 164.071707 3428.450781
-337.387738 222.961638 3352.500830
-440.588135 99.650439 3370.768994
-451.970490 160.653644 3437.832202
-453.996332 214.449478 3292.787964
-410.757684 144.125412 3361.937305
-391.574689 188.564919 3353.562695
-388.426489 276.641641 3377.848096
-387.081332 357.450049 3379.760205
-432.382111 187.545938 3355.290039
-429.818152 275.276074 3396.829004
-431.682593 356.776614 3357.236792
-409.094760 57.981226 3363.908765
-409.544086 101.119417 3368.407593
-378.453543 101.650282 3367.719019
-355.619177 163.886639 3429.689355
-337.290958 223.088480 3355.301855
-440.621939 100.588786 3369.096167
-452.039676 159.557135 3439.627759
-454.244711 213.337880 3295.078467
-410.425952 144.852876 3360.302075
-390.883328 189.158424 3351.746191
-388.775409 277.384799 3371.118384
-387.005499 358.085651 3373.023511
-431.735263 188.437338 3352.646924
-430.142163 276.350629 3389.159888
-431.854065 358.949994 3352.304248
-409.119131 59.546631 3365.014673
-409.425250 102.532132 3367.409106
-378.322287 102.913849 3367.060254
-355.841843 164.129044 3423.715625
-337.256381 222.947572 3353.114746
-440.521768 102.150482 3367.757959
-452.050485 160.195842 3438.310229
-454.005865 214.089279 3294.391504
-410.081866 146.240968 3358.139404
-390.290762 190.448763 3348.641431
-388.786353 278.763055 3368.350928
-387.331323 359.515704 3371.709204
-431.190701 189.934850 3349.097974
-429.926547 277.811230 3390.761548
-431.839261 359.250272 3353.062646
-408.888544 59.759024 3362.778418
-409.159247 102.660719 3367.130884
-378.052524 103.022160 3367.355664
-355.651840 163.962808 3421.245728
-337.225833 222.870665 3351.995142
-440.270166 102.299228 3366.906104
-452.005670 161.582558 3438.490161
-454.030405 214.696800 3286.806445
-409.730328 146.431693 3359.357568
-389.867218 190.639336 3351.731421
-388.580203 278.700381 3380.729956
-387.926407 358.655658 3377.881128
-430.742719 190.172067 3351.437085
-429.859140 277.910159 3396.371655
-431.928421 357.831195 3356.475171
-409.195435 59.346843 3362.768213
-409.305341 102.537654 3367.966626
-378.205264 102.715219 3367.612402
-355.363379 164.006348 3421.100708
-337.272629 222.908716 3353.598413
-440.398871 102.360123 3368.320850
-452.023999 161.734123 3435.500342
-454.368011 214.863220 3283.265283
-409.649493 146.327678 3360.945801
-389.572681 190.423703 3353.693481
-388.300571 278.441595 3382.983398
-388.366299 358.255478 3377.334351
-430.414645 190.178395 3354.156470
-430.294467 277.870212 3398.141968
-431.862256 357.183240 3360.602051
-408.783841 59.547638 3364.995605
-408.785385 102.530722 3368.916235
-377.693399 102.617834 3369.262134
-355.451935 164.258051 3426.026807
-337.181152 223.035004 3349.551294
-439.883749 102.443593 3368.570337
-452.051862 161.793625 3436.824854
-454.514105 214.289352 3279.092480
-408.961020 146.265038 3360.717798
-388.704678 190.264584 3352.745483
-388.188483 278.360995 3379.700317
-386.809052 357.454950 3379.647144
-429.573062 190.161896 3352.293237
-429.167612 277.923117 3395.636621
-431.431360 357.431686 3353.497437
-409.356534 59.272319 3364.992651
-408.974750 102.249680 3368.793237
-377.882462 102.080927 3368.700049
-355.591785 164.857851 3427.359375
-337.290689 223.190312 3348.150781
-440.065292 102.418416 3368.886426
-452.090265 161.870448 3438.408521
-454.557980 214.667612 3283.492212
-408.822580 145.969812 3360.222314
-388.232693 189.804214 3351.590430
-387.766583 277.781522 3385.993359
-387.441833 358.355984 3377.079492
-429.105844 190.022852 3351.712354
-429.055725 277.841141 3393.390698
-431.856079 357.902899 3352.925952
-408.985861 59.749876 3364.404248
-408.573563 102.633041 3368.956787
-377.482617 102.393474 3368.943896
-355.546130 164.261827 3424.702832
-337.499591 223.123257 3351.314355
-439.664307 102.872609 3368.969678
-452.120074 161.566042 3438.977051
-454.101941 214.601077 3286.507275
-408.310648 146.365746 3360.740088
-387.615253 190.155602 3352.515063
-387.038263 278.139304 3385.636450
-386.709821 358.546692 3374.135864
-428.477493 190.470012 3352.531714
-428.815973 278.109225 3399.846484
-431.905426 357.682819 3354.524658
-408.825165 60.415439 3363.600195
-408.396384 103.150714 3367.864038
-377.297046 102.934981 3369.139136
-355.510312 163.755635 3422.873438
-337.488815 222.990776 3358.912036
-439.519287 103.366615 3366.588940
-452.112387 161.913702 3437.897729
-454.036581 215.111365 3286.586499
-408.076099 146.889008 3359.384961
-387.310980 190.685007 3351.739746
-387.278519 278.761008 3381.094385
-387.319373 359.500128 3375.470581
-428.207562 191.012358 3350.072021
-429.493335 278.722470 3396.183667
-432.168073 358.314325 3350.822900
-409.138232 60.115933 3364.284473
-408.431195 102.847147 3369.297852
-377.347467 102.400725 3370.264648
-355.642038 163.884676 3429.074365
-337.468304 222.876724 3362.780566
-439.532748 103.293820 3368.331055
-452.050317 162.246173 3440.747363
-453.642947 214.578636 3282.217114
-407.800931 146.581982 3361.362598
-386.742416 190.213895 3354.059521
-386.376208 278.274554 3381.374487
-387.321991 358.755426 3378.399170
-427.600696 190.833769 3352.795166
-428.629160 278.453445 3400.133032
-432.163608 357.140942 3357.948462
-408.820096 59.948389 3365.196484
-407.945279 102.679501 3369.664429
-376.873166 102.185864 3372.508423
-355.658755 163.566338 3425.056250
-337.447021 222.803224 3366.224780
-439.069894 103.174011 3366.820435
-452.092279 162.187729 3438.644043
-453.420517 215.079054 3284.854858
-407.116821 146.369589 3360.789502
-385.850748 189.917796 3353.774316
-386.402560 277.929327 3383.912866
-387.028461 358.747437 3375.712012
-426.739844 190.664680 3350.054834
-428.547083 278.398962 3395.060303
-431.651776 357.907968 3354.584277
-408.583096 59.022311 3362.872144
-407.703714 102.147075 3368.560669
-376.619080 101.562767 3370.497754
-355.767957 164.112007 3422.996973
-337.389920 222.869087 3349.995215
-438.824167 102.732037 3366.623584
-452.072272 161.832935 3440.009912
-452.772058 214.835391 3287.759277
-406.803586 145.894650 3360.883496
-385.475711 189.425502 3354.473096
-387.447708 277.374561 3385.628394
-387.244446 358.279749 3378.842017
-426.338354 190.259885 3351.939551
-429.051462 277.817307 3400.650000
-432.115335 357.548676 3358.030908
-408.961188 57.150116 3376.046899
-407.842020 100.246211 3375.681396
-376.838925 99.537227 3379.828149
-355.646503 164.408391 3426.956812
-337.173230 223.141049 3347.030640
-438.921384 100.956924 3371.534644
-452.075696 161.427954 3440.009644
-453.283655 214.321159 3286.685596
-406.623956 143.679158 3363.074902
-384.961362 186.901038 3353.180542
-387.030173 274.977744 3380.675171
-387.053503 356.454852 3381.239136
-425.865128 187.977673 3347.756274
-429.054987 275.747086 3393.091260
-431.972195 356.474860 3350.316406
-408.059583 58.772237 3368.856079
-407.082312 101.676534 3371.139063
-376.029803 100.999960 3374.197900
-355.560968 163.841925 3424.510815
-337.163898 223.226651 3352.408984
-438.191183 102.354315 3368.080225
-452.061664 160.097601 3445.783301
-453.213629 212.578928 3290.151025
-405.980466 145.287398 3361.154736
-384.440265 188.660759 3353.170605
-387.077338 276.725363 3379.893945
-387.127557 360.001822 3383.581201
-425.328354 189.656107 3349.170215
-429.295276 277.271838 3396.652832
-431.728683 360.433423 3357.251831
-408.727847 58.990622 3364.712549
-407.404510 102.132153 3368.498901
-376.338004 101.131787 3371.603931
-355.516321 164.437663 3422.201782
-337.336578 223.243620 3344.170532
-438.528354 103.134349 3365.393872
-452.036420 161.416440 3438.952075
-453.280936 214.272752 3285.086890
-405.833331 145.815125 3359.790479
-383.827759 189.014311 3353.112598
-387.361804 277.093753 3376.961328
-386.664905 358.446790 3385.742261
-424.704971 190.436845 3349.051514
-428.902078 278.246759 3387.735474
-431.776184 359.379044 3355.315552
-407.844672 59.415291 3378.052466
-406.667462 101.954538 3374.266382
-375.667657 101.135010 3379.875684
-355.485437 164.442413 3421.612305
-337.352658 223.330296 3345.310010
-437.770526 102.776785 3368.657080
-452.025543 162.321939 3435.224805
-453.492456 215.176405 3280.328906
-405.183899 145.265913 3358.715991
-383.216025 188.343562 3346.834058
-387.914624 276.601190 3366.308569
-386.496387 357.253165 3374.033008
-424.202036 189.618240 3339.497144
-429.460101 277.356232 3387.851489
-431.603839 357.795679 3343.467725
-408.087848 59.265152 3369.309131
-406.815536 101.882079 3369.502222
-375.764471 100.913989 3373.603052
-354.960144 164.305367 3419.646484
-337.409222 223.222337 3338.300732
-437.942233 102.852518 3365.401392
-452.088654 161.640649 3438.102905
-453.540695 214.529591 3284.217310
-405.227573 145.419359 3357.755371
-383.174902 188.554613 3348.690308
-388.089822 276.423978 3383.781006
-387.191473 358.377905 3376.662964
-424.114856 189.971205 3343.326733
-430.056528 277.194092 3403.255786
-431.904218 359.214755 3358.381372
-407.439557 59.535822 3366.041357
-406.370407 102.223529 3367.941650
-375.294534 101.329410 3370.810889
-354.510147 163.891742 3420.855249
-337.435272 223.281084 3342.146704
-437.499252 103.119142 3365.072412
-452.045215 161.625896 3435.332227
-453.276941 215.196161 3287.537183
-404.973285 145.856985 3357.689307
-383.117230 189.120290 3349.313354
-387.932013 277.126617 3377.769946
-387.636066 359.887518 3377.635669
-424.040903 190.395924 3345.560571
-429.705124 277.767154 3399.929468
-432.298859 358.521851 3356.469263
-407.847290 59.986406 3365.514990
-406.782001 102.709445 3366.985864
-375.692163 102.010129 3370.242896
-354.567450 164.325642 3418.738501
-337.583917 223.217218 3337.126343
-437.932028 103.410121 3363.728833
-452.042999 161.842552 3434.864673
-452.408133 215.723334 3290.253613
-405.635541 146.361096 3356.541504
-384.019104 189.769235 3348.227051
-389.199155 277.871588 3372.282300
-388.528641 359.041537 3371.519604
-424.970807 190.801945 3343.967236
-430.553186 278.284088 3396.465649
-433.265622 358.526584 3354.138745
-407.811841 60.494646 3364.739673
-406.704254 103.207698 3365.744067
-375.601291 102.583275 3369.222388
-354.478659 163.579362 3415.528198
-337.575156 223.069832 3351.517114
-437.871570 103.833414 3362.265747
-452.052365 162.081784 3435.605347
-452.648624 215.668616 3288.036694
-405.650513 146.862119 3354.796973
-384.111688 190.331656 3346.124536
-388.704947 278.504102 3371.483618
-387.680478 360.373468 3373.803394
-425.095853 191.273695 3341.575220
-429.584274 278.863495 3394.783423
-432.670135 358.786646 3352.965967
-408.232162 60.327823 3363.223413
-407.036826 103.277103 3364.299780
-375.916943 102.618690 3367.011108
-354.440625 163.198401 3413.845703
-337.524701 222.879662 3358.811328
-438.206961 103.936522 3361.588452
-452.197485 161.917731 3437.027612
-452.785687 214.642636 3281.982935
-405.995337 146.941208 3353.078223
-384.454935 190.418550 3343.629663
-389.571472 278.625354 3369.342700
-387.901633 360.023709 3377.229346
-425.460516 191.379120 3340.083667
-429.736847 279.047287 3392.556030
-433.021271 358.677444 3353.084399
-408.558490 59.235023 3360.787891
-407.270367 102.303004 3365.104370
-376.155588 101.588397 3366.921411
-354.428305 163.642120 3414.098950
-337.370651 222.782596 3348.819482
-438.418750 103.018384 3363.287329
-452.070258 162.335149 3433.250122
-453.360461 215.507684 3281.186938
-406.202124 146.037689 3356.043066
-384.667328 189.508133 3348.170117
-389.375058 277.581885 3376.379639
-387.534888 358.375085 3387.823828
-425.603354 190.510580 3345.793408
-429.529758 277.759567 3407.630273
-432.664731 356.953021 3357.756445
-407.738660 59.166559 3375.549536
-407.092987 101.897504 3371.227686
-376.029367 101.336577 3371.300195
-354.422565 163.236351 3413.181567
-337.382233 222.852621 3351.807153
-438.157916 102.458447 3371.155176
-452.132428 161.309454 3436.005493
-453.087173 214.418712 3284.232886
-406.435498 145.231723 3354.847461
-385.256604 188.619485 3338.514502
-390.181763 276.987741 3364.314551
-387.204700 357.571436 3370.498828
-426.287094 189.362895 3338.419971
-429.715732 277.078378 3392.766040
-433.370157 357.419937 3343.971265
-407.268555 58.726549 3368.606323
-406.841418 101.632222 3367.602466
-375.740402 101.309218 3367.729492
-354.516962 162.839226 3413.220776
-337.441516 222.796712 3358.908545
-437.944751 101.955276 3367.475439
-452.062671 161.033733 3435.346460
-453.432703 213.856862 3280.828687
-406.488974 145.161194 3354.373999
-385.634293 188.819743 3341.228784
-390.174814 276.705591 3384.478442
-386.621768 357.779062 3381.288013
-426.634201 189.249901 3341.062280
-429.311523 276.890457 3397.088696
-432.784875 357.307983 3352.488477
-408.079724 58.304582 3378.923926
-407.166470 100.971997 3372.968726
-376.135110 100.404994 3376.233276
-354.391177 162.968082 3418.232007
-337.389215 222.809653 3357.224438
-438.257953 101.540108 3369.704175
-452.097684 160.722511 3437.114087
-453.976257 213.469556 3282.122852
-406.238513 144.272345 3356.413403
-384.797241 187.571669 3341.993359
-388.433035 275.547012 3384.293677
-386.070963 357.798465 3376.907886
-425.831659 188.432790 3337.722803
-428.570850 276.285706 3389.997241
-431.243808 357.341721 3351.300659
-407.165732 59.133812 3373.041772
-406.605493 101.812892 3370.802832
-375.557886 101.449403 3375.743433
-354.335486 162.735110 3420.702710
-337.496167 222.734525 3353.806006
-437.744241 102.177472 3365.862231
-452.045181 160.654584 3437.034863
-453.914490 213.287308 3281.015601
-405.817487 145.293289 3357.451099
-384.550574 188.796933 3347.330078
-389.222049 276.756113 3381.217114
-386.874847 359.787146 3379.669165
-425.535443 189.445493 3340.868652
-429.150156 277.170425 3392.882593
-431.853897 358.439941 3360.140137
-406.870657 59.586528 3370.105127
-406.417572 102.165152 3369.203857
-375.348782 101.817676 3373.630981
-354.266635 162.994400 3416.954492
-337.434399 222.839261 3354.442480
-437.568103 102.513535 3364.776733
-452.053876 161.022638 3439.606543
-453.855307 213.271614 3280.466943
-405.692105 145.680209 3355.966797
-384.476587 189.235197 3345.624487
-388.957288 277.335184 3375.864282
-387.467480 358.707321 3372.873120
-425.480658 189.845152 3339.834985
-429.800797 277.719351 3385.682642
-432.264450 358.386566 3356.077173
-407.506964 60.287943 3370.842041
-406.697540 102.708606 3368.640161
-375.619217 102.102663 3371.152759
-354.168042 163.236502 3419.514087
-337.416641 222.859637 3347.640796
-437.822290 103.315439 3366.127563
-452.102014 160.700859 3439.422852
-453.845102 212.973653 3280.589404
-405.761526 146.190430 3354.451074
-384.316327 189.598988 3341.905005
-388.424207 277.721432 3376.796436
-387.486044 359.343393 3373.702686
-425.338995 190.484766 3338.618970
-429.280304 278.139572 3393.391504
-432.287915 357.811624 3354.872974
-407.538049 58.380348 3361.210864
-407.153882 101.268045 3359.140039
-375.990494 100.957512 3362.023242
-355.642542 162.809232 3417.439502
-337.308414 222.738586 3365.792676
-438.370813 101.579115 3356.256836
-452.067572 160.204822 3419.113940
-454.305841 214.960655 3273.245508
-406.612308 144.846162 3344.292188
-385.498135 188.558440 3331.329590
-388.499838 276.989453 3366.728052
-387.260190 359.249097 3375.016724
-426.656927 189.067754 3327.558545
-428.747693 276.753864 3394.062085
-431.845169 358.861707 3352.566357
-405.640240 58.708002 3347.704175
-405.556485 102.133530 3350.104517
-374.299640 102.023003 3350.979199
-352.953604 164.286987 3409.307935
-336.492209 224.878279 3352.515332
-436.829645 102.244107 3349.229834
-451.556479 161.623227 3415.144702
-453.884210 216.957712 3273.774561
-405.417273 146.036514 3340.274072
-384.715701 190.110837 3331.015649
-386.368857 278.403696 3373.374780
-386.572623 360.467731 3377.959546
-425.845892 190.286522 3329.871606
-427.861227 278.115201 3389.469263
-431.504709 358.881244 3351.209888
-405.172183 59.317990 3342.594385
-404.939883 102.957993 3346.131250
-373.672867 102.553197 3340.746191
-350.019141 166.571783 3410.203564
-335.136444 226.848598 3340.825146
-436.106461 103.361496 3351.516309
-450.746753 162.728749 3408.717920
-453.886728 219.389290 3280.587524
-404.819839 146.995204 3338.210498
-384.154456 191.069409 3326.766040
-385.594312 279.200900 3378.897876
-386.999222 359.429834 3373.917529
-425.200623 191.413998 3333.813452
-427.653635 279.086127 3394.190991
-431.356232 359.493817 3356.445630
-405.096854 58.096150 3352.700635
-404.724536 101.766248 3351.606812
-373.490686 101.342149 3348.601953
-348.553268 168.321854 3410.661450
-334.369217 228.209700 3326.909717
-435.902426 102.189590 3354.611670
-449.931219 163.394077 3408.915039
-453.560333 221.195673 3294.881079
-404.460379 145.532957 3338.949561
-383.625940 189.405394 3324.328101
-385.159656 277.407761 3383.977588
-387.013321 357.707996 3377.339722
-424.738272 189.859839 3328.256519
-427.264331 277.812439 3385.140698
-431.374829 357.303250 3344.896436
-404.873819 59.119260 3356.664233
-404.294312 102.382732 3352.633765
-373.061938 101.874677 3349.900952
-347.924213 169.085925 3410.354761
-333.936072 229.081395 3319.691772
-435.475793 102.889964 3355.366577
-448.446548 162.202466 3407.598315
-453.561945 220.319681 3298.292261
-403.910782 146.052225 3337.873193
-382.928705 189.821855 3321.325928
-384.477426 277.872629 3382.146582
-386.770245 358.934149 3374.272559
-424.096863 190.397200 3324.899316
-427.348288 278.478387 3379.129102
-431.146255 359.411337 3348.257129
-403.471594 59.364165 3347.051318
-403.232883 102.937666 3347.275293
-371.954318 102.841087 3348.275122
-347.417181 169.081192 3410.699585
-334.386270 229.619427 3323.347876
-434.530112 103.034329 3346.275464
-447.980875 162.682709 3404.734448
-453.679370 221.117171 3298.846558
-403.106628 146.830177 3336.085156
-382.382196 190.937196 3325.548950
-384.838364 278.878299 3385.138550
-386.636975 360.229288 3384.637427
-423.584897 191.099084 3324.241089
-427.455978 279.202310 3376.971265
-431.060452 359.436044 3350.424902
-402.367398 59.347581 3340.052246
-402.384921 103.102190 3344.411963
-371.087558 103.266109 3347.878467
-347.233960 168.693416 3407.582471
-334.614072 229.592941 3326.583691
-433.747241 102.937918 3340.945459
-447.592477 162.336861 3408.953711
-453.668829 220.759641 3304.128491
-402.425204 147.183243 3337.116406
-381.903497 191.505072 3332.087451
-384.676962 279.265924 3391.572852
-386.861252 358.708060 3386.363428
-423.055844 191.409836 3327.554248
-427.560782 279.458881 3377.820166
-431.230917 358.104684 3354.730371
-400.955371 58.954585 3337.659692
-401.102908 102.991763 3343.905200
-369.836227 103.420544 3351.123413
-347.042514 168.206442 3406.588013
-335.061786 229.305605 3334.844971
-432.504907 102.561102 3336.686987
-446.413925 162.507913 3410.853198
-453.703607 220.401993 3300.405786
-401.250311 147.118555 3337.533203
-380.855597 191.570750 3335.881860
-383.641046 279.473013 3386.998560
-386.402191 358.408588 3380.570166
-421.999182 191.257146 3326.440552
-427.653937 279.533807 3365.697607
-430.618781 357.423193 3355.961963
-400.341086 58.854364 3335.915698
-400.529108 102.948962 3344.365503
-369.292136 103.537215 3353.905371
-346.676340 168.462610 3409.944946
-335.243060 229.087186 3328.633569
-431.944803 102.357336 3334.825635
-446.482776 162.209885 3406.507715
-453.477853 220.117828 3294.807495
-400.743649 147.111371 3339.086523
-380.448166 191.634683 3340.045532
-384.030920 279.460693 3389.093018
-386.981665 356.014154 3377.764038
-421.546466 191.191786 3327.569556
-427.296222 279.301407 3372.301636
-431.068408 356.255652 3361.021265
-400.491006 59.100360 3335.052832
-400.633374 102.905507 3342.392163
-369.346988 103.405908 3349.401978
-346.907465 166.693237 3412.715356
-336.266556 226.377133 3324.759937
-432.051285 102.403008 3335.382349
-445.697086 162.360577 3412.121313
-453.373621 219.575684 3293.499634
-400.896826 147.086160 3336.850537
-380.618631 191.620752 3335.892871
-383.523218 279.688025 3380.957690
-387.541769 358.021063 3371.160010
-421.760269 191.206322 3326.724951
-427.153519 279.396811 3370.573486
-431.571780 356.100494 3359.354077
-400.298822 59.243013 3335.177710
-400.334338 103.081108 3340.886377
-369.015088 103.509805 3346.060083
-346.868927 166.671216 3408.055664
-338.006555 226.968893 3321.611401
-431.750739 102.651085 3335.712671
-446.126068 164.843819 3413.280933
-452.372482 220.710831 3283.916528
-400.624344 147.231046 3333.941553
-380.338831 191.757077 3330.379980
-382.430368 279.855133 3380.337866
-386.791696 358.344403 3364.583911
-421.534213 191.373161 3323.613477
-425.879630 279.573251 3372.251416
-431.222122 356.196973 3353.941357
-399.921603 59.144470 3334.680347
-399.893506 102.989749 3341.626782
-368.563916 103.332610 3343.721509
-348.386060 167.623981 3407.920581
-338.850186 227.349889 3318.266284
-431.262405 102.646452 3339.532056
-445.553778 164.391019 3417.100586
-451.270569 219.132182 3279.137866
-400.270255 147.198450 3336.620654
-380.092264 191.728543 3332.984424
-381.315833 279.670502 3386.633057
-386.946350 359.076953 3376.135791
-421.220911 191.351274 3330.244629
-425.728433 279.459854 3375.817822
-431.341327 356.151654 3362.655420
-398.633279 59.752663 3334.423071
-398.630829 103.435416 3341.520972
-367.306778 103.838315 3345.054614
-349.333856 168.962004 3405.669019
-339.415561 228.016878 3313.039404
-430.021213 103.031660 3337.987329
-444.514471 168.108823 3416.825317
-451.432071 220.370505 3260.069946
-398.990927 147.672650 3337.241016
-378.808975 192.226343 3335.271704
-379.188376 280.114658 3388.839233
-385.587497 359.184711 3375.897583
-419.923355 191.820372 3330.650415
-424.059534 279.947516 3375.868579
-430.680984 356.879706 3351.522217
-397.433041 57.750218 3333.189331
-397.517401 101.852689 3343.450537
-366.203656 102.269250 3345.838257
-345.956848 167.761850 3394.612622
-339.832190 227.877263 3315.294727
-428.875928 101.435556 3341.062817
-442.890924 167.988678 3426.607690
-449.556989 219.737840 3272.094751
-397.962396 146.148636 3341.794897
-377.905624 190.719801 3341.700635
-379.300967 278.540121 3392.202612
-386.101913 358.032141 3376.253149
-418.929233 190.256964 3338.577881
-423.851035 278.228833 3380.793066
-430.889282 355.587589 3356.583398
-396.233005 58.402370 3333.677295
-396.149786 102.341777 3343.894727
-364.835605 102.671764 3345.704517
-342.170026 167.017517 3383.561597
-340.918158 227.650787 3309.472998
-427.497906 102.011421 3342.084937
-441.651477 163.635188 3431.630200
-448.061810 216.612384 3295.611548
-396.508844 146.639117 3342.379541
-376.368619 191.161272 3342.047876
-378.005090 279.014255 3390.874341
-385.758902 361.289609 3371.567139
-417.382391 190.791858 3339.680835
-422.792459 278.976556 3368.266064
-430.505048 357.877051 3344.149854
-395.472559 57.906718 3334.426831
-395.417673 101.898628 3344.118164
-364.104465 102.202280 3345.873438
-340.035587 167.234073 3385.177490
-340.868677 227.625963 3305.955200
-426.763745 101.594641 3342.362891
-440.662759 162.390454 3433.704517
-446.831293 215.212039 3297.694458
-395.738596 146.226752 3343.626978
-375.573026 190.736150 3344.283594
-378.691281 278.532938 3391.443945
-386.619284 360.371051 3373.031299
-416.560312 190.399567 3341.987988
-423.499530 278.582721 3360.968359
-431.347336 357.150980 3345.312695
-394.763876 57.437688 3334.285303
-394.875931 101.419661 3344.352612
-363.573969 101.820596 3347.303760
-339.274704 166.937857 3386.034448
-340.624896 227.730817 3302.670508
-426.233215 101.018037 3341.401465
-440.519418 164.795898 3437.772852
-447.264975 216.403415 3287.031763
-395.254861 145.788387 3345.270264
-375.167944 190.343758 3348.118018
-378.751639 278.136719 3391.213794
-386.955682 359.909338 3378.331226
-416.122803 189.921539 3344.257813
-423.869095 278.124500 3353.507910
-431.477618 357.589798 3345.824829
-393.007059 58.001233 3333.677832
-393.184540 101.800421 3344.725366
-361.879959 102.268243 3346.356030
-338.987384 166.979349 3385.897485
-340.179163 227.998280 3297.465112
-424.519669 101.332146 3343.094702
-439.268558 162.563185 3435.338403
-447.013037 214.557672 3287.553564
-393.739038 146.188684 3346.508838
-373.838901 190.807082 3349.358740
-377.683429 278.440790 3396.858545
-386.039307 359.716516 3372.614233
-414.760022 190.252080 3347.225879
-423.353772 278.415781 3344.126221
-430.028598 358.452664 3345.654297
-391.530679 59.148650 3334.489941
-391.575763 102.773361 3344.774512
-360.272659 103.119797 3346.722607
-338.746423 168.001015 3385.324658
-338.981039 229.116844 3294.908740
-422.915356 102.426489 3342.826416
-438.756189 165.688708 3442.468530
-447.363467 215.882117 3273.789063
-391.940930 147.154541 3346.283252
-371.849515 191.688394 3349.065747
-377.430215 279.195630 3397.258423
-384.875290 358.615106 3368.939600
-412.777585 191.302934 3346.518237
-423.239670 279.333231 3327.667578
-428.674176 358.319662 3339.900513
-389.864868 58.977144 3334.875586
-390.234534 102.780411 3345.774609
-358.971512 103.344963 3350.465186
-338.515903 168.314099 3385.012061
-338.345438 229.738498 3302.463721
-421.585339 102.214281 3341.084033
-438.804227 167.727408 3445.467480
-446.394824 218.497722 3270.596484
-390.742706 147.165166 3347.889209
-370.818265 191.781633 3353.071509
-378.681815 278.956616 3402.519409
-385.749435 359.397272 3371.617896
-411.719647 191.205566 3346.936108
-424.357092 278.966486 3322.205981
-428.269363 357.615143 3340.500732
-388.839258 58.460143 3334.515991
-389.478955 102.497237 3346.895020
-358.247253 103.202226 3353.253857
-338.330768 167.912610 3378.806567
-336.878156 229.308844 3300.012354
-420.829526 101.789545 3340.536182
-438.352551 163.065433 3451.735010
-445.479254 215.810345 3295.637598
-390.089212 146.897400 3350.089478
-370.298846 191.563583 3357.442236
-379.122681 278.760941 3398.256104
-386.021716 358.595468 3372.290894
-411.148398 190.861565 3349.125635
-424.954358 278.419742 3322.479370
-428.070331 356.853320 3343.683643
-388.883435 57.582808 3334.360767
-389.265488 101.657013 3346.944165
-358.044763 102.299060 3354.250732
-338.464911 167.340454 3377.385107
-336.300998 228.827795 3302.467480
-420.622839 101.012163 3339.637598
-438.629230 160.670529 3447.258740
-446.213281 215.401891 3311.290039
-389.725488 146.044839 3349.641260
-369.784933 190.654492 3357.116211
-378.759360 277.895993 3397.116089
-386.348615 357.816693 3367.202588
-410.642810 190.067146 3347.560498
-424.171756 277.726367 3323.343579
-426.482971 355.064847 3339.535547
-388.963565 56.472133 3332.602271
-389.205063 100.731859 3346.302319
-357.971515 101.276538 3353.242578
-338.390286 166.439017 3372.743408
-335.812900 228.183331 3303.006201
-420.568457 100.184930 3339.362061
-438.603952 158.812080 3448.462939
-446.375891 213.281332 3309.144287
-389.546967 145.137427 3349.240039
-369.484052 189.701022 3356.716333
-378.769968 276.877029 3399.384302
-386.600418 358.176758 3368.564429
-410.347836 189.228702 3347.639185
-423.642972 276.923926 3326.420679
-425.117270 354.991800 3341.504053
-389.769867 57.528745 3332.850146
-390.299155 101.322159 3345.037964
-359.016528 101.787379 3347.907739
-338.300656 166.020306 3375.425464
-335.557739 227.878035 3304.663452
-421.635492 100.856133 3342.168188
-437.996548 157.758272 3449.868555
-447.054260 211.714114 3306.612622
-390.774698 145.720627 3347.233667
-370.806818 190.315190 3351.306567
-380.567740 277.766315 3384.888794
-388.665536 360.889362 3364.822925
-411.715350 189.806296 3347.552173
-425.158258 277.492859 3322.369263
-425.228586 356.565967 3344.314478
-391.156717 58.360324 3334.630396
-391.409628 101.900072 3343.903857
-360.104007 102.211259 3346.045044
-338.359436 166.116080 3376.769849
-334.424741 227.550583 3299.102222
-422.755399 101.588464 3341.762671
-439.539093 159.788361 3454.161938
-449.191721 211.671230 3287.873413
-391.714270 146.259683 3344.334082
-371.549976 190.774217 3346.164282
-380.179645 278.354349 3385.037305
-387.890320 361.227740 3364.061035
-412.504834 190.441377 3343.364331
-424.282904 278.468048 3319.416772
-422.911429 356.965475 3346.056323
-392.233353 58.766295 3334.385474
-392.297906 102.295116 3344.258618
-360.984329 102.201743 3341.253223
-338.246341 166.489908 3374.109814
-335.030029 227.902423 3295.676001
-423.555255 102.388304 3347.264014
-440.000974 159.342056 3453.546680
-449.856091 211.962091 3295.785034
-392.354739 146.644086 3344.461377
-371.934680 190.978806 3342.698047
-379.976953 278.531662 3388.514819
-386.931042 359.569919 3363.011255
-412.864362 190.996564 3346.630225
-423.266357 279.069812 3332.509082
-421.470868 357.306506 3356.427905
-392.918839 59.439528 3333.741748
-392.971677 102.817488 3343.049316
-361.652225 102.783046 3343.034009
-338.091620 166.075847 3373.369678
-335.223120 227.937772 3297.756763
-424.290860 102.851981 3343.064624
-442.147665 159.685638 3446.456030
-449.903122 213.076341 3293.646802
-392.927667 147.150076 3342.215723
-372.394714 191.482497 3341.372192
-379.887390 279.107343 3387.722583
-386.983847 359.712051 3367.129004
-413.372433 191.527060 3341.392065
-422.043527 279.882190 3334.288525
-420.536398 357.152490 3349.966479
-394.644974 58.790851 3333.939673
-394.268393 102.282007 3345.167139
-362.963242 101.748137 3342.859448
-338.034686 166.197586 3365.810669
-335.518127 227.999203 3290.606226
-425.530408 102.815138 3347.474829
-444.085724 159.864647 3444.760107
-450.283899 213.375629 3292.007275
-393.656256 146.612698 3345.399707
-372.580420 190.628275 3344.123267
-379.911258 278.260791 3388.610425
-387.122086 358.497614 3370.525415
-413.489557 191.245934 3347.141284
-420.997238 279.424506 3352.584082
-419.854974 356.626794 3363.038916
-396.319278 58.614763 3337.378784
-395.785526 101.976643 3346.269287
-364.488129 101.260106 3343.463696
-339.084131 164.693344 3357.115137
-336.673651 225.636996 3289.423242
-427.030487 102.691972 3349.074878
-447.052448 164.134482 3443.356909
-453.366504 215.593336 3262.875269
-394.961264 146.233130 3344.736377
-373.659305 190.109998 3341.368970
-380.775534 278.033527 3377.077881
-388.233130 359.425504 3366.355835
-414.590732 190.949902 3345.037964
-421.566104 279.238196 3352.017700
-420.912811 357.067157 3357.365698
-398.284998 58.580136 3335.774170
-397.500449 102.173494 3345.334180
-366.197647 101.463100 3344.295142
-342.319241 164.988855 3365.417773
-338.071512 226.338881 3289.631909
-428.783847 102.883435 3346.373218
-448.345270 166.176941 3447.010327
-454.936743 218.207045 3265.566724
-396.563629 146.471036 3344.701465
-375.151093 190.338672 3343.389307
-382.487033 278.032184 3385.772070
-388.326788 358.587949 3367.351904
-416.093530 191.231784 3344.748193
-423.301202 279.484964 3354.618652
-421.216177 357.142218 3361.331982
-400.113217 58.486494 3333.892944
-398.996600 102.357387 3344.819629
-367.705481 101.508771 3346.288086
-344.545425 166.017151 3380.031445
-339.113303 227.202032 3295.864258
-430.315179 103.206741 3343.351172
-449.267755 165.322534 3449.959595
-455.726294 219.196719 3293.159375
-397.701160 146.659561 3344.406592
-375.933896 190.392014 3344.953906
-383.408209 278.108621 3384.456421
-387.976190 359.490494 3368.893408
-416.888721 191.553647 3343.033203
-423.526688 279.919821 3351.632324
-420.444452 355.949835 3363.190649
-402.886145 58.245685 3333.455469
-401.411713 102.246407 3345.787231
-370.146643 100.888342 3341.984497
-345.540454 167.225479 3386.730542
-340.422171 227.744849 3285.476831
-432.605783 103.601399 3349.589966
-449.599387 165.847324 3457.448242
-457.938110 218.755887 3295.138354
-399.725021 146.543428 3346.046387
-377.592859 190.011472 3343.817651
-385.228876 277.736069 3383.988599
-388.838351 358.715948 3363.321167
-418.453992 191.654439 3348.793433
-424.486804 279.874066 3360.381299
-421.116678 355.656271 3368.444116
-404.783148 58.254379 3334.363184
-402.998367 102.206711 3346.777661
-371.751022 100.577272 3341.155737
-346.535013 165.545334 3388.447144
-343.389633 225.713602 3288.870557
-434.140875 103.830711 3352.399585
-450.197055 165.592851 3464.528955
-459.861163 217.654510 3296.659180
-401.044934 146.475668 3346.885620
-378.671442 189.774506 3343.317871
-385.017691 277.541367 3386.309717
-388.460898 360.214484 3359.810083
-419.467114 191.706958 3350.669287
-424.693323 279.963394 3359.649487
-420.298056 356.268073 3366.253247
-406.771661 58.162651 3333.705762
-404.559845 102.140999 3347.045410
-373.333649 100.190788 3340.133618
-347.414832 164.429942 3386.554907
-344.914084 224.111018 3290.715259
-435.657370 104.083186 3353.957202
-452.563257 164.350534 3455.400244
-460.986710 216.831625 3290.579370
-402.210394 146.435385 3348.744824
-379.474689 189.531464 3345.924731
-385.337103 277.355090 3385.358765
-387.679941 360.679956 3359.712329
-420.197012 191.835109 3354.963745
-424.614972 280.004617 3365.464502
-419.961960 357.279718 3369.496313
-407.728052 57.808075 3332.834033
-405.484848 101.848190 3347.116040
-374.269461 99.795576 3339.007568
-349.014847 164.088794 3389.996973
-345.794742 223.209329 3296.398413
-436.549374 103.890868 3355.224512
-454.500778 164.170804 3448.657910
-462.794553 216.378641 3286.216162
-403.054831 146.157817 3349.427490
-380.254605 189.207452 3346.436865
-384.967639 277.333203 3372.067188
-387.301447 361.019376 3356.030176
-420.937317 191.601416 3357.041016
-425.001624 279.784235 3363.531982
-420.072403 356.667615 3366.596460
-408.722375 58.299715 3333.406323
-406.546042 102.115201 3347.823950
-375.336462 100.095552 3339.586841
-351.743799 163.563853 3393.253735
-346.281161 222.837213 3304.174951
-437.602411 104.124980 3356.061060
-455.971350 165.064352 3449.069604
-464.025104 214.013832 3268.574268
-404.163593 146.428050 3350.440747
-381.418555 189.496736 3347.671143
-384.266074 277.812708 3363.341577
-387.294296 361.201791 3357.042090
-422.085825 191.842947 3358.443945
-425.476093 280.012238 3365.536475
-421.007175 356.702493 3368.335889
-409.839294 58.039754 3346.456738
-407.563528 101.514377 3354.123169
-376.406653 99.464130 3348.669897
-353.469498 162.952472 3401.638281
-346.479590 222.658171 3308.794360
-438.619226 103.557961 3359.576440
-458.071045 164.361545 3442.754004
-464.104193 212.854465 3265.325562
-405.035455 145.580324 3352.105518
-382.108606 188.451588 3346.521191
-382.610736 276.963068 3347.930566
-386.852524 360.300790 3355.428076
-422.856711 190.944481 3353.654541
-425.302170 279.221344 3364.713623
-421.142191 355.689270 3361.257056
-411.503394 57.905661 3354.080469
-409.125375 101.158206 3357.514209
-377.993039 99.184967 3352.847534
-354.402524 162.117401 3400.893579
-346.988132 222.379176 3317.920386
-440.171271 103.125974 3362.180884
-459.007864 163.942599 3448.937207
-464.701459 212.225627 3272.138525
-406.689584 145.103152 3353.098364
-383.841690 187.951204 3345.630933
-382.526141 276.547311 3340.221704
-387.886862 361.025586 3357.629956
-424.615912 190.374608 3351.734106
-426.021426 278.580539 3371.955737
-422.386841 356.540421 3362.990308
-412.711386 57.820882 3357.337231
-410.267102 101.002864 3359.685742
-379.148428 99.104434 3356.244751
-354.898813 161.715324 3404.926196
-347.510504 222.042661 3317.707153
-441.322128 102.897400 3363.126733
-457.950900 165.151028 3448.712158
-464.999622 212.086298 3267.912817
-407.865082 144.893864 3354.436841
-385.046124 187.736646 3346.937720
-381.357224 276.249988 3338.775806
-387.362442 361.574109 3358.604541
-425.837500 190.106641 3351.438159
-425.380386 278.281000 3374.699292
-421.933856 356.900317 3366.787134
-413.120328 56.533917 3345.762256
-410.914688 100.398331 3356.389233
-379.771643 98.560460 3350.807861
-355.140814 161.407628 3406.899805
-347.815347 221.988681 3322.857227
-441.954306 102.230092 3361.970605
-458.017300 165.959848 3448.618701
-466.694101 209.743141 3258.926440
-408.666180 144.517569 3356.586621
-386.060019 187.526585 3353.133813
-381.175009 275.834937 3333.135620
-386.029504 360.772339 3366.745239
-426.731619 189.734290 3360.434204
-425.567401 277.641907 3386.271045
-421.291876 356.286536 3374.414355
-413.382068 56.565388 3339.962549
-411.274451 100.601106 3354.747290
-380.117944 98.829233 3348.117212
-355.472278 160.664386 3408.430029
-349.661157 221.284833 3327.601782
-442.308060 102.366014 3361.377368
-458.560083 166.752621 3444.156934
-468.699097 208.116589 3240.161719
-409.141019 144.834917 3357.615723
-386.680447 187.951472 3356.148608
-380.339233 276.052466 3324.824658
-384.165164 361.232407 3357.481177
-427.289542 190.032234 3364.819702
-425.460583 277.956653 3380.859937
-420.888675 357.654788 3369.553784
-413.350110 57.312894 3336.496582
-411.491913 101.232562 3352.775562
-380.315567 99.513426 3345.857861
-355.638580 159.990062 3409.183057
-350.344897 220.499747 3333.378662
-442.539890 102.944632 3359.693262
-458.408920 167.267776 3438.607520
-470.124350 206.748521 3218.582007
-409.417328 145.551538 3357.470703
-387.027554 188.745757 3357.642310
-379.447061 276.704852 3320.934375
-382.640311 361.434293 3349.082397
-427.614896 190.745029 3366.689380
-425.072119 278.692896 3375.623389
-420.708878 358.103644 3367.470068
