-317.859572 40.298782 4294.595264
-311.769254 75.706853 4306.247437
-287.991017 77.184836 4332.774646
-282.960083 124.994907 4414.900537
-280.523247 173.713101 4221.309436
-335.842255 74.210551 4279.720227
-343.769176 118.282245 4297.411304
-330.769768 66.150549 4208.274231
-313.772278 127.836715 4335.964941
-297.986696 179.886665 4385.719006
-301.268379 259.137574 4463.428796
-312.633929 331.777597 4564.878674
-333.673195 178.621272 4345.645886
-336.264731 261.695033 4370.945044
-322.072507 327.421790 4488.544336
-317.961822 40.098775 4295.012476
-311.539555 76.045189 4301.714819
-287.680144 77.500991 4326.782068
-282.061259 114.913999 4207.888184
-306.919814 92.210062 4086.681946
-335.678641 74.572295 4276.647571
-341.580743 118.026260 4238.523218
-306.288820 62.988242 4120.938806
-313.595924 128.451461 4331.494373
-298.236609 180.762870 4379.747205
-301.965862 263.704760 4442.912976
-312.765203 335.776556 4558.511279
-333.159787 179.515937 4342.800647
-336.630844 263.180262 4371.873804
-322.672003 331.155078 4484.986804
-317.890350 40.003474 4296.044556
-311.647298 76.399615 4299.451880
-287.855374 77.840520 4322.007153
-283.999568 113.880568 4205.710596
-309.121127 95.365842 4084.557141
-335.690152 74.943533 4276.896606
-339.340089 122.077959 4218.034631
-312.717263 68.501876 4153.689099
-313.830343 128.696890 4329.036304
-298.925809 180.927958 4374.974817
-302.978499 260.916936 4426.079907
-313.539526 336.967758 4558.032019
-333.170175 179.635629 4342.266638
-335.735355 262.873600 4366.459875
-323.396088 332.969220 4478.822681
-317.885963 39.979240 4296.448010
-311.709171 76.749936 4298.830835
-287.819717 78.049898 4318.506335
-284.715756 117.651935 4239.807703
-308.233727 103.939304 4108.071777
-335.818320 75.438077 4279.155334
-338.002260 116.245547 4191.819629
-310.661192 55.908309 4163.120166
-313.863911 130.371283 4330.136609
-298.519125 183.818172 4376.009424
-301.783226 263.066010 4446.236633
-325.748344 320.131601 4573.135876
-333.573419 182.623495 4346.875342
-334.996846 262.864142 4354.954822
-324.195416 333.555731 4465.604980
-317.873505 39.941917 4297.295349
-311.738457 76.938906 4297.095166
-287.800520 78.306882 4315.353101
-285.406465 120.544675 4275.393689
-310.350565 104.603902 4104.326697
-335.880649 75.559225 4278.837231
-337.861774 117.179501 4197.110303
-312.230370 47.290205 4169.190796
-314.121931 130.891666 4327.960425
-298.619831 184.761917 4372.610803
-300.986038 263.152940 4448.562744
-304.971258 328.587056 4475.664673
-334.436726 183.394467 4345.040564
-335.246127 263.681264 4352.137097
-324.748271 334.076895 4460.969324
-318.365961 41.004038 4297.569373
-311.842287 77.056194 4294.966711
-287.886311 78.408571 4313.151367
-286.429666 121.983527 4286.950122
-311.604797 107.274455 4108.557214
-336.001973 75.692342 4276.782056
-337.026016 119.144657 4218.113806
-314.029350 47.300787 4169.904492
-314.184278 130.325843 4325.961121
-299.138749 183.493681 4370.292554
-300.376540 261.318022 4434.757971
-309.529968 328.937271 4499.510046
-333.953746 182.177488 4343.618506
-334.805296 266.169988 4354.178235
-324.923466 337.053110 4459.472864
-318.489706 40.969803 4302.757007
-310.694480 76.171619 4298.009888
-288.517586 77.859155 4326.392090
-292.956042 123.670185 4524.253577
-308.563165 116.019937 4149.930823
-333.166209 74.461658 4269.627686
-337.127863 116.108237 4207.637744
-334.838918 62.083944 4286.205261
-312.495075 125.413917 4314.947681
-298.609618 175.008080 4352.039954
-299.313646 252.914719 4409.895117
-315.277547 325.417783 4486.595569
-330.100046 173.527272 4311.730994
-337.095013 264.358549 4390.440015
-326.345630 333.342598 4402.105945
-319.761838 43.439664 4308.405933
-307.355399 74.270196 4280.938452
-286.096191 76.099253 4312.283533
-293.130641 125.162381 4491.351672
-311.960856 119.609195 4140.994739
-328.928217 72.414133 4249.593372
-336.978287 116.055752 4210.269043
-321.037935 52.747125 4175.353516
-310.000858 126.447638 4310.624512
-300.058542 178.545291 4358.983752
-297.207494 260.809299 4402.919592
-308.531597 330.337079 4476.308459
-325.270172 177.271861 4321.637390
-334.611816 265.498985 4376.574036
-323.046680 329.074388 4445.176477
-320.417188 45.074609 4309.593835
-307.731514 74.414665 4282.428455
-286.842947 76.505287 4312.341650
-291.754242 124.629364 4471.915942
-310.892926 126.108636 4194.410217
-328.913968 72.294598 4252.515259
-337.118668 117.833877 4213.407959
-326.076730 59.057912 4219.651538
-311.133855 127.096303 4311.674280
-302.473198 179.851465 4358.273425
-300.063455 258.945744 4411.030237
-307.092693 335.208786 4478.810046
-326.604001 178.278480 4323.566785
-333.871799 265.651263 4340.148010
-327.470467 333.378395 4443.710339
-317.806894 48.955000 4320.581726
-308.004572 74.151925 4284.783203
-287.091071 76.358835 4314.980530
-291.003204 123.784262 4466.522510
-307.875282 131.558186 4254.382324
-329.214944 71.913745 4254.585876
-337.896448 117.061747 4211.109363
-284.317461 117.940444 4216.391333
-311.612027 127.165668 4312.911316
-302.494904 180.381157 4359.489685
-297.878287 263.254857 4409.948181
-308.692351 334.093425 4487.933118
-327.958746 178.595986 4322.589172
-335.757570 265.015075 4361.148987
-331.570184 339.952501 4426.136340
-318.971178 48.365470 4312.181335
-308.105629 73.937318 4271.830823
-286.896450 76.376242 4310.243799
-284.987393 135.932260 4398.367041
-306.625418 132.963091 4331.606958
-329.699715 71.454138 4233.417847
-339.151698 116.423857 4205.597729
-324.185941 171.501980 4182.822900
-311.881751 127.592663 4304.587012
-301.660849 181.413676 4362.818115
-298.426755 262.037299 4405.986633
-309.929843 335.305052 4498.602344
-329.705505 179.449940 4311.868286
-335.425464 264.083279 4370.842004
-331.581485 339.470187 4426.724536
-318.392879 43.920468 4296.603552
-308.383004 73.847000 4272.463940
-286.709340 76.055454 4305.357983
-286.460831 132.257344 4434.000476
-303.651485 139.270833 4363.351001
-330.393021 71.604276 4239.569897
-339.451096 116.887859 4209.694043
-289.488039 147.194911 4219.704041
-311.956908 126.943735 4305.846790
-300.898792 180.165023 4361.586133
-299.750599 261.436030 4405.492773
-308.950546 334.972034 4505.291772
-330.203857 178.272285 4316.873145
-336.239006 264.430880 4377.296716
-331.692386 340.874136 4427.980103
-318.146967 42.141264 4289.929565
-308.778720 74.153873 4270.298706
-286.679333 76.288013 4302.589392
-286.208636 131.056140 4422.668091
-304.125972 138.304819 4328.584839
-331.214845 71.987199 4238.008020
-340.141699 116.644386 4216.928149
-281.088824 115.862079 4223.688611
-312.062439 126.720187 4301.858289
-299.660457 179.474648 4356.502661
-300.367029 260.887965 4412.232739
-307.965108 336.847908 4510.561389
-331.103769 177.556852 4310.333081
-336.363524 263.101298 4375.274109
-331.837119 339.513986 4431.408203
-317.609729 41.877155 4293.489343
-308.562358 74.439460 4270.633374
-286.684440 76.556474 4303.196960
-286.374707 130.544311 4423.922253
-302.861369 141.629723 4346.180737
-330.776471 72.289948 4238.069788
-340.644508 116.407967 4216.964929
-283.215787 117.353143 4220.224854
-311.878716 127.803270 4302.839832
-299.053450 181.339467 4359.255530
-301.028258 269.021106 4417.744653
-309.286039 310.588651 4418.614453
-331.418959 179.398000 4310.837048
-336.974812 267.173887 4399.903931
-331.863966 340.469278 4436.942017
-318.150125 43.510503 4294.976257
-310.770970 77.603364 4288.205969
-287.418369 79.057481 4311.718079
-287.791431 132.503686 4442.540967
-292.532689 127.252275 4159.298718
-334.381065 76.133208 4264.693860
-341.982338 107.204300 4199.522046
-321.519511 53.063403 4125.465808
-312.822426 130.911609 4313.779150
-298.629149 184.199551 4355.835010
-300.240125 273.568884 4423.959033
-316.557645 360.727254 4550.628333
-331.193964 182.978905 4322.869653
-337.347980 268.126178 4387.134888
-331.663538 342.128545 4436.660974
-318.637931 44.224059 4297.252393
-311.570650 78.607245 4294.274915
-287.478855 79.910067 4314.436133
-288.037009 132.950720 4444.977417
-309.275317 99.815862 4100.875854
-335.889703 77.292087 4274.113696
-342.388460 104.066226 4195.013293
-319.930295 49.301881 4152.164844
-313.417114 132.147189 4317.826331
-298.661629 185.660039 4355.375964
-302.372422 274.777844 4450.127148
-316.853497 360.687035 4551.347644
-331.932753 184.548854 4327.379529
-337.172433 266.520537 4392.061694
-331.254854 344.596967 4431.222620
-321.968520 47.928886 4310.734290
-311.487913 80.281813 4287.534668
-287.188214 82.073599 4312.756897
-287.235277 133.004635 4457.126257
-306.824724 104.309892 4127.417383
-336.075217 78.468847 4262.312439
-329.798051 132.240138 4169.396875
-322.579001 52.490983 4141.828882
-314.221163 132.862438 4316.409888
-301.360364 185.499268 4361.595117
-301.695155 272.981794 4448.884778
-317.118975 358.818916 4559.065503
-332.592999 183.983488 4328.975098
-336.484778 265.518288 4381.202393
-330.957352 345.585739 4422.452466
-321.722397 47.599780 4308.968018
-311.749934 80.017529 4292.261292
-287.262090 81.425285 4312.120410
-286.954392 131.304745 4451.539941
-305.926006 102.392535 4126.827783
-336.465440 78.596699 4272.402173
-333.502527 127.343566 4190.794287
-321.408786 50.213356 4122.902454
-313.831378 131.415295 4317.185352
-298.535445 182.886534 4356.315955
-301.074057 272.680817 4443.060657
-316.252808 360.967270 4557.334045
-333.356320 181.555109 4327.902869
-336.526611 263.108755 4378.948718
-331.005046 344.524355 4414.535547
-318.171393 46.607744 4321.307214
-310.236891 77.280365 4284.285132
-286.930054 78.967076 4306.210657
-286.495856 128.803773 4445.791064
-305.766972 98.953889 4119.297754
-333.783499 75.576317 4262.359607
-334.552295 123.210376 4228.095728
-323.603430 55.595418 4174.261072
-312.996410 129.696174 4312.632239
-297.876023 182.311710 4357.947180
-300.060367 266.156038 4428.757251
-315.509561 359.632458 4558.666821
-333.703763 180.536137 4324.011511
-336.633968 261.328112 4374.219568
-331.166098 343.792725 4401.903516
-318.857750 45.204005 4310.749731
-309.816556 74.230398 4294.911401
-287.253439 76.052822 4319.987073
-288.240509 111.525872 4158.011707
-303.389323 99.190553 4194.669922
-332.644695 72.386548 4269.835730
-344.906506 106.487077 4254.836597
-314.922892 133.908152 4120.773438
-312.538330 127.726341 4318.821631
-297.615985 181.572429 4362.472498
-299.199306 264.904560 4413.076147
-315.939056 353.740604 4549.840796
-333.005087 179.685359 4322.991223
-336.577289 260.439712 4376.038904
-331.042563 347.316109 4411.781836
-319.059688 45.318521 4311.340735
-309.952515 73.739310 4296.461768
-287.430582 75.491457 4322.939844
-286.127707 108.910243 4179.841211
-306.058034 97.375376 4196.367969
-332.753735 71.965440 4269.983691
-342.619211 109.814612 4232.333545
-312.779996 131.429904 4125.588501
-312.153932 127.464302 4314.694714
-297.312025 181.565199 4353.058557
-298.991121 263.667489 4398.551221
-308.609456 330.547720 4533.301123
-331.520525 179.901300 4312.796765
-336.219739 260.933256 4382.708398
-331.833609 344.587000 4419.906238
-316.916914 49.026085 4296.767517
-310.740858 75.915108 4296.300891
-287.904613 77.468633 4324.515479
-287.944060 112.045544 4181.505847
-309.965395 98.179302 4207.028491
-333.879028 74.341053 4268.086304
-340.542416 113.281615 4191.288147
-301.898654 127.904002 4135.206274
-312.703558 130.897404 4321.689612
-297.525404 185.866627 4368.418750
-294.336162 264.958940 4410.747229
-305.706871 328.318613 4543.822107
-331.930191 184.602094 4325.737915
-335.761746 265.880856 4389.080566
-331.661186 348.788283 4421.086279
-317.087196 51.026319 4293.331555
-311.051346 76.979599 4295.232593
-287.829018 78.430962 4321.357190
-285.989414 126.295632 4272.743018
-310.409489 96.511560 4181.684692
-334.557875 75.510461 4269.107996
-339.017775 114.382605 4226.419580
-300.935326 122.370416 4130.881140
-313.014941 132.420194 4322.493152
-297.800902 187.745309 4369.244470
-295.960298 262.531387 4406.289856
-303.008786 328.141768 4555.698328
-332.261420 186.581253 4330.262952
-335.741321 272.902093 4393.422266
-331.061514 351.707011 4417.928552
-317.536450 48.969266 4300.949463
-311.236754 78.195508 4297.453699
-287.761214 79.630183 4322.758191
-286.075889 126.812005 4281.816675
-310.148206 98.288273 4180.219678
-334.990424 76.743847 4272.149207
-338.628183 114.299306 4216.051331
-301.823357 116.532099 4134.540869
-313.208894 132.560391 4324.775464
-298.284356 186.818672 4370.466345
-295.727301 261.192960 4445.175635
-302.870721 330.065512 4551.896814
-332.171155 185.661864 4333.728113
-330.760854 270.873993 4368.472656
-329.872102 348.641620 4430.278699
-317.499162 47.861099 4302.905530
-311.311086 79.141341 4294.441687
-287.654945 80.586422 4321.557092
-286.645958 128.006708 4314.259534
-307.187345 111.850222 4235.027454
-335.267851 77.677853 4267.326282
-331.801146 124.697308 4340.305237
-310.684425 108.213322 4096.891565
-313.276330 132.828097 4324.057837
-298.452251 186.333727 4373.096802
-296.608156 262.448211 4430.423853
-303.050655 333.168526 4551.934155
-332.127637 185.230228 4334.251172
-331.879022 271.342479 4368.174207
-293.153786 307.746710 4658.755566
-317.250775 48.750061 4300.254858
-311.620099 79.283635 4310.153394
-288.065138 80.633011 4330.620923
-288.121185 128.560036 4348.004565
-304.633765 121.598129 4291.906689
-335.399809 77.921379 4289.685864
-334.682709 118.724252 4267.044116
-306.556456 125.422358 4108.184644
-313.520856 134.113310 4331.266956
-298.457832 189.010263 4367.217932
-300.040292 269.980328 4438.159961
-303.719464 337.398236 4553.132166
-332.464481 187.807655 4337.543103
-340.990126 260.053857 4515.945837
-297.830540 312.422516 4651.391467
-317.663390 47.496793 4299.328345
-311.435445 79.491872 4304.030261
-287.891978 80.894663 4326.672852
-287.886030 129.534499 4362.711707
-303.366161 119.356781 4274.458472
-335.227948 78.074236 4281.387671
-338.299692 118.750933 4276.791602
-310.141818 86.076577 4205.692065
-313.434785 134.364443 4328.660645
-298.561415 189.210832 4369.642871
-296.638285 272.537611 4422.841321
-304.761371 339.454219 4547.952954
-332.388640 188.016858 4336.939185
-338.181421 266.675184 4455.464429
-300.385682 319.340274 4627.915576
-317.932675 46.525761 4291.677307
-311.207098 79.551815 4301.366675
-287.734331 80.870535 4327.706055
-286.197336 130.954644 4409.158398
-302.704335 125.980880 4319.105200
-334.969121 78.216828 4275.027295
-338.276775 118.255248 4231.753491
-334.576160 66.433785 4283.705640
-312.407688 127.652351 4319.398035
-294.825021 175.940963 4358.632800
-295.664796 253.034253 4422.416528
-301.421359 338.410242 4448.249414
-332.556009 174.759184 4316.225989
-330.609032 244.746922 4353.483069
-302.932050 311.619432 4632.508276
-317.964366 46.458730 4294.523669
-311.136101 79.062465 4299.288477
-287.516074 80.534165 4321.232532
-285.455563 128.634298 4344.886145
-304.596634 123.779384 4302.809509
-334.998495 77.575656 4277.344421
-338.259473 117.466202 4226.884521
-327.351775 63.779201 4202.887537
-312.976564 128.916358 4317.723010
-297.256996 179.064437 4352.562170
-296.269276 258.241453 4395.835693
-304.210727 336.149759 4492.622400
-332.478940 177.622813 4319.752917
-333.891803 253.706607 4353.728174
-304.380553 311.325439 4628.120813
-318.308018 45.614584 4295.272180
-311.116711 77.287121 4301.277673
-287.634520 78.740080 4321.892041
-285.235885 124.863773 4381.020178
-297.283949 98.608464 4110.215112
-334.825090 75.820211 4280.663306
-340.397964 113.042828 4229.249939
-302.522050 126.345072 4110.866479
-313.016222 128.403363 4319.246423
-298.207515 179.783134 4351.959656
-298.894170 261.098186 4412.597168
-304.320329 336.307126 4487.090271
-331.706319 178.404243 4322.470691
-334.940694 258.971854 4367.507397
-308.513260 314.939053 4617.732349
-318.377700 46.224030 4295.681531
-310.033883 81.396191 4292.697876
-285.214600 83.023627 4311.863513
-284.903445 130.912021 4420.631726
-293.824667 200.169489 4472.359546
-335.075775 79.754156 4273.532239
-337.869214 123.186845 4247.879321
-305.010863 116.024026 4131.287122
-312.563721 131.992550 4317.346790
-298.573172 182.797954 4354.845886
-299.742404 265.899948 4431.918628
-307.210648 328.572632 4540.949072
-331.654448 181.226302 4329.145520
-334.535063 262.114069 4376.596216
-310.273320 319.287070 4618.784644
-318.422078 46.236665 4297.586499
-310.475275 80.830421 4293.247888
-286.359406 82.395475 4314.839026
-284.985709 131.290155 4410.362024
-293.727541 200.545990 4479.668896
-334.834952 79.249557 4271.656750
-335.426727 124.819860 4236.933826
-305.839478 110.154667 4135.356201
-312.859837 132.630757 4319.248950
-298.796869 184.525130 4360.089673
-299.943781 267.732778 4435.163672
-308.374511 327.702165 4539.868140
-331.747415 183.092227 4330.410352
-334.579459 263.841017 4377.906531
-311.991512 321.645152 4603.351172
-318.541472 45.729574 4297.335779
-310.543746 80.676353 4293.721252
-286.646309 82.267992 4316.615125
-285.501836 131.420077 4405.866748
-293.543291 199.727640 4491.239929
-334.697379 79.067624 4270.827380
-335.619365 124.070481 4237.954956
-306.179288 106.214422 4135.245020
-312.956595 133.154614 4320.346448
-298.972836 185.700433 4362.802393
-300.891035 269.432703 4431.442175
-308.698949 330.258571 4530.118127
-331.826625 184.274374 4331.140894
-334.902194 265.085529 4381.317505
-313.418378 323.520500 4590.317371
