329.8854064941406 104.08795928955078 3745.81201171875
325.7756652832031 149.01412963867188 3740.21142578125
352.6662292480469 148.36663818359375 3725.761474609375
361.6003723144531 193.323974609375 3759.974365234375
366.8728942871094 236.13368225097656 3716.943115234375
299.0920715332031 149.65660095214844 3754.661376953125
289.1839599609375 196.98399353027344 3777.88427734375
288.07525634765625 239.81915283203125 3685.183349609375
326.3053894042969 187.772216796875 3742.821044921875
345.7368469238281 226.23239135742188 3735.2490234375
346.7752990722656 298.2731018066406 3729.49365234375
337.72552490234375 369.87347412109375 3807.212646484375
308.0344543457031 226.71890258789062 3755.6123046875
310.03411865234375 305.1586608886719 3785.907470703125
316.99652099609375 375.5574645996094 3797.63037109375
329.7721862792969 104.50226593017578 3747.59326171875
325.7604064941406 148.8374786376953 3741.26416015625
352.4434814453125 148.4027557373047 3725.968505859375
361.3554382324219 193.723388671875 3754.26953125
363.6973876953125 237.40213012695312 3685.74658203125
299.29461669921875 149.2686767578125 3756.559814453125
289.33251953125 196.5602264404297 3779.445068359375
288.1396484375 239.6341552734375 3686.947021484375
326.0193176269531 187.57566833496094 3747.171875
345.2407531738281 226.10862731933594 3742.162841796875
344.1703796386719 296.9255676269531 3746.864013671875
336.5938720703125 352.7851867675781 3696.463623046875
307.4240417480469 226.27468872070312 3763.996337890625
310.18988037109375 283.36322021484375 3778.75146484375
325.38690185546875 351.17919921875 3717.039306640625
329.488037109375 104.77476501464844 3751.61572265625
325.52099609375 148.71075439453125 3743.160888671875
352.19091796875 149.08016967773438 3728.318115234375
361.2051696777344 195.17054748535156 3757.00537109375
354.83416748046875 246.10067749023438 3621.34033203125
299.0617370605469 148.34426879882812 3758.003662109375
289.3955993652344 195.54063415527344 3779.286376953125
284.68365478515625 240.80714416503906 3646.317138671875
324.7198486328125 186.828125 3753.220947265625
344.368408203125 225.257080078125 3751.827880859375
343.20782470703125 294.3348083496094 3755.58154296875
332.6505126953125 352.4787902832031 3701.40478515625
303.6015930175781 224.22947692871094 3774.734130859375
306.9593505859375 288.59234619140625 3767.781005859375
323.92779541015625 352.629150390625 3732.662353515625
329.3537292480469 104.97626495361328 3754.3916015625
325.471435546875 148.87100219726562 3743.34423828125
351.88409423828125 149.04653930664062 3722.726318359375
359.9856872558594 198.0078582763672 3754.08837890625
354.43280029296875 245.19842529296875 3620.66943359375
299.3481750488281 148.6973419189453 3763.962158203125
289.66436767578125 196.32614135742188 3784.35009765625
286.8148193359375 237.16470336914062 3681.103759765625
324.6705017089844 188.22340393066406 3748.47509765625
343.4299621582031 227.92071533203125 3738.269775390625
342.36553955078125 298.6120300292969 3738.797119140625
328.458251953125 351.65106201171875 3727.930419921875
304.47265625 227.01942443847656 3768.942138671875
307.819580078125 299.17486572265625 3750.43896484375
320.4083251953125 360.01708984375 3755.496337890625
329.18646240234375 104.905517578125 3755.2890625
324.6945495605469 148.7155303955078 3747.0107421875
350.1682434082031 148.6298370361328 3721.436767578125
359.0203552246094 198.52963256835938 3744.38232421875
361.557861328125 242.51437377929688 3690.99462890625
299.5662536621094 148.800048828125 3772.584716796875
289.5719909667969 196.48171997070312 3794.05859375
287.09771728515625 236.74330139160156 3669.50244140625
323.82452392578125 188.45394897460938 3741.94482421875
341.80419921875 228.64161682128906 3717.96142578125
342.69110107421875 299.96221923828125 3731.072509765625
333.5498046875 356.2648620605469 3740.7958984375
304.2900085449219 227.96206665039062 3755.79638671875
310.269287109375 304.82879638671875 3747.358154296875
317.2363586425781 375.3568115234375 3797.973876953125
329.1470031738281 104.72296905517578 3755.548583984375
324.2750549316406 148.45193481445312 3748.014892578125
349.4522705078125 147.74783325195312 3722.788818359375
359.1159362792969 197.2701416015625 3746.625244140625
362.1603698730469 240.7180633544922 3678.752197265625
299.43450927734375 149.1466064453125 3773.240966796875
289.2982177734375 197.00326538085938 3796.457763671875
286.99444580078125 236.80186462402344 3718.06201171875
324.37127685546875 188.66957092285156 3742.49755859375
341.59674072265625 228.8983154296875 3719.83251953125
341.80718994140625 298.17413330078125 3734.540283203125
332.3213806152344 354.9404602050781 3751.051025390625
307.4953308105469 229.11264038085938 3754.1279296875
309.9082336425781 304.22100830078125 3754.096435546875
316.7925720214844 376.8671875 3793.327880859375
329.1217041015625 104.54129791259766 3755.771484375
324.5014343261719 148.48712158203125 3747.26953125
350.0025634765625 147.98370361328125 3729.0224609375
358.888916015625 196.5617218017578 3757.532470703125
362.41278076171875 240.37461853027344 3713.164794921875
299.24749755859375 148.98568725585938 3765.5166015625
289.0396728515625 196.76480102539062 3787.756103515625
286.7514953613281 239.01039123535156 3699.84521484375
324.69110107421875 188.6681365966797 3748.083984375
343.05950927734375 228.75306701660156 3735.867919921875
341.52618408203125 300.7989807128906 3765.336181640625
334.7364501953125 354.445556640625 3775.133056640625
306.8277282714844 228.9097442626953 3761.928955078125
309.5032958984375 308.8591613769531 3753.3505859375
316.862060546875 377.01837158203125 3805.939697265625
328.8705749511719 104.34306335449219 3756.95458984375
324.14007568359375 148.06536865234375 3749.796630859375
349.36151123046875 147.47970581054688 3730.247802734375
359.0284118652344 195.89785766601562 3757.0625
362.6512451171875 238.66436767578125 3689.5146484375
299.18023681640625 148.64492797851562 3769.345458984375
289.3099670410156 195.84796142578125 3800.346923828125
288.0521545410156 238.59718322753906 3687.580810546875
324.3837890625 188.340087890625 3749.202880859375
342.6531677246094 228.51075744628906 3734.622802734375
341.80718994140625 304.9334411621094 3754.14501953125
334.6400451660156 353.7470397949219 3776.1962890625
306.7359924316406 228.74351501464844 3762.595458984375
309.3515625 302.7613220214844 3755.36279296875
317.0476989746094 376.04443359375 3798.90771484375
328.3013000488281 104.23340606689453 3761.51904296875
323.9412841796875 147.76129150390625 3749.23828125
348.9777526855469 147.17955017089844 3726.677001953125
359.5626525878906 193.92343139648438 3755.847900390625
362.62060546875 238.79481506347656 3695.814453125
299.2043151855469 148.3360595703125 3771.799560546875
289.323486328125 195.86624145507812 3803.02099609375
288.8313293457031 245.2281494140625 3658.8837890625
324.0982971191406 188.31715393066406 3749.6923828125
342.3929443359375 228.79745483398438 3733.772216796875
342.0231018066406 304.6689147949219 3765.15087890625
336.1047668457031 350.61614990234375 3750.03466796875
306.27532958984375 228.92835998535156 3766.520751953125
311.0877380371094 299.59381103515625 3770.654052734375
321.3752136230469 358.0047302246094 3707.27001953125
328.2185974121094 104.32368469238281 3763.737548828125
324.1060485839844 147.93609619140625 3748.349853515625
349.50390625 147.2947998046875 3722.200927734375
359.7816467285156 192.38467407226562 3759.47998046875
362.53509521484375 238.42044067382812 3674.655029296875
299.06011962890625 148.56851196289062 3774.498779296875
289.4078369140625 195.9871368408203 3803.881103515625
287.0090026855469 239.1259765625 3679.589111328125
324.1731872558594 188.97190856933594 3746.675048828125
342.6972961425781 229.99755859375 3725.97900390625
341.8694763183594 302.3790283203125 3757.7138671875
334.2144470214844 354.20672607421875 3716.5546875
305.97003173828125 230.0908203125 3764.021484375
310.5317687988281 299.9044189453125 3765.254638671875
321.9330749511719 358.87115478515625 3706.03466796875
328.32171630859375 104.5037612915039 3768.2998046875
324.35015869140625 150.22933959960938 3744.523681640625
350.1781921386719 149.71560668945312 3722.3359375
357.9386901855469 194.7023162841797 3775.284912109375
363.5703125 232.1758270263672 3681.953125
298.8264465332031 150.7370147705078 3766.71142578125
289.123291015625 198.79742431640625 3797.006591796875
285.8043518066406 242.97579956054688 3659.84228515625
324.3045349121094 189.98959350585938 3739.98583984375
342.54461669921875 229.8187255859375 3719.75
341.8407897949219 302.4583740234375 3746.19482421875
334.4486083984375 356.65496826171875 3694.2666015625
306.12603759765625 229.8739471435547 3751.14599609375
307.55078125 303.9639892578125 3734.821533203125
324.8504638671875 362.01898193359375 3751.249755859375
329.17388916015625 105.96607971191406 3776.658447265625
324.71221923828125 151.517822265625 3745.001953125
350.92413330078125 151.19024658203125 3721.89990234375
359.3865051269531 199.96719360351562 3779.591552734375
363.6592712402344 232.89654541015625 3673.6533203125
298.82171630859375 151.84136962890625 3768.10400390625
289.5655517578125 199.44337463378906 3800.6142578125
286.68048095703125 242.71575927734375 3699.953125
324.4145202636719 190.95497131347656 3742.35986328125
342.63482666015625 230.5625762939453 3723.387451171875
342.1998596191406 303.3292541503906 3748.199951171875
335.9002990722656 355.9200439453125 3722.51953125
305.7590026855469 230.33413696289062 3756.048095703125
310.4866943359375 302.04144287109375 3726.871337890625
321.16461181640625 367.49810791015625 3777.301025390625
328.7261657714844 106.81951141357422 3780.697998046875
324.9827880859375 152.33642578125 3745.3896484375
351.3837890625 152.07533264160156 3721.075439453125
359.7589416503906 202.45870971679688 3774.3974609375
363.9485778808594 237.94204711914062 3697.24853515625
298.92236328125 152.5941619873047 3769.703857421875
289.7801818847656 201.8804168701172 3797.256103515625
286.7147216796875 245.33306884765625 3702.4462890625
324.5386962890625 191.60519409179688 3742.054931640625
342.8100891113281 231.12306213378906 3721.4775390625
342.7022399902344 303.16845703125 3747.371826171875
339.47808837890625 367.2022705078125 3833.2822265625
305.5494079589844 230.76657104492188 3755.962890625
311.51513671875 301.9903259277344 3719.939697265625
321.2527770996094 366.41400146484375 3769.352783203125
328.6317443847656 106.2170181274414 3773.86767578125
324.8994445800781 151.92694091796875 3745.074951171875
351.2519226074219 151.6685791015625 3722.470703125
359.6386413574219 203.3474884033203 3778.41943359375
354.2742614746094 233.76803588867188 3604.974609375
298.8631896972656 152.1822052001953 3767.67919921875
289.4395751953125 200.91262817382812 3794.54345703125
286.7215270996094 242.9088897705078 3687.883544921875
324.41412353515625 191.49481201171875 3738.234130859375
342.40863037109375 231.36424255371094 3715.566162109375
340.5722351074219 306.09368896484375 3726.5146484375
339.2115783691406 368.1697998046875 3826.773681640625
305.60150146484375 231.05262756347656 3747.220458984375
311.9206848144531 306.19183349609375 3741.3310546875
315.23870849609375 382.75665283203125 3813.995361328125
328.4511413574219 105.99522399902344 3770.251708984375
324.5744323730469 150.72833251953125 3746.70703125
350.7192687988281 150.33103942871094 3724.256591796875
359.1673583984375 202.5328369140625 3778.84765625
354.3331604003906 235.08949279785156 3606.958740234375
298.7410583496094 151.12091064453125 3769.157470703125
289.4755554199219 199.68417358398438 3796.266357421875
287.4253234863281 241.02371215820312 3677.078125
324.1997375488281 190.79119873046875 3736.298583984375
342.35552978515625 231.13961791992188 3710.034423828125
341.6280822753906 306.47772216796875 3720.33544921875
338.2557678222656 365.2110595703125 3785.536376953125
305.44744873046875 231.01669311523438 3741.745849609375
312.5847473144531 307.2854919433594 3750.197998046875
315.9010925292969 382.0186767578125 3818.6337890625
328.364990234375 105.77304077148438 3769.044189453125
324.5766296386719 150.4626922607422 3748.920654296875
350.83929443359375 150.3656005859375 3728.082275390625
358.6940612792969 198.56192016601562 3796.990966796875
355.06097412109375 235.93865966796875 3612.159912109375
298.60430908203125 150.5587158203125 3769.759033203125
289.34893798828125 198.9119415283203 3796.968017578125
286.61151123046875 239.82008361816406 3688.968017578125
323.9023132324219 189.59059143066406 3741.910400390625
340.9971618652344 229.09628295898438 3720.822509765625
340.9949951171875 301.7216491699219 3741.4931640625
340.42401123046875 365.08428955078125 3757.66259765625
305.5872497558594 228.63619995117188 3748.977783203125
311.83056640625 303.6602478027344 3746.271484375
316.34857177734375 379.4007873535156 3821.819580078125
328.2234802246094 105.74082946777344 3770.2890625
324.55975341796875 150.49884033203125 3750.28857421875
350.7702331542969 149.87326049804688 3726.6171875
358.7385559082031 199.05361938476562 3787.469482421875
355.2845153808594 235.2741241455078 3614.3828125
298.6781005859375 151.11656188964844 3773.9599609375
289.2378234863281 199.2513427734375 3802.533935546875
286.7812194824219 238.1165008544922 3702.228515625
324.571044921875 190.6939697265625 3743.221923828125
341.6368103027344 230.9669952392578 3720.777099609375
340.60247802734375 304.3697509765625 3757.234375
341.02325439453125 366.4299011230469 3762.36669921875
307.6678161621094 231.11468505859375 3751.533447265625
309.3758850097656 307.73297119140625 3736.99169921875
316.5165100097656 380.1778259277344 3819.4873046875
327.6581115722656 105.41091918945312 3772.525146484375
324.61944580078125 150.08140563964844 3752.51123046875
350.8003845214844 149.58938598632812 3728.588623046875
358.6234130859375 197.1312713623047 3784.992919921875
363.6462097167969 235.13645935058594 3678.5908203125
298.7702331542969 150.5671844482422 3776.433837890625
291.85003662109375 195.1186981201172 3816.151611328125
286.6710205078125 240.00027465820312 3711.544677734375
324.3603210449219 190.3258514404297 3743.458984375
341.8299255371094 230.7827911376953 3718.2490234375
338.229248046875 306.7652893066406 3749.39794921875
341.0986022949219 366.23541259765625 3762.30029296875
306.5227355957031 230.74818420410156 3750.564453125
308.7437438964844 309.7268371582031 3742.9970703125
316.5671691894531 380.78515625 3821.08447265625
327.7639465332031 105.4225082397461 3773.151123046875
324.6366271972656 149.8424530029297 3753.001220703125
350.8338928222656 149.3978729248047 3728.2158203125
358.699951171875 196.4282684326172 3779.110107421875
363.64306640625 235.26409912109375 3697.523193359375
298.7831115722656 150.28121948242188 3777.78662109375
290.89459228515625 196.81195068359375 3814.404541015625
286.7998962402344 242.23463439941406 3702.50537109375
324.2624816894531 189.95753479003906 3743.760009765625
341.9065246582031 230.3331298828125 3717.515625
345.6279602050781 302.6925048828125 3753.415283203125
340.63958740234375 366.43707275390625 3756.918212890625
306.0297546386719 230.20970153808594 3751.52197265625
310.42919921875 304.4866638183594 3763.135009765625
316.6043701171875 381.0870361328125 3821.17333984375
327.633544921875 105.4278564453125 3774.139892578125
324.6558837890625 149.28213500976562 3754.19775390625
350.7133483886719 148.83038330078125 3729.310546875
358.9547424316406 195.4368438720703 3766.608642578125
363.6568603515625 235.41184997558594 3699.115478515625
298.9416198730469 149.7279052734375 3779.0849609375
290.5494384765625 196.28424072265625 3816.31787109375
286.354248046875 230.96817016601562 3700.3623046875
324.2306823730469 189.56651306152344 3743.113525390625
341.8796691894531 230.15093994140625 3714.82763671875
343.097900390625 303.453125 3755.4365234375
340.6493225097656 367.60516357421875 3763.439208984375
305.89215087890625 230.030029296875 3749.23095703125
309.41131591796875 299.9531555175781 3765.25830078125
316.6000671386719 381.3128356933594 3823.23193359375
327.4190673828125 105.62366485595703 3777.72802734375
324.6565246582031 148.9864959716797 3755.581298828125
350.86431884765625 148.2108154296875 3734.847412109375
359.0597839355469 195.06488037109375 3773.595947265625
363.72625732421875 234.84091186523438 3703.210205078125
298.73651123046875 149.75364685058594 3776.315185546875
289.82562255859375 196.6829833984375 3809.802734375
286.60504150390625 240.6246795654297 3677.079345703125
324.93231201171875 188.35415649414062 3745.97900390625
344.6466369628906 227.6739044189453 3721.057861328125
339.97314453125 302.12554931640625 3714.241943359375
340.47320556640625 368.9986877441406 3770.0546875
305.93115234375 228.17236328125 3751.695556640625
310.96722412109375 297.5791015625 3772.656982421875
317.82147216796875 368.4457092285156 3838.6298828125
326.84478759765625 105.78792572021484 3780.36572265625
324.64886474609375 148.2164764404297 3757.3447265625
350.748291015625 147.368896484375 3736.560791015625
358.7058410644531 194.79965209960938 3765.0146484375
363.5519714355469 233.36627197265625 3687.94287109375
298.83660888671875 149.0547332763672 3778.128662109375
289.54864501953125 195.75796508789062 3812.344482421875
286.6241149902344 240.0781707763672 3718.687744140625
325.0044250488281 187.31199645996094 3746.95654296875
345.3731994628906 226.30947875976562 3720.70263671875
339.7001953125 301.28338623046875 3708.309814453125
339.84698486328125 369.5281677246094 3774.388916015625
305.5199279785156 226.93765258789062 3752.43408203125
311.392333984375 297.3410949707031 3752.123779296875
318.2113342285156 368.51971435546875 3834.53955078125
326.7984924316406 105.88449096679688 3782.476318359375
324.4876403808594 148.04824829101562 3756.110107421875
350.4800109863281 147.24703979492188 3734.40185546875
358.3520202636719 194.55023193359375 3760.1064453125
363.64483642578125 235.33856201171875 3699.913330078125
298.7939758300781 148.84024047851562 3777.818359375
289.22747802734375 195.84603881835938 3810.879150390625
286.7228698730469 242.16448974609375 3726.413818359375
324.70947265625 187.49658203125 3744.54052734375
344.5323791503906 226.93222045898438 3716.680908203125
342.21807861328125 302.1678466796875 3731.505615234375
339.1983642578125 368.8017272949219 3775.32763671875
305.50323486328125 227.44442749023438 3749.260986328125
310.1244812011719 298.4765319824219 3787.3330078125
319.5672607421875 369.88275146484375 3836.673828125
326.76617431640625 105.799560546875 3781.91162109375
324.3463439941406 148.0921630859375 3755.00732421875
350.2454833984375 147.26966857910156 3731.39453125
358.3174133300781 195.0174560546875 3758.75048828125
363.79815673828125 234.94590759277344 3679.85205078125
298.7708740234375 148.9044189453125 3778.6201171875
289.3519592285156 196.1322021484375 3811.416015625
286.6726379394531 240.01376342773438 3700.517578125
324.539794921875 187.80267333984375 3744.1611328125
343.91796875 227.50802612304688 3715.89892578125
341.22674560546875 305.6994323730469 3701.963623046875
339.0219421386719 369.05712890625 3782.886962890625
305.7288818359375 227.97756958007812 3750.73095703125
309.6541442871094 299.1340026855469 3795.892578125
320.072021484375 371.3057861328125 3827.602783203125
326.7095947265625 105.71976470947266 3781.134521484375
324.25457763671875 148.20822143554688 3755.007568359375
350.15118408203125 147.38217163085938 3731.036865234375
357.99871826171875 194.93991088867188 3764.373291015625
354.09576416015625 239.49766540527344 3624.50048828125
298.6865234375 149.0238037109375 3778.978271484375
289.39471435546875 196.70468139648438 3810.273681640625
287.37322998046875 241.11729431152344 3676.425537109375
324.4308776855469 188.1568603515625 3743.752197265625
343.690185546875 228.1171417236328 3714.911865234375
340.02105712890625 307.6787414550781 3686.25341796875
338.0740661621094 369.32220458984375 3782.3203125
305.7052307128906 228.57357788085938 3750.081787109375
309.0207824707031 299.488525390625 3799.34765625
319.8896179199219 372.308837890625 3830.255615234375
326.4305419921875 105.428955078125 3780.54296875
324.2117919921875 148.0379638671875 3757.65966796875
350.1703796386719 147.26522827148438 3734.5927734375
357.9473876953125 195.93263244628906 3797.74658203125
354.3112487792969 238.1689453125 3620.962646484375
298.5699462890625 148.80130004882812 3780.7265625
289.49700927734375 196.05758666992188 3807.385009765625
286.62030029296875 242.57289123535156 3697.0087890625
324.33966064453125 188.45262145996094 3746.043212890625
343.184326171875 228.92263793945312 3717.87109375
339.230224609375 307.67364501953125 3678.232421875
335.8062438964844 369.134521484375 3778.718505859375
305.91748046875 229.31301879882812 3750.982421875
309.0401916503906 298.9115905761719 3808.871826171875
316.93927001953125 367.03070068359375 3811.682373046875
326.6593017578125 105.3549575805664 3779.872802734375
324.2742919921875 148.06105041503906 3758.994384765625
350.1762390136719 147.24407958984375 3733.973876953125
357.4878845214844 194.595703125 3801.427001953125
362.4227294921875 236.575927734375 3701.170654296875
298.71490478515625 148.86721801757812 3784.014892578125
289.2740783691406 192.9276123046875 3839.217529296875
286.5406494140625 240.59136962890625 3698.191650390625
324.3890380859375 188.64625549316406 3747.44384765625
342.4256286621094 229.29466247558594 3718.654052734375
337.45654296875 301.51055908203125 3718.578857421875
337.37451171875 367.6938171386719 3801.795166015625
306.7479553222656 229.66844177246094 3753.132568359375
309.9280090332031 299.0036315917969 3812.1689453125
319.7719421386719 357.175537109375 3723.557861328125
326.74957275390625 105.39018249511719 3780.834228515625
324.25933837890625 147.59556579589844 3760.921142578125
349.92938232421875 146.76922607421875 3731.025146484375
357.37506103515625 193.61996459960938 3798.882080078125
363.64361572265625 234.60833740234375 3696.484619140625
298.99420166015625 148.40887451171875 3790.817138671875
290.139404296875 191.68756103515625 3835.469970703125
286.8136901855469 240.8467254638672 3683.804443359375
324.2956237792969 188.0133819580078 3753.48974609375
342.399658203125 228.4667510986328 3725.050537109375
336.9420471191406 297.333984375 3739.934814453125
337.5096435546875 365.7451171875 3807.0869140625
306.4659423828125 228.71498107910156 3767.066162109375
309.8548278808594 299.72918701171875 3809.244384765625
320.7222900390625 361.08502197265625 3745.126708984375
326.83209228515625 105.35162353515625 3781.3369140625
324.3701477050781 147.55751037597656 3762.112060546875
350.0121765136719 146.7475128173828 3733.29150390625
357.3908386230469 193.79225158691406 3791.051513671875
363.6665344238281 234.59046936035156 3697.304443359375
299.1180114746094 148.3551788330078 3790.9326171875
289.87835693359375 193.53390502929688 3825.3935546875
286.7688903808594 240.87091064453125 3702.338623046875
324.349609375 188.1678009033203 3752.18115234375
342.162353515625 228.86752319335938 3722.26513671875
342.14569091796875 298.1602478027344 3838.1240234375
337.1383056640625 365.6319580078125 3804.7392578125
306.6849670410156 229.11839294433594 3762.2353515625
312.0243225097656 299.9075622558594 3792.46044921875
317.32366943359375 381.377685546875 3806.492431640625
326.7073669433594 105.11381530761719 3782.797119140625
324.4160461425781 147.427001953125 3763.061767578125
350.0480651855469 146.6634521484375 3734.959228515625
357.475341796875 193.77188110351562 3788.4267578125
355.9609680175781 231.72586059570312 3620.116455078125
299.16400146484375 148.17922973632812 3791.164306640625
290.2115173339844 192.56118774414062 3831.453125
286.7204284667969 240.91806030273438 3701.765625
324.3272399902344 187.71669006347656 3752.365234375
342.07977294921875 228.12847900390625 3722.173095703125
342.6783752441406 296.52154541015625 3834.842529296875
337.377197265625 364.98834228515625 3806.446533203125
306.58099365234375 228.3438720703125 3761.164306640625
300.3916320800781 292.9973449707031 3733.7353515625
315.20733642578125 369.8305969238281 3768.821533203125
326.8236999511719 105.1890869140625 3782.792724609375
324.4204406738281 147.19528198242188 3764.081787109375
350.0507507324219 146.51156616210938 3736.910400390625
357.52874755859375 193.2821502685547 3793.578125
355.8636779785156 231.02120971679688 3619.482177734375
299.15753173828125 147.86920166015625 3791.253173828125
290.41748046875 192.12384033203125 3827.528564453125
287.5495300292969 240.50595092773438 3710.7861328125
324.19677734375 187.9756622314453 3751.6953125
341.9071960449219 228.964111328125 3720.376708984375
344.1620788574219 297.7603759765625 3805.322509765625
337.58453369140625 366.1138610839844 3807.4912109375
306.2167663574219 229.08766174316406 3758.240966796875
304.5179748535156 294.7193908691406 3761.921630859375
316.9214172363281 366.689697265625 3760.521240234375
326.84832763671875 104.97651672363281 3781.421630859375
324.1682434082031 146.56033325195312 3767.001220703125
349.43450927734375 145.7830810546875 3737.849609375
356.87298583984375 189.2196502685547 3787.5390625
363.46636962890625 233.19297790527344 3694.79833984375
299.2900390625 147.32562255859375 3796.15283203125
290.7625732421875 191.54769897460938 3829.572021484375
286.0953674316406 236.00502014160156 3698.12890625
323.9234619140625 187.9046630859375 3752.33203125
342.11822509765625 229.47877502441406 3716.50390625
344.9026794433594 297.6993103027344 3794.633544921875
337.7626953125 366.24017333984375 3802.505859375
305.4428405761719 229.667236328125 3758.82177734375
309.75433349609375 311.3453369140625 3797.02880859375
319.7507019042969 369.10101318359375 3771.452880859375
326.9005432128906 104.87395477294922 3781.047607421875
323.3396911621094 147.6392364501953 3761.648681640625
349.2505798339844 146.7200927734375 3734.359130859375
356.99395751953125 191.43702697753906 3787.711181640625
363.3461608886719 232.25914001464844 3693.56884765625
297.802001953125 148.54513549804688 3788.938232421875
290.8979187011719 191.96212768554688 3827.327880859375
287.80975341796875 239.00257873535156 3706.2666015625
323.4876708984375 188.52737426757812 3749.326904296875
342.1189270019531 229.4571990966797 3717.62841796875
344.3070983886719 297.5674743652344 3803.225830078125
338.1064758300781 367.02532958984375 3789.00244140625
305.3450012207031 229.9107208251953 3756.3818359375
310.5617980957031 311.572509765625 3789.313720703125
319.8970031738281 370.89105224609375 3777.623779296875
326.86083984375 104.91793823242188 3781.11669921875
323.7044982910156 147.16453552246094 3762.842529296875
349.2812805175781 146.42681884765625 3734.820556640625
356.5799865722656 194.1826171875 3762.953125
363.4817810058594 233.60765075683594 3695.7578125
298.5058288574219 147.89132690429688 3790.864501953125
290.62945556640625 192.8485870361328 3823.99951171875
285.80133056640625 237.24244689941406 3712.06640625
323.5040283203125 188.49395751953125 3749.71533203125
341.88739013671875 230.02996826171875 3716.324462890625
344.9266357421875 293.388916015625 3829.704345703125
340.0307312011719 368.8473205566406 3679.494140625
304.9173583984375 230.19671630859375 3756.851806640625
311.16534423828125 316.79022216796875 3766.76611328125
320.1866455078125 373.0783996582031 3785.124755859375
326.8298034667969 104.7776870727539 3781.5478515625
323.7850036621094 147.1150665283203 3763.9208984375
349.09234619140625 146.4939422607422 3736.4453125
357.10772705078125 193.19241333007812 3776.44140625
363.4734191894531 231.44378662109375 3697.124755859375
298.844482421875 147.72720336914062 3791.396484375
290.5426940917969 193.1015625 3821.459228515625
285.86199951171875 237.8911895751953 3694.998291015625
323.3976745605469 188.7529296875 3750.093505859375
341.4477844238281 230.6942596435547 3716.34912109375
344.56585693359375 294.6692810058594 3818.76123046875
339.02984619140625 367.81689453125 3674.416015625
304.7626953125 230.7036895751953 3756.18310546875
310.36981201171875 319.4861755371094 3750.32470703125
320.583740234375 375.2630615234375 3790.088134765625
326.7955627441406 104.60101318359375 3781.114501953125
323.8081359863281 147.1770477294922 3765.75048828125
348.97467041015625 146.7382049560547 3736.085205078125
357.5100402832031 192.58702087402344 3778.765869140625
362.58148193359375 235.13018798828125 3694.740478515625
299.0350036621094 147.60903930664062 3795.415771484375
290.3424072265625 193.51239013671875 3822.248291015625
287.7486267089844 239.92230224609375 3704.925537109375
322.9229431152344 188.03321838378906 3749.0576171875
339.1427307128906 229.39967346191406 3712.309814453125
344.9897155761719 293.9870300292969 3825.2001953125
339.3127136230469 366.2177734375 3752.945556640625
305.0998840332031 229.11155700683594 3752.419677734375
310.24078369140625 318.19171142578125 3741.312744140625
320.8349609375 376.29998779296875 3789.812744140625
326.7698669433594 104.44390869140625 3780.928466796875
323.7854919433594 147.41424560546875 3766.388427734375
349.03436279296875 147.12921142578125 3739.408447265625
355.68389892578125 196.4573974609375 3783.46533203125
362.66961669921875 235.0098419189453 3707.41748046875
298.8957824707031 147.6951904296875 3793.368408203125
289.8295593261719 193.97000122070312 3818.776611328125
287.62420654296875 240.11453247070312 3702.484375
322.91253662109375 187.1547088623047 3753.203125
338.5542907714844 227.3655548095703 3722.435546875
345.6055908203125 295.31732177734375 3818.018310546875
331.849609375 354.08685302734375 3734.179443359375
305.6671142578125 226.98703002929688 3757.60009765625
309.5740661621094 310.0022888183594 3755.121826171875
320.6985168457031 377.21966552734375 3794.811279296875
326.81695556640625 104.43545532226562 3780.7958984375
323.7434997558594 147.68865966796875 3767.36572265625
348.91253662109375 147.2540283203125 3737.75341796875
357.20654296875 200.02291870117188 3767.578369140625
362.3941650390625 236.37295532226562 3694.7880859375
298.9670104980469 148.11651611328125 3796.97802734375
289.8483581542969 194.11581420898438 3821.583740234375
288.2332763671875 242.2693328857422 3689.568115234375
323.1405944824219 187.14199829101562 3758.872802734375
338.93499755859375 226.89913940429688 3731.111572265625
345.3905334472656 295.23724365234375 3815.918701171875
333.77471923828125 351.017578125 3722.3232421875
306.3026123046875 226.65020751953125 3769.648193359375
311.9653015136719 311.2467041015625 3784.1201171875
320.6923828125 380.81793212890625 3793.806396484375
326.9532165527344 104.44648742675781 3781.129150390625
323.8147888183594 147.6949005126953 3767.767822265625
348.9075927734375 146.76548767089844 3735.084228515625
357.7111511230469 198.01910400390625 3769.475830078125
362.3549499511719 235.9242401123047 3705.651123046875
299.153564453125 148.60833740234375 3800.451416015625
289.6468505859375 194.62637329101562 3821.84912109375
286.5737609863281 242.5236053466797 3707.576904296875
323.5848388671875 188.78546142578125 3751.08837890625
341.1015625 230.09658813476562 3711.43359375
341.6888122558594 308.23333740234375 3737.316162109375
334.4263610839844 367.08929443359375 3782.023681640625
305.82110595703125 230.38780212402344 3757.38427734375
310.7926940917969 315.6588439941406 3768.61767578125
320.0289611816406 384.71429443359375 3794.39111328125
