282.870127 37.287753 3805.386823
279.531339 71.253672 3815.604041
302.949623 71.239236 3808.773126
312.355862 115.525841 3891.584918
306.812110 164.888179 3719.652429
256.196792 71.268045 3822.434955
251.943987 118.877017 3892.100421
250.198784 161.920190 3750.575598
279.635503 109.194117 3836.837756
295.482401 146.798249 3853.425439
305.568178 233.877798 3865.691406
298.773611 302.668380 3987.379376
264.032468 146.635872 3862.717505
267.098146 227.670618 3955.269550
276.655095 292.182056 3963.337421
282.622229 36.289436 3799.750073
279.533747 71.239033 3815.748181
302.865385 71.100163 3804.635590
312.334654 113.662805 3889.562946
306.739883 164.842682 3753.254712
256.337632 71.377089 3826.860773
251.693680 117.742558 3896.887341
249.748720 164.049892 3730.696454
279.561681 109.034422 3834.516992
294.801893 146.514331 3845.961658
306.706851 234.160215 3871.572644
289.014121 275.360519 3899.655542
264.434485 146.409119 3860.609949
264.070958 208.431426 3887.236426
289.594375 280.520866 3910.623242
283.089185 38.338497 3798.965308
279.548871 71.094235 3808.967065
302.533405 71.343822 3802.345605
312.178940 113.956795 3889.615747
306.690617 165.169923 3751.907397
256.644088 70.845446 3815.588525
251.476499 119.534283 3884.669672
248.856599 162.965569 3705.368494
279.173896 108.079170 3827.109265
293.811489 144.961864 3840.883704
302.917185 235.098474 3861.162738
285.368252 275.820406 3867.084766
263.827502 144.468961 3849.619226
264.372237 214.654528 3893.977252
286.073158 282.887988 3899.331226
283.746967 41.879452 3815.197894
279.258744 70.830478 3810.064636
302.167641 71.065786 3805.045740
311.822686 116.612471 3876.910852
310.906886 147.575773 3755.472626
256.410141 70.595811 3815.083533
250.407206 120.130826 3873.611133
248.720216 158.792951 3716.059424
278.875136 107.136625 3823.319318
293.463837 143.408035 3833.270026
303.638107 232.969553 3856.371063
284.264988 275.659530 3857.558221
263.550247 142.976145 3839.877972
260.456322 220.444067 3900.599213
287.033720 283.922748 3905.695184
283.610271 40.405811 3812.213983
278.639093 70.577700 3808.758112
301.063345 70.656136 3802.277039
311.470155 118.871081 3865.980939
306.882929 163.055047 3719.419952
256.291040 70.499530 3815.239185
250.055347 120.941445 3869.864227
247.228824 156.616390 3732.486700
278.419347 106.984657 3822.302576
293.028944 143.268149 3831.528326
302.418887 230.482204 3862.770306
283.752488 274.991753 3871.413489
263.406670 143.001138 3840.165753
258.852070 224.148948 3904.546313
287.000282 284.770137 3901.383228
283.605845 39.941780 3811.626660
279.107800 70.792832 3808.953802
301.460358 71.485117 3802.253265
310.799219 120.641605 3862.409204
297.664091 146.476529 3703.161340
256.833788 70.103018 3815.654340
250.618224 121.183775 3870.998584
248.741581 158.211478 3709.030316
277.878648 108.092354 3823.361859
291.896027 145.673089 3833.164423
302.571379 232.550988 3863.583350
294.335281 301.580350 3926.436169
261.457956 144.551870 3842.375409
265.552888 238.246170 3877.164850
282.482530 313.827110 3987.930664
284.579545 39.426387 3814.640851
279.204426 70.908101 3809.546631
301.558078 71.667028 3801.862134
310.491074 122.339387 3859.908264
297.389699 148.748933 3700.845831
256.940768 70.152207 3817.231128
251.042451 121.347169 3871.682751
247.117590 158.415693 3701.924884
277.791673 107.826712 3822.573840
290.924798 145.084937 3830.564886
303.054726 232.088459 3863.876135
294.446421 302.496838 3925.830078
261.890378 143.905677 3840.637213
265.117245 237.681588 3871.263593
281.820822 314.165503 3989.378326
285.061093 38.615893 3817.276672
279.135890 70.958900 3809.207050
301.398579 71.674770 3798.691040
310.373491 122.473737 3857.351270
297.710731 148.110905 3703.646313
256.995774 70.246955 3819.723059
251.539310 121.498629 3873.643164
247.853683 160.420993 3711.933649
277.539677 108.194180 3819.901733
290.266499 145.814227 3823.787775
302.396584 232.480732 3866.205908
294.473135 304.587127 3925.857855
261.689009 144.630916 3837.405060
265.033569 234.971600 3868.743134
281.333081 313.705554 3988.528998
284.717054 39.031486 3815.778210
279.055937 70.954583 3808.526886
301.302266 71.616792 3798.390247
310.455759 122.304916 3856.871552
310.803035 151.604641 3732.399115
256.927724 70.295910 3818.663525
251.455072 121.714042 3871.201532
249.570577 162.395622 3719.094135
277.569331 108.765910 3820.131958
290.225960 146.896970 3825.248950
302.713893 235.189969 3873.147430
294.721533 307.217193 3921.844189
262.005271 145.801276 3838.225110
263.185735 236.768478 3891.435522
281.150121 313.501480 3994.157739
283.065161 35.820415 3798.459564
279.238553 70.796273 3805.987408
301.341179 71.236311 3795.376807
310.542593 121.606922 3855.042517
297.437495 146.017519 3699.337860
257.258844 70.358689 3816.598010
251.496347 121.271501 3871.002338
248.888631 163.004310 3722.756207
278.114300 108.988486 3819.029633
291.703589 147.355230 3824.955164
305.899689 233.486510 3925.399408
295.004810 308.151323 3936.560297
262.346323 146.487837 3839.188550
262.659159 231.579525 3921.835431
285.233558 295.760922 3965.259796
283.404586 36.933204 3804.194159
279.135609 70.918705 3805.046741
301.357601 70.966407 3796.457861
310.872102 120.682708 3861.473792
297.625554 145.799493 3696.837671
257.013729 70.871221 3813.635620
252.646656 117.953936 3877.918085
249.455559 161.405938 3717.906476
278.842917 109.900462 3820.195520
295.132497 148.740957 3828.880994
306.547727 232.354953 3931.736591
296.047890 308.282294 3946.630371
262.028356 148.408148 3841.807605
263.590474 232.196001 3959.340271
284.517672 296.307518 3970.582239
281.552686 35.423919 3784.758447
279.259135 70.784996 3805.732660
301.565241 70.317212 3793.576550
312.007929 115.090674 3849.839941
297.629527 147.293779 3689.275543
257.095074 71.249809 3817.888770
252.784995 118.075289 3881.737061
249.813486 164.131206 3723.734412
279.447538 109.793475 3814.779236
297.674133 148.440758 3813.942670
306.858374 230.751201 3940.056708
296.923744 305.675032 3959.015204
261.688994 148.793070 3833.708954
261.295391 235.224425 3960.216376
284.001653 297.032256 3973.256848
281.428220 35.313108 3787.034918
279.321634 70.666552 3805.482666
301.773820 70.218553 3795.033472
311.844363 113.697385 3846.527209
296.870911 147.705556 3684.320209
256.992427 71.112096 3815.931860
252.730879 117.764635 3879.278662
249.710182 164.064563 3737.733319
279.607100 109.409413 3815.251447
297.785522 147.766944 3816.645306
306.086371 224.061300 3936.804535
297.005074 305.500362 3958.520471
262.074886 148.140997 3833.395148
261.187379 236.942288 3964.165479
283.440762 298.414636 3984.209784
282.234570 36.317197 3795.748169
279.215624 70.474334 3805.273962
301.814985 70.007378 3796.563715
311.795284 113.262430 3847.473633
310.645006 149.237598 3713.033472
256.719489 70.939162 3813.984210
252.621804 117.437870 3877.296478
250.430260 163.692231 3719.877899
279.663530 109.503708 3815.798981
297.733722 148.093513 3819.490582
304.222240 221.471507 3928.394080
297.019713 305.358974 3965.846368
262.547112 148.542451 3833.157416
264.246192 239.193031 3947.534753
283.106968 298.931390 3993.575922
281.452244 36.065592 3790.065375
279.065118 70.159448 3804.770721
301.707818 69.650577 3797.343225
311.427863 112.743024 3848.156799
310.784204 150.802609 3714.485889
256.510661 70.666333 3812.198218
252.323732 116.120765 3877.817236
248.734418 162.104057 3717.318402
279.703319 109.199223 3816.808215
298.240498 147.711578 3822.933942
306.417350 222.124207 3898.257178
297.573315 305.638184 3967.540271
262.489681 148.274611 3834.757477
268.616158 235.273003 3932.548383
282.824708 300.078979 4002.623999
281.536529 36.807848 3792.915656
278.941716 70.012836 3803.524255
301.614915 69.398878 3796.110773
311.436372 112.172085 3850.492078
297.402586 149.032992 3681.665619
256.356729 70.624402 3810.937738
252.020029 115.776679 3873.761029
249.386617 161.877304 3709.447974
279.709293 108.843251 3813.808539
298.595344 147.095039 3818.133759
308.651749 227.552612 3904.792554
298.245377 307.010804 3966.765265
262.406585 147.833415 3830.051886
265.399551 229.121564 3928.946368
281.999090 299.982885 4006.661938
281.591911 37.286971 3793.102087
279.017681 70.011789 3803.707184
301.779388 69.427093 3796.346753
311.513603 113.362011 3855.229199
310.822929 152.224387 3715.103491
256.343873 70.594263 3811.067615
251.879580 115.566513 3872.378430
248.690437 160.439120 3716.879974
279.730095 108.547760 3813.852332
298.226828 146.538793 3818.212836
296.574841 226.142846 3795.162097
298.410132 307.860852 3968.161127
262.704359 147.218675 3829.782123
267.141266 227.706731 3925.720471
280.611830 300.014666 4013.207825
281.737788 37.712308 3792.210468
279.098635 70.008723 3803.424658
301.844576 69.487355 3795.878546
311.325076 114.288485 3856.757190
298.436971 150.344991 3666.899463
256.442782 70.528027 3810.970770
251.360918 115.418682 3868.081488
250.101908 162.094391 3709.458734
279.696030 108.560632 3813.641876
297.891251 146.621389 3817.986365
298.772141 225.698631 3829.141248
298.821095 308.523123 3966.488245
262.743179 147.190757 3829.731824
262.878686 228.611880 3936.298541
280.288671 300.356468 4017.119141
281.754382 38.091913 3791.406934
279.230858 70.093978 3802.195709
302.162511 69.542377 3796.017932
311.055563 114.326100 3855.847302
306.682202 163.790905 3697.587653
256.373574 70.643780 3808.373486
251.384097 116.372120 3865.583801
250.033857 161.887095 3708.244049
279.950685 108.646676 3812.058331
298.170898 146.674910 3817.179578
300.186740 229.088595 3862.403198
299.172876 308.740804 3965.834607
263.206068 147.325044 3826.662329
268.005219 226.594193 3952.398749
280.259518 301.287126 4013.540149
281.987798 38.264268 3793.853571
279.228105 70.111933 3801.299084
302.200924 69.434413 3795.135071
311.445068 116.024077 3856.828510
299.714780 155.680039 3662.266443
256.329671 70.787248 3807.463098
251.420351 116.331400 3865.429901
249.285831 163.809064 3709.272552
280.195784 109.250742 3812.356622
299.365095 147.726733 3818.499365
304.519061 232.907101 3886.539496
299.140125 306.693244 3957.814532
262.997395 148.598505 3828.328955
263.551968 233.396595 3954.975513
280.340894 302.267520 4013.708313
281.704756 38.338919 3793.881097
279.342780 70.224387 3800.991785
302.474597 69.689302 3794.995435
311.566186 115.666595 3855.040265
300.449403 159.340282 3668.443469
256.283799 70.757766 3806.988135
251.461203 116.162548 3865.575293
250.455691 163.940817 3709.178461
280.083502 109.131642 3812.373889
298.828259 147.486170 3819.058661
307.551269 232.822159 3912.667987
299.315828 307.972680 3965.987256
262.855632 148.127608 3828.453326
263.216281 234.629939 3954.698492
280.340565 302.696188 4013.797900
281.732955 39.126438 3794.174133
279.356793 70.299100 3800.753552
302.552517 69.824856 3794.442645
311.639194 115.651855 3855.620331
300.863807 161.218599 3672.719391
256.238020 70.771811 3807.064459
251.515631 116.541339 3864.848334
249.355571 164.265259 3720.612866
279.971424 109.179704 3811.927704
298.489709 147.566467 3818.199823
308.499725 233.078894 3892.839142
298.913717 309.408331 3966.916162
262.721095 148.098893 3828.003888
268.099858 232.688435 3936.043542
279.682517 302.975586 4014.743073
281.766300 39.375556 3794.896088
279.291042 70.270854 3799.954773
302.539911 69.666780 3791.045831
311.552485 115.183718 3851.704010
298.630409 158.635204 3655.711298
256.150903 70.872081 3808.863715
251.366314 117.089750 3861.292365
250.185396 162.093969 3718.181744
279.977148 109.338547 3811.643427
298.291266 147.848117 3816.530945
308.691663 232.953334 3883.933203
299.123672 308.481270 3976.085107
263.089438 148.485489 3830.133215
267.006479 230.536539 3907.990924
280.186134 303.217290 4017.315332
281.842312 39.514207 3794.680627
279.335460 70.209388 3799.334668
302.700818 69.611805 3790.055365
312.160735 114.515558 3848.079974
298.558527 159.838002 3661.739679
256.083963 70.803983 3808.613971
251.366016 116.824209 3862.636926
250.173978 161.910368 3717.574652
280.000781 109.278770 3811.554340
298.237526 147.792469 3816.745905
308.885821 232.120068 3894.075848
298.363962 287.330072 4008.442175
263.150639 148.403315 3830.802118
268.817730 231.400022 3911.102460
279.049884 302.728188 4021.069995
281.808466 40.537001 3795.343024
279.414365 70.221259 3798.259619
302.903359 69.077314 3786.544440
312.197051 114.844974 3848.061206
298.771672 160.045142 3663.862000
256.069824 71.358180 3809.974799
251.408839 117.239732 3865.295270
250.220743 162.672549 3712.501453
281.072577 110.741259 3817.647534
300.469234 150.175904 3828.086719
309.025082 231.340104 3900.697308
296.042635 294.766014 4007.137653
265.041452 151.524454 3845.984180
271.144218 238.126819 3912.964026
288.490673 287.799030 3961.505884
281.643790 41.548035 3796.775421
279.437434 70.389282 3797.463092
303.100114 69.416145 3788.399750
312.169900 114.913494 3850.944519
298.643703 160.592613 3667.823615
255.887443 71.357758 3806.526434
251.411999 117.221315 3863.112891
250.334932 164.621262 3708.815356
281.015036 112.487439 3817.996124
299.555124 153.580898 3831.952991
305.740971 236.268506 3870.086945
296.221872 298.143278 4004.947015
265.654456 154.687665 3845.105322
270.848993 234.531999 3914.983496
287.349998 285.672298 3965.841364
