-428.417781 60.266591 3516.926294
-428.499062 104.595129 3500.928772
-395.846158 103.978523 3491.823389
-380.307927 166.072294 3533.490112
-376.502728 230.141925 3466.368970
-460.982526 105.208488 3510.034155
-474.315829 170.279420 3562.152515
-482.671333 226.989778 3448.417627
-428.681416 149.899313 3477.055884
-407.237714 195.579087 3447.228601
-407.367776 287.963257 3522.577185
-405.544510 374.866730 3521.831201
-450.420375 196.079878 3459.137390
-449.174039 287.787430 3544.210437
-451.389915 374.294151 3499.723743
-428.200085 58.025937 3515.116223
-429.500960 106.965635 3507.428687
-396.961729 105.628595 3495.675439
-380.776624 165.941827 3532.834253
-376.745166 230.048660 3466.589368
-461.822845 108.293726 3519.181934
-474.126947 171.815503 3564.178210
-479.983531 228.409046 3435.610400
-429.085573 151.725563 3475.335376
-407.003032 196.632189 3435.553967
-407.142606 289.434659 3507.279602
-406.152921 376.138545 3515.689819
-450.225316 198.004517 3450.930164
-449.560297 289.702997 3540.163538
-451.177203 377.108823 3499.547144
-428.354855 59.758710 3513.652332
-429.280948 106.536842 3505.904431
-396.720274 105.630244 3493.900745
-380.888823 167.047713 3534.652747
-376.314828 231.002898 3466.151660
-461.619434 107.437227 3517.908118
-473.301859 169.506694 3566.496741
-478.119835 226.310686 3434.824548
-429.330397 151.705804 3481.116541
-407.808432 197.129085 3448.479395
-408.199603 289.245917 3529.034985
-407.067046 373.596704 3542.997827
-450.854889 197.914375 3464.177905
-450.169760 288.590163 3568.021277
-451.837169 374.047502 3521.515906
-429.004292 60.121595 3514.644824
-429.212196 105.753762 3505.231726
-396.613094 104.964787 3495.791675
-380.698080 167.531500 3537.066174
-376.172272 231.274781 3464.792212
-461.636209 106.538526 3514.671777
-473.035696 167.732631 3568.238306
-477.572736 224.879731 3438.103564
-429.154640 151.051472 3482.575098
-407.518686 196.583144 3453.745361
-407.269896 288.866994 3526.214453
-405.669308 373.935057 3530.933777
-450.597009 197.300349 3466.091577
-449.195622 287.923424 3570.947656
-451.052089 373.984927 3507.521057
-429.007486 59.972282 3513.982788
-429.056830 105.275748 3504.793176
-396.437231 104.553769 3496.642944
-380.710960 166.757142 3540.236255
-375.678342 230.214484 3464.448560
-461.525027 105.994392 3512.943408
-475.914346 166.404066 3591.734131
-476.929195 221.165411 3442.955127
-428.947614 150.670882 3483.872217
-407.266246 196.277833 3457.621838
-407.167628 288.547557 3528.076465
-405.321866 374.353532 3525.638611
-450.341586 196.950099 3468.280676
-449.207660 288.076614 3560.321667
-451.539351 373.760985 3505.865125
-429.620003 59.816986 3499.291089
-429.165309 105.444573 3498.273608
-396.466255 104.776132 3492.778540
-380.531799 166.697076 3544.276978
-374.971805 230.137573 3470.439734
-461.761815 106.110926 3503.768677
-474.529980 165.127232 3581.638220
-476.998473 221.017081 3440.908936
-428.779893 151.255164 3485.032324
-406.854579 197.070248 3468.197290
-406.800217 289.164180 3535.325171
-405.421115 374.848305 3526.371399
-449.883980 197.759430 3475.384790
-449.034641 288.712399 3567.241602
-451.550862 374.479349 3511.546619
-428.959019 60.782912 3506.326416
-428.884969 105.853204 3501.203357
-396.215359 105.348746 3494.782056
-380.530185 167.246685 3544.791052
-374.028516 230.934550 3478.303589
-461.434973 106.355838 3507.624658
-473.817899 165.508051 3571.759058
-477.336404 222.015944 3434.370276
-428.851909 151.512675 3485.031482
-407.269720 197.376313 3464.660535
-407.534233 289.916200 3519.132239
-406.331310 376.127982 3513.286218
-450.315300 197.818899 3473.058679
-450.109045 289.147826 3556.882617
-452.036159 375.053261 3500.186438
-428.906763 61.455441 3511.573010
-428.957195 106.014642 3503.562878
-396.312012 105.541647 3496.569946
-379.869061 168.268605 3542.558154
-372.578311 231.856274 3474.075317
-461.472350 106.485778 3510.555811
-477.702237 165.369898 3588.037061
-476.681317 219.641367 3435.426221
-429.049390 151.563353 3485.424548
-407.586911 197.397212 3462.713452
-407.426210 289.892967 3520.992004
-406.711285 375.581374 3520.555701
-450.641335 197.779504 3471.858984
-449.655124 289.202223 3554.482104
-452.074413 373.954816 3506.091980
-428.971022 59.668042 3512.897083
-428.994185 104.576300 3507.172070
-396.376096 104.297188 3501.184546
-375.387508 168.955752 3561.006445
-364.732460 232.822778 3505.895166
-461.501093 104.854465 3513.159595
-475.187314 164.960355 3574.183716
-479.853679 221.418729 3438.089526
-429.271121 150.104199 3489.601160
-408.018091 196.011934 3468.114746
-407.168365 288.041940 3537.611975
-406.663907 375.647212 3526.137244
-451.035173 196.173635 3475.945752
-449.772798 287.451077 3560.865784
-452.106630 372.642816 3509.354712
-428.085991 60.246745 3513.053467
-427.973721 105.081759 3506.497681
-395.346542 104.775764 3500.400940
-372.484993 171.543796 3574.427979
-357.052960 235.380132 3521.799475
-460.487648 105.386701 3512.594421
-474.026750 168.206276 3570.115759
-478.559964 225.218417 3429.749500
-428.206192 150.648210 3489.488574
-406.909854 196.564385 3468.492651
-405.867351 288.877522 3527.955737
-405.445752 377.916995 3523.545532
-449.922725 196.757514 3476.466284
-448.286726 288.376819 3550.888916
-450.603011 375.242599 3507.998633
-427.725002 60.105328 3512.612390
-427.601852 105.064404 3506.364038
-394.968602 104.698940 3500.841736
-369.615714 174.108449 3573.175781
-352.741653 238.151969 3533.669800
-460.132449 105.428710 3511.886340
-473.576268 167.477454 3576.490454
-476.521915 224.718784 3436.020593
-427.696539 150.645034 3489.616602
-406.257961 196.519446 3469.258008
-406.602034 288.610904 3535.160083
-405.637337 376.196031 3524.779480
-449.281606 196.810789 3476.480322
-448.609076 288.460486 3550.228845
-451.062968 374.342723 3509.298840
-427.292944 60.517206 3513.605444
-427.173480 105.286522 3506.129321
-394.536299 104.894175 3500.713708
-368.302661 175.238971 3574.903870
-350.726416 239.528140 3544.968213
-459.709973 105.677623 3511.544934
-473.240617 167.129906 3574.562744
-474.912764 225.325879 3442.661731
-427.228404 150.843024 3488.750452
-405.738902 196.690184 3467.830054
-406.619897 288.994003 3528.153394
-405.517206 377.868915 3527.000024
-448.784973 197.020798 3474.913110
-449.049661 288.565771 3552.335962
-451.051106 374.826581 3511.419995
-428.016643 60.137844 3514.658301
-427.466841 105.004953 3507.072119
-394.838644 104.503337 3506.261560
-366.342628 175.072058 3571.716101
-349.723605 240.165469 3554.091565
-460.079947 105.506288 3507.882678
-473.019131 167.420740 3577.380750
-473.760027 225.747162 3446.421130
-426.989651 150.521762 3489.283618
-404.944838 196.187533 3470.965039
-406.658432 288.324071 3534.134741
-404.821408 375.497601 3527.373718
-448.063766 196.822440 3472.025195
-448.385590 288.432655 3550.027539
-450.836990 374.563507 3506.718079
-427.995761 60.049825 3517.456653
-427.455260 104.663617 3508.554822
-394.836714 104.072684 3506.846667
-366.945670 172.857533 3569.500330
-349.484256 236.836583 3544.013342
-460.042079 105.253971 3510.262976
-472.953398 167.512794 3579.092834
-473.466385 225.636945 3445.586707
-426.932727 150.134171 3490.202271
-404.855556 195.724451 3470.732849
-406.936913 288.107253 3525.565051
-406.561113 376.248323 3528.826941
-447.939951 196.446167 3472.966589
-449.327791 287.898927 3553.983472
-451.343098 374.354726 3508.305505
-428.164359 60.398356 3515.393616
-427.754832 105.099991 3507.748193
-395.125337 104.501951 3507.105249
-367.773215 171.099947 3567.837378
-349.703952 234.246117 3539.460791
-460.372325 105.697803 3508.391138
-472.842252 167.552084 3575.759351
-473.403003 225.857431 3443.246558
-427.129822 150.600814 3489.791516
-404.942662 196.188305 3471.414539
-407.115793 288.416687 3530.885205
-406.444351 375.840236 3523.539355
-448.048816 196.956223 3472.255139
-449.335161 288.256407 3557.501416
-451.664746 374.729507 3509.596729
-428.138248 59.784997 3516.665747
-427.593465 104.514269 3508.848499
-394.978709 103.830527 3506.040320
-368.104408 170.099084 3570.434985
-349.861951 232.721143 3537.414880
-460.156033 105.196906 3511.656677
-472.793013 167.774921 3579.914343
-473.324706 225.765341 3444.465906
-427.024747 150.010179 3491.129626
-404.909181 195.567085 3471.574292
-407.251857 287.812804 3530.774023
-405.951053 375.389684 3521.679028
-447.968518 196.373046 3475.247217
-449.561279 287.757388 3556.519873
-451.709142 373.851144 3510.164429
-428.587291 60.004237 3515.577795
-428.042262 104.838391 3508.028674
-395.422488 104.203975 3503.938257
-368.353198 169.842169 3568.855420
-349.154256 232.294192 3535.670508
-460.586090 105.471316 3512.119092
-472.788345 167.381187 3577.961646
-473.758096 225.471664 3443.151099
-427.651056 150.354919 3490.436987
-405.716792 195.984209 3470.170483
-408.100986 288.398824 3524.449304
-407.017842 376.628159 3521.148950
-448.761845 196.680428 3475.520117
-451.029102 288.225839 3551.363123
-452.464426 375.244424 3507.039832
-428.537315 60.796125 3517.923279
-427.846080 105.346693 3508.936938
-395.231290 104.646473 3505.790442
-367.862357 170.618440 3570.400171
-346.728931 233.067848 3535.265088
-460.402437 106.045649 3512.083435
-472.819054 167.672460 3575.203162
-473.521133 225.601411 3438.078857
-427.300455 150.781467 3489.845703
-405.192329 196.307453 3468.696765
-406.860335 288.873521 3519.237805
-405.500079 376.551791 3523.316711
-448.279848 197.124154 3472.812170
-449.914091 288.603569 3552.677649
-451.019240 374.172687 3505.007678
-428.780315 60.007062 3515.044067
-427.915498 104.814246 3508.083142
-395.300989 103.945832 3503.528906
-367.619322 171.019684 3571.709644
-345.764093 233.429943 3541.149292
-460.445428 105.680378 3512.637378
-472.829758 168.160898 3576.682214
-474.396373 225.518481 3433.426636
-427.219771 150.355586 3491.200098
-404.990005 195.844881 3471.338733
-407.056517 288.275008 3524.386133
-406.146674 375.218033 3526.250952
-448.007755 196.833302 3477.295374
-449.596761 288.128836 3559.291833
-451.020293 373.697673 3512.646082
-428.525102 60.713020 3513.606006
-427.806282 105.478949 3506.848352
-395.185490 104.512585 3501.429651
-367.902049 170.617247 3569.478711
-347.106976 233.140899 3537.942993
-460.326421 106.442278 3512.267053
-472.759602 168.086180 3574.958899
-474.838818 225.416811 3430.947510
-427.036328 151.053683 3490.280042
-404.733389 196.519060 3470.168237
-406.749013 288.944028 3524.311169
-406.270595 375.804965 3518.993823
-447.740855 197.606152 3477.255225
-449.293292 288.925848 3558.301025
-451.155128 375.304964 3507.805469
-428.580202 61.762191 3513.478259
-427.609082 106.229109 3506.373022
-394.986852 105.102009 3501.007947
-367.726012 173.044801 3567.821936
-347.782314 236.267970 3527.195715
-460.131607 107.352770 3511.738098
-472.885384 168.252847 3575.074573
-474.500851 225.492686 3430.153796
-426.608272 151.795911 3489.522266
-404.066861 197.153704 3469.163110
-406.512225 289.475229 3527.034277
-405.523418 376.788965 3517.422961
-447.085242 198.454807 3476.179907
-448.628098 289.744444 3558.272107
-451.064442 375.523712 3505.467285
-429.105261 61.795953 3515.702173
-427.811792 106.247534 3507.670422
-395.206161 104.953240 3502.453589
-367.227484 174.725388 3568.710547
-348.282385 238.513081 3531.438025
-460.320560 107.537968 3512.887256
-472.845129 169.019625 3579.665588
-473.876297 225.858098 3431.381006
-426.559103 151.799316 3491.016479
-403.776027 197.023659 3470.951001
-406.805727 289.393246 3524.887012
-405.719951 376.228635 3518.195337
-446.770578 198.550388 3477.774072
-449.442131 289.734898 3560.233228
-451.453754 374.403894 3506.307605
-429.473550 61.213091 3515.676343
-428.077007 105.756535 3507.227942
-395.467305 104.381451 3502.786572
-367.174771 175.419290 3567.455542
-348.503169 239.686437 3528.975183
-460.604234 107.128143 3511.669312
-472.943536 169.060143 3579.561707
-474.046474 225.669549 3428.928552
-426.653123 151.291049 3490.233716
-403.688359 196.440096 3470.335010
-407.427017 288.823230 3523.740100
-405.401602 375.497566 3515.944470
-446.706284 198.100819 3476.143970
-449.486421 289.209312 3561.752710
-451.949368 373.797098 3502.178723
-428.778665 61.909749 3515.090674
-428.105960 106.250026 3506.477466
-395.482782 105.394861 3501.253333
-368.703238 175.776770 3562.790686
-349.366055 239.821992 3531.007336
-460.632065 107.102647 3511.701599
-472.858360 169.105836 3579.293018
-474.211456 225.687868 3428.206433
-427.496707 151.774310 3488.679980
-405.335202 197.290909 3467.465625
-408.919090 289.604379 3525.602393
-407.393993 377.793425 3513.761829
-448.384747 198.239146 3474.299365
-451.236655 289.206435 3564.240540
-453.607793 374.651982 3506.665015
-428.785544 61.025121 3515.346729
-428.404726 105.732301 3507.775989
-395.787584 105.055315 3502.803137
-369.989407 176.034158 3559.281445
-349.778003 239.759225 3526.245898
-460.929567 106.407375 3512.748840
-472.911108 168.555930 3580.718164
-474.180327 225.461715 3433.340442
-428.015695 151.285890 3490.917651
-406.097014 196.920567 3470.807532
-407.854687 289.056367 3533.411499
-406.122774 375.904951 3520.001196
-449.108516 197.641896 3477.311096
-450.125049 288.706784 3564.588123
-453.008752 373.485873 3510.430872
-428.987166 61.059234 3516.092993
-428.550266 105.673657 3508.694922
-395.941933 105.058403 3503.300928
-370.679134 175.803442 3564.451672
-349.970290 239.679874 3540.801709
-461.058472 106.286981 3514.088916
-472.882295 167.994950 3579.442664
-474.188223 224.793134 3430.982043
-428.295334 151.186308 3491.130188
-406.509593 196.846112 3470.038245
-407.483064 289.260201 3524.243225
-406.013031 375.523923 3517.654028
-449.522394 197.471790 3477.092664
-449.588127 288.665266 3562.033191
-452.624706 374.007423 3508.980737
-428.696332 60.772576 3515.288892
-428.385915 105.430833 3507.794800
-395.778845 104.778501 3500.970325
-371.585608 176.220444 3571.611096
-350.127200 239.583310 3545.400867
-460.866360 106.080639 3514.619275
-472.801331 167.995178 3583.684692
-474.673730 225.011075 3437.979468
-428.192926 150.967050 3490.476294
-406.475551 196.644595 3468.694800
-407.085471 289.124277 3522.570166
-405.683873 373.878975 3519.058960
-449.465259 197.269431 3477.620776
-449.274060 288.499161 3561.729968
-452.275859 374.212520 3507.711694
-427.944838 61.005450 3516.602856
-427.670779 105.515097 3508.254687
-395.066061 104.819615 3501.433301
-371.811305 176.012557 3567.724231
-350.192477 239.509750 3542.158350
-460.148944 106.207877 3515.076074
-472.872153 167.808226 3585.653955
-474.437715 225.020621 3442.439087
-427.412163 151.046611 3490.951343
-405.630879 196.690359 3469.187256
-406.429822 289.159969 3523.148254
-405.699385 373.362268 3518.460657
-448.615849 197.372189 3478.108740
-448.344388 288.649789 3560.744495
-451.293439 373.937338 3508.990283
-428.158533 60.143301 3517.132654
-427.787611 104.866590 3509.102869
-395.190474 104.172108 3502.287378
-371.888129 173.476595 3565.078333
-351.149734 236.737369 3537.920251
-460.258406 105.558387 3515.918359
-475.402448 167.971208 3610.936829
-473.623717 221.907675 3445.841919
-427.525661 150.401385 3492.179395
-405.750449 196.038940 3470.799109
-407.090594 288.516533 3523.087048
-406.572414 373.875922 3525.280359
-448.716713 196.719576 3479.712732
-449.458626 287.959993 3562.123877
-452.040932 373.162787 3507.886890
-428.240305 60.056353 3515.191748
-427.950664 105.053735 3508.838672
-395.351982 104.394051 3501.852759
-371.931050 171.500225 3564.984839
-351.868098 234.842806 3540.136865
-460.419809 105.710823 3515.824585
-474.306424 167.122501 3599.779358
-473.969264 222.656888 3445.863257
-427.739285 150.627837 3492.683643
-406.024051 196.310857 3471.960059
-407.498997 288.969717 3515.173779
-406.934386 374.413124 3526.658057
-448.971399 196.939290 3481.097168
-449.363483 288.348743 3558.024194
-452.226305 374.449518 3507.260510
-428.605505 59.608485 3513.647559
-428.186398 104.746793 3508.181689
-395.584418 104.087722 3500.872900
-371.974042 170.600700 3568.354260
-352.225824 233.830502 3534.996960
-460.652841 105.403143 3515.490479
-473.495023 167.757478 3586.596753
-474.171518 224.429126 3439.910266
-427.998920 150.342426 3492.341113
-406.310112 196.045064 3471.721130
-407.803975 288.590549 3520.082056
-406.514226 373.064310 3527.796826
-449.250266 196.661230 3481.279944
-449.974876 288.090968 3557.638708
-452.234657 374.579686 3508.071350
-428.064021 59.155704 3515.836377
-427.901987 104.012180 3509.678430
-395.312570 103.404506 3502.396313
-371.976674 172.516003 3567.296912
-351.509250 235.881221 3524.395679
-460.356427 104.617344 3516.960547
-473.120311 167.521603 3584.939136
-473.698189 224.618377 3441.674292
-427.798105 149.553976 3493.137915
-406.193561 195.253772 3471.835400
-407.455971 287.779744 3521.673132
-405.708545 373.674019 3523.071887
-449.134171 195.803714 3481.359399
-449.452063 287.289288 3556.883459
-451.970180 373.699603 3507.271460
-427.915814 59.809739 3514.585583
-427.906339 104.642981 3509.211523
-395.327065 103.981647 3500.423682
-372.003627 173.978737 3570.158716
-350.925546 237.516833 3525.283447
-460.322876 105.300981 3517.999365
-473.131752 166.208920 3588.293677
-473.850432 223.101685 3443.605933
-427.841693 150.210573 3493.036841
-406.290318 195.917598 3471.115247
-407.189668 288.342285 3525.249475
-406.458424 374.474049 3521.942102
-449.191656 196.485754 3482.609070
-449.077527 287.590475 3566.903845
-451.913676 374.747231 3506.251172
-427.733600 60.753555 3515.097131
-427.556509 105.275169 3508.955469
-394.968427 104.625819 3500.724939
-372.019701 174.920622 3571.628503
-350.644469 238.428467 3528.977991
-459.992139 105.921465 3517.185999
-472.952591 167.095179 3586.415942
-474.027873 223.883711 3439.660107
-427.455716 150.858027 3492.984619
-405.864368 196.573422 3471.631567
-406.882269 289.039487 3523.455127
-405.893883 374.778290 3520.765991
-448.777147 197.144965 3482.395972
-448.893839 288.286273 3565.622449
-451.552301 375.038626 3503.173181
-428.431187 60.601627 3514.235193
-427.518221 105.421112 3508.931885
-394.927365 104.380872 3502.556348
-371.790564 175.398689 3568.338257
-350.481627 238.866666 3527.052808
-459.990840 106.457561 3515.307422
-472.794522 167.835986 3581.376831
-474.700052 225.398684 3441.277295
-426.703134 151.010077 3493.411096
-404.385841 196.429918 3473.720435
-405.793826 288.902405 3523.133374
-404.828568 373.881888 3521.177026
-447.324240 197.580690 3482.060181
-447.955498 288.987511 3557.749048
-450.668253 375.140999 3502.796118
-429.012294 60.098871 3513.792151
-427.668288 105.146369 3509.143298
-395.073221 103.985191 3504.827429
-371.650429 175.645216 3562.660413
-350.394415 239.191419 3521.959790
-460.183267 106.304669 3513.459167
-472.568930 169.139194 3581.325452
-474.547037 226.559177 3438.969714
-426.501898 150.766481 3494.591138
-403.838953 196.077106 3477.216760
-406.366545 288.486105 3524.512195
-406.035843 373.768390 3526.551648
-446.777773 197.457997 3482.861194
-449.055557 288.818808 3557.854333
-451.374684 374.685393 3507.245911
-428.388582 60.646023 3514.155737
-427.376471 105.512798 3509.107080
-394.772595 104.468575 3505.551794
-371.605156 175.777472 3564.435669
-350.320049 239.342346 3518.361829
-459.914368 106.554933 3512.662366
-472.763287 168.062824 3585.158130
-474.337589 225.579214 3444.979700
-426.324422 151.104167 3493.739307
-403.760971 196.470997 3476.046826
-406.904941 289.000461 3518.582788
-406.234938 374.198973 3519.857166
-446.736395 197.724896 3480.696240
-449.710083 289.118205 3555.623962
-451.572130 375.210558 3505.369299
-428.511520 60.685505 3514.903125
-427.398967 105.544647 3508.592444
-394.797372 104.416090 3503.538452
-371.555847 175.622527 3560.686938
-350.317662 239.426066 3525.535571
-459.906787 106.669940 3513.646436
-472.701134 168.378014 3584.434888
-473.845203 226.084813 3446.113696
-426.359938 151.109888 3492.451172
-403.802278 196.440955 3473.005054
-406.681419 288.945326 3520.265674
-406.446387 374.624959 3515.242285
-446.779352 197.754429 3479.614746
-449.546750 289.180429 3554.828564
-451.720407 374.698343 3506.985645
-428.540614 59.759202 3512.961658
-427.572618 104.927656 3508.775500
-394.979131 103.791167 3502.442920
-371.528964 175.649971 3558.796851
-350.338403 239.409010 3522.784949
-460.048712 106.060056 3515.108081
-472.717523 168.391263 3585.706458
-473.172849 226.549754 3452.939575
-426.608904 150.544434 3493.868738
-404.150949 195.912228 3474.821021
-406.818466 288.173618 3529.710779
-406.781230 373.777901 3520.443396
-447.071765 197.190501 3483.102930
-449.634839 288.342987 3563.744714
-451.866719 373.625201 3512.998437
-427.625121 60.794633 3513.729541
-427.021939 105.492689 3508.941711
-394.424240 104.544785 3502.570386
-371.493413 175.491060 3555.003760
-350.334543 239.433138 3521.886792
-459.501472 106.437171 3515.313037
-472.690009 168.170268 3583.305103
-472.903949 226.549017 3452.703455
-426.330072 151.102412 3493.739868
-404.140561 196.595743 3474.371521
-406.790215 289.078583 3520.790698
-406.550339 374.443376 3520.090759
-447.072292 197.624577 3482.704529
-449.884647 289.045979 3555.593921
-451.662851 375.472894 3508.699133
-427.828181 60.675169 3513.540588
-427.195345 105.465385 3508.881067
-394.601295 104.548768 3501.739612
-371.416238 176.110104 3559.987000
-350.335631 239.516734 3508.699414
-459.657014 106.378299 3516.022522
-472.763498 168.001355 3588.699658
-473.092621 225.846078 3453.202649
-426.614449 151.069002 3493.468652
-404.538260 196.595655 3473.386328
-407.582629 289.108765 3519.516882
-406.149657 374.028516 3523.379041
-447.460971 197.556615 3482.726147
-450.233318 288.695518 3563.249731
-451.885776 374.332405 3508.315051
-427.800737 59.687678 3512.283618
-427.364995 104.952187 3510.332324
-394.768629 104.291713 3506.282336
-371.349207 176.504890 3557.314709
-350.209639 239.753925 3500.302954
-459.886221 105.611135 3514.382312
-476.761720 167.758882 3610.300623
-472.521762 222.314955 3454.028650
-426.879031 150.599217 3496.382959
-404.906654 196.246458 3479.784888
-407.464815 288.571597 3527.670483
-406.363071 372.841420 3530.934058
-447.839087 196.976877 3485.082300
-450.149896 288.215346 3562.356067
-451.981866 374.098004 3505.084607
-427.746164 59.519028 3513.382800
-427.479721 104.798979 3511.148218
-394.882162 104.346251 3509.164355
-371.770735 173.858781 3561.164233
-351.256319 237.044557 3517.314868
-460.040465 105.251216 3513.132080
-475.106911 165.787180 3605.016687
-473.313440 221.803688 3458.924292
-427.127856 150.427672 3496.986316
-405.286736 196.163159 3481.527014
-407.455339 288.559735 3525.096460
-406.386093 374.080632 3525.820264
-448.243454 196.691518 3484.121814
-450.162215 288.071701 3558.839246
-451.881564 374.932288 3503.584497
-428.365244 60.069584 3515.677466
-427.801474 105.077249 3511.730518
-395.206828 104.570264 3510.564514
-371.797162 172.110004 3567.135193
-351.904282 235.053974 3512.507666
-460.374431 105.583919 3512.896521
-473.926273 166.340439 3592.842578
-473.779224 223.657277 3455.574524
-427.321231 150.646543 3496.395593
-405.337378 196.302961 3480.298401
-407.469588 288.666284 3526.636719
-405.652357 374.144821 3520.319861
-448.326700 196.931516 3481.822937
-449.755110 288.358429 3557.253503
-452.045073 374.759268 3502.570105
-428.081779 60.451876 3517.403027
-427.489618 105.244425 3511.576379
-394.893919 104.620643 3510.764417
-371.807515 171.434158 3569.541321
-352.392912 234.091944 3503.372803
-460.070261 105.867892 3512.388342
-473.353238 167.188760 3588.083386
-473.485687 224.981244 3453.442139
-426.828705 150.747249 3494.767456
-404.641685 196.292064 3477.427612
-406.858720 288.623889 3527.849048
-404.384613 374.890454 3517.392358
-447.674525 197.087637 3478.489453
-449.455327 288.578827 3554.201062
-451.095396 376.125174 3503.401160
-428.171448 60.138704 3514.793347
-427.588832 105.130769 3510.291052
-394.989764 104.413125 3506.877832
-371.811761 170.793776 3571.287378
-352.542804 233.661659 3513.232031
-460.124588 105.847028 3513.704272
-473.016956 167.626187 3586.330029
-473.875876 225.312999 3449.145361
-426.991336 150.712540 3494.858423
-404.885843 196.284080 3477.193457
-407.480432 288.617502 3527.471985
-406.116667 374.914143 3520.528748
-447.863654 197.112678 3481.658130
-449.762726 288.255354 3564.164453
-451.921608 374.532237 3510.838538
-428.563461 60.230232 3514.052417
-427.614908 105.243829 3510.415991
-395.035704 104.209327 3504.520557
-371.920908 170.790196 3572.151562
-352.713647 233.406815 3506.624023
-460.084860 106.274838 3516.311426
-472.786626 168.132769 3586.144727
-474.106171 225.541416 3445.308191
-426.750302 150.868310 3496.110339
-404.407600 196.287572 3477.949268
-406.872723 288.562402 3529.882043
-405.486287 374.220592 3521.208191
-447.302060 197.446556 3485.660107
-449.212784 288.740616 3561.078320
-451.433644 374.841040 3509.867944
-428.181836 59.211295 3513.687146
-427.474983 104.412546 3512.193774
-394.900272 103.528410 3507.651892
-371.866510 170.882532 3572.028027
-352.632578 233.431329 3496.692639
-459.965572 105.294418 3516.735657
-472.852008 167.931165 3584.142053
-474.190048 225.552331 3445.100708
-426.705205 150.047696 3498.690820
-404.471649 195.532253 3482.217969
-407.590421 287.814699 3528.886182
-406.167871 374.233226 3525.155420
-447.350807 196.539836 3488.157764
-450.077109 287.959923 3557.741748
-451.932698 374.207993 3508.621362
-428.487656 57.816383 3512.353247
-427.689766 103.360356 3513.000684
-395.115230 102.558518 3509.919324
-371.918591 171.127286 3567.358679
-352.773625 233.556637 3491.093689
-460.207167 104.160808 3516.082043
-472.778589 167.327246 3587.123181
-474.202261 224.703325 3446.157776
-426.887314 149.096703 3502.323877
-404.653723 194.638325 3489.632043
-407.711464 286.738820 3536.563892
-406.262944 373.657173 3525.074841
-447.481572 195.586615 3493.662097
-450.197626 287.128061 3555.560510
-452.169275 373.837598 3511.742871
-427.805194 58.673654 3512.855249
-427.093568 104.225313 3513.324402
-394.519383 103.469730 3512.602563
-371.974323 170.429558 3570.219922
-352.670515 233.523595 3514.594006
-459.654347 104.980597 3514.046240
-472.731000 166.508492 3589.495056
-474.188293 223.873920 3449.115320
-426.185620 149.912439 3501.511914
-403.825757 195.423826 3489.227185
-406.760138 287.689128 3528.979114
-405.033102 376.314828 3516.212878
-446.711513 196.393787 3490.171667
-448.851619 287.971855 3554.261987
-451.076199 376.037190 3500.510437
-428.626878 60.264731 3514.837427
-427.518291 105.253936 3513.330298
-394.947440 104.357745 3513.660474
-371.693526 170.322044 3572.801245
-352.599904 233.236182 3524.288428
-460.095248 106.150268 3513.000122
-476.854898 166.688461 3606.994934
-473.320950 221.625861 3452.604065
-426.349023 150.851359 3499.491553
-403.701836 196.214503 3485.868713
-407.114880 288.530396 3526.340515
-405.844258 376.645636 3509.846887
-446.641743 197.407320 3485.436902
-449.015689 289.085146 3549.590674
-451.884653 376.174939 3498.702893
-427.742058 58.976631 3515.806335
-427.285785 104.157755 3515.117908
-394.723532 103.688181 3515.707788
-371.725252 170.226743 3568.316077
-352.536346 233.090520 3522.857104
-459.858917 104.627522 3514.528027
-474.817059 167.717189 3594.913477
-474.102696 224.292957 3450.914722
-426.694080 149.772935 3502.092810
-404.643230 195.409174 3489.453479
-408.141837 287.567032 3533.041736
-406.615546 375.397159 3519.674109
-447.557553 196.048310 3488.681946
-450.288136 287.615639 3554.053943
-453.314853 372.660715 3507.548572
-427.446802 60.273399 3514.572388
-427.481335 105.257481 3513.814331
-394.903781 105.112309 3515.074670
-371.846471 169.967863 3566.087952
-352.489073 233.044124 3522.095398
-460.082263 105.402740 3512.553992
-473.848607 166.263668 3590.557178
-473.630490 224.004632 3457.305981
-427.303613 150.877943 3500.285828
-405.652989 196.735123 3487.581641
-407.910173 288.995828 3529.645642
-406.771474 377.802199 3512.803027
-448.606268 196.969788 3485.933008
-450.564336 288.546574 3553.465186
-453.007068 375.429482 3504.311108
-428.154462 59.026975 3513.921021
-428.003412 104.144102 3514.263269
-395.427647 103.992035 3515.094324
-371.805515 170.061813 3565.476733
-352.549086 232.946629 3527.862244
-460.594618 104.296223 3513.432214
-473.249321 167.405298 3583.244739
-473.534926 225.867293 3455.023108
-427.847028 149.777533 3501.221045
-406.226726 195.637766 3488.722375
-407.829700 287.953606 3528.341785
-406.048477 375.781100 3518.558362
-449.158983 195.866727 3487.635266
-450.539032 287.504633 3553.097388
-452.311516 373.881537 3508.404333
-427.939679 58.161703 3514.171460
-427.891283 103.441268 3515.396143
-395.324713 103.332122 3516.002588
-371.915994 169.792264 3569.222095
-352.541962 232.971758 3527.001147
-460.469083 103.550467 3514.789697
-472.998706 166.606320 3585.881091
-473.975792 225.507935 3462.978491
-427.802878 149.105793 3503.477808
-406.270946 194.999770 3491.956189
-407.364127 287.293710 3529.477185
-405.384265 375.164899 3520.307507
-449.161755 195.164349 3491.162756
-450.480002 286.757420 3555.710156
-451.653691 373.866972 3510.684961
-428.107890 58.238491 3514.351428
-428.215492 103.634520 3515.326233
-395.647694 103.631186 3515.514624
-371.969971 169.026732 3571.147559
-355.123636 232.708192 3526.040381
-460.786765 103.637854 3515.137842
-477.007036 165.243222 3611.939429
-473.554965 220.841132 3466.210059
-428.319023 149.266020 3502.566455
-406.969551 195.225801 3489.929932
-407.823734 287.665088 3522.868896
-406.282913 376.435626 3515.464648
-449.878575 195.236663 3489.683423
-450.382858 286.935985 3552.438440
-452.577924 374.609201 3503.012866
-427.830077 59.160583 3512.701111
-428.134808 104.362956 3513.409192
-395.551358 104.318438 3512.116003
-372.205003 168.610643 3570.940356
-356.387976 232.540051 3529.986487
-460.694289 104.407457 3514.702380
-474.980743 165.450494 3603.043774
-474.336465 222.036685 3461.597705
-428.299966 150.004774 3500.224341
-406.999593 195.984647 3486.193835
-407.534093 288.550681 3517.582153
-405.400760 376.688593 3520.808105
-449.922830 195.998878 3487.885144
-449.984001 287.691971 3552.153467
-451.818253 375.531223 3500.158081
-428.420975 61.494379 3499.786633
-428.610103 107.025876 3507.117603
-395.980397 106.775278 3503.145105
-372.117967 169.619841 3573.136755
-355.028247 233.083676 3525.010547
-461.165968 107.275912 3511.090100
-478.072070 165.932632 3618.097656
-473.565459 219.992161 3459.818237
-428.615543 152.962529 3499.322815
-407.193739 199.008276 3488.929858
-407.416383 291.445053 3521.975232
-405.907675 377.925102 3522.768665
-450.016394 199.200124 3494.126196
-450.214261 290.617824 3560.136084
-451.847031 377.296442 3511.547742
-427.642107 61.733764 3506.553833
-428.169833 107.023875 3510.037244
-395.562097 107.092732 3509.632666
-372.078625 170.761523 3574.242676
-354.164343 233.578519 3519.742896
-460.770059 106.955036 3510.441821
-476.966676 168.718192 3601.131787
-473.891528 224.372781 3450.540186
-428.388091 152.864666 3500.620215
-407.166365 199.004994 3490.938428
-407.019948 291.533844 3515.739795
-406.064761 376.084323 3524.411682
-450.045453 198.900516 3491.467944
-449.999759 290.587677 3551.146655
-451.778770 374.338196 3504.904639
-427.776697 61.274174 3509.969861
-428.466528 106.521312 3511.653308
-395.869215 106.679398 3511.554761
-372.057182 172.799924 3574.249695
-354.549654 236.146927 3528.740466
-461.061981 106.363226 3511.751855
-474.952036 168.626541 3590.471545
-473.526924 225.686272 3449.893030
-428.805373 152.279822 3500.666821
-407.698409 198.432170 3489.616040
-407.538480 290.894936 3520.214294
-406.473972 375.122293 3523.993066
-450.593535 198.220757 3489.744629
-450.701418 289.852818 3553.032251
-452.264102 373.789096 3501.786499
-428.134879 61.088275 3511.663135
-428.804671 106.308003 3512.442529
-396.216237 106.432819 3510.734094
-371.975095 172.365480 3579.397461
-353.717371 235.508913 3523.262805
-461.361414 106.183292 3514.150964
-473.826181 168.173988 3586.474060
-473.184465 225.978685 3451.841516
-429.229639 152.018713 3500.510999
-408.205043 198.153672 3487.462317
-407.914384 290.634669 3520.415039
-406.704863 374.873047 3524.009912
-451.096239 197.930624 3489.696619
-450.836429 289.809792 3544.693347
-452.540302 374.405403 3506.579944
-427.820706 60.655674 3512.501770
-428.542474 105.864996 3512.953796
-395.955655 106.025785 3511.961584
-372.436913 172.362848 3577.982983
-355.696284 234.528651 3504.407410
-461.110869 105.704313 3513.946008
-473.329619 167.678970 3585.320410
-473.936591 225.478034 3449.394116
-428.963196 151.568512 3501.012158
-407.934073 197.707770 3488.421680
-407.022861 290.012256 3528.203088
-405.647725 374.334476 3521.799194
-450.831551 197.461998 3489.719360
-449.777010 289.264587 3547.837036
-451.608453 373.930740 3508.810315
-428.348679 60.335079 3512.890906
-428.909044 105.696416 3514.078247
-396.331174 105.778890 3513.210132
-372.250031 172.022477 3576.646558
-354.570851 234.427209 3505.605420
-461.470840 105.613960 3514.946362
-473.133121 167.092161 3581.140991
-474.165201 225.587882 3452.104590
-429.205879 151.402406 3502.543433
-408.062100 197.479651 3490.440918
-407.966992 289.808984 3527.032593
-405.569217 374.831705 3523.110632
-450.940240 197.341270 3491.576318
-449.940939 289.082198 3550.463562
-451.982849 374.002615 3512.853003
-428.908939 61.080958 3513.109619
-429.097786 106.069198 3512.637939
-396.514511 105.874893 3509.621155
-372.146008 173.110692 3575.408679
-356.463712 236.673425 3522.069568
-461.625119 106.263169 3515.654724
-473.006497 167.200482 3584.804651
-473.675833 225.440570 3453.368298
-429.173416 151.770625 3500.499207
-407.798289 197.714104 3486.387561
-407.062834 290.112347 3524.665771
-405.368332 374.992651 3514.302576
-450.676675 197.866049 3490.333386
-450.061316 289.536575 3552.328662
-451.644250 374.247369 3508.603394
-428.650462 61.298057 3512.649451
-428.851277 106.405410 3512.847949
-396.264633 106.321638 3511.696826
-372.303691 174.078477 3574.816272
-356.074786 237.716069 3522.863843
-461.416548 106.489112 3513.999072
-472.885173 168.214997 3583.599902
-473.525977 226.532435 3452.203979
-428.941121 152.100591 3500.581189
-407.574066 198.081779 3487.561707
-407.402591 290.302528 3531.872925
-405.304915 375.817880 3515.825989
-450.479897 198.152496 3489.067151
-450.058859 289.959789 3547.450427
-451.833765 374.788678 3508.568298
-428.489445 60.506116 3516.458264
-428.805197 105.626244 3515.149072
-396.237434 105.599641 3515.095166
-372.720377 172.959958 3577.985229
-356.863306 235.816593 3528.433594
-461.371942 105.652846 3515.202979
-472.800278 168.465068 3581.899048
-473.158144 227.237708 3455.458569
-428.903534 151.239073 3501.700586
-407.541603 197.186974 3488.216724
-407.602774 289.472456 3529.735767
-405.313443 374.921794 3521.513379
-450.463226 197.220210 3488.287476
-450.175270 289.026151 3547.969556
-451.975584 373.636888 3508.454309
-428.323515 62.193616 3514.860730
-428.793651 107.018295 3514.339917
-396.217149 107.045705 3514.617310
-372.881850 172.317014 3572.043750
-357.350287 234.115160 3505.458020
-461.375311 106.990868 3514.062524
-472.832846 167.608043 3576.946130
-473.039873 226.661585 3453.223425
-428.934242 152.685189 3501.809802
-407.619550 198.693384 3489.461060
-407.567187 291.108139 3522.339661
-405.871036 376.487708 3524.617761
-450.534364 198.666782 3489.098315
-450.341516 290.317900 3552.270825
-451.828781 375.857047 3509.730371
-428.453859 62.473220 3515.212805
-428.794528 107.480148 3514.651282
-396.220238 107.500065 3515.203540
-372.607335 172.962485 3578.342920
-355.617776 234.031808 3498.124243
-461.379031 107.460214 3514.099023
-472.877277 168.542313 3583.441833
-473.091954 226.769345 3451.217383
-428.902341 153.150008 3502.243579
-407.556694 199.148253 3490.196936
-407.083681 291.568343 3522.015662
-405.955791 376.046069 3525.417932
-450.469579 199.140971 3489.474817
-450.127119 290.799020 3551.949353
-451.948105 374.969173 3506.314343
-428.697981 62.922281 3515.460156
-428.887285 108.001997 3514.493494
-396.311380 108.067783 3515.428430
-372.425507 173.903493 3576.349792
-355.135779 236.257231 3508.016321
-461.480527 107.936193 3513.558557
-475.237289 169.073830 3617.601550
-472.542924 222.836926 3454.044092
-429.034404 153.662924 3501.768250
-407.722343 199.684209 3489.654504
-407.786954 292.028020 3525.596497
-405.753151 375.044101 3522.540125
-450.650354 199.629654 3488.431506
-450.800562 291.022401 3558.915051
-452.075606 374.945203 3504.508484
-428.534999 62.956709 3515.533435
-428.832887 107.712356 3514.900037
-396.261299 107.856036 3516.397620
-372.324081 172.849812 3573.562390
-356.389801 235.177790 3508.286694
-461.432236 107.568571 3513.402454
-474.119156 168.974580 3602.155164
-472.986282 225.058962 3455.290674
-429.044792 153.379530 3502.483069
-407.803203 199.440578 3491.045398
-407.742628 291.765613 3526.521887
-406.542232 374.253546 3523.575012
-450.725282 199.302689 3489.086804
-450.033345 290.498395 3565.039868
-452.530685 374.331317 3501.942603
-427.797298 61.835277 3528.818799
-428.441225 106.150917 3522.612842
-395.941757 106.437136 3523.911926
-372.156467 172.261949 3569.872339
-354.891411 234.600930 3511.469128
-460.964662 105.864487 3521.313757
-473.429184 168.864803 3593.165735
-472.961049 226.035890 3453.658606
-428.907079 151.504428 3505.584644
-407.913963 197.467508 3489.406030
-407.623901 289.845483 3525.453308
-406.368230 373.746841 3518.412646
-450.851520 197.133770 3487.706860
-449.956873 288.566122 3559.379431
-452.382864 373.617937 3500.710901
-427.800912 62.132533 3521.067810
-428.506537 106.819990 3519.365833
-395.977554 107.155096 3519.806348
-372.215707 171.915963 3574.315674
-354.125528 234.386937 3520.337830
-461.043661 106.484795 3518.925317
-473.051384 167.689709 3588.720715
-473.091638 225.337039 3452.553809
-429.089433 152.328148 3504.824902
-408.226451 198.428976 3490.572034
-407.798254 290.745676 3527.627527
-406.146779 376.545439 3518.962097
-451.131509 198.002061 3489.995911
-449.829968 289.078477 3569.339734
-452.529633 375.764606 3505.345154
-428.143723 61.496362 3533.308459
-428.993343 105.752621 3524.660999
-396.521179 105.937503 3522.310181
-372.153519 171.870269 3577.134521
-353.760959 234.267876 3524.778076
-461.422198 105.567968 3527.011816
-472.987546 167.948273 3587.122620
-473.920306 226.048700 3454.600842
-429.654607 150.926866 3504.539929
-408.845987 196.785257 3482.881409
-408.054169 289.195450 3525.239087
-406.462601 373.669316 3505.540283
-451.782034 196.460591 3485.956311
-450.430167 287.875624 3559.762109
-452.967445 373.680862 3495.506140
-428.568585 62.283829 3523.890308
-429.162431 107.094855 3519.875415
-396.641766 107.357491 3518.931213
-372.127618 170.411063 3580.261365
-355.708252 233.488412 3524.929968
-461.665654 106.832343 3520.819617
-472.878891 167.607201 3587.071240
-473.590692 225.509550 3452.189661
-429.776212 152.503922 3503.309912
-408.929794 198.534016 3486.127014
-407.411119 290.690541 3533.935400
-405.915045 377.546390 3519.927075
-451.854225 198.155006 3487.361804
-450.153792 289.569810 3559.263196
-452.563289 376.172202 3503.200134
-428.183170 61.458126 3517.453284
-428.914098 106.586536 3517.954724
-396.374937 106.904955 3516.846838
-372.308113 169.620157 3579.514819
-356.775568 232.685310 3524.839563
-461.432762 106.268293 3519.062610
-472.845972 168.873331 3588.445007
-473.630490 226.256358 3447.574500
-429.582100 152.164323 3504.762854
-408.818964 198.315285 3490.846338
-407.654610 290.413394 3536.568665
-405.199945 374.805348 3518.546289
-451.682434 197.857854 3492.295630
-450.201627 289.363065 3557.749609
-452.201878 373.698094 3507.287744
-428.242761 61.636673 3515.942786
-429.099365 106.532648 3517.342383
-396.553607 106.901376 3516.620264
-372.233606 169.000270 3586.611633
-356.101038 231.465594 3524.659033
-461.631787 106.164078 3518.064502
-472.760690 168.586673 3584.938293
-473.477545 226.755430 3452.186292
-429.795654 152.176431 3505.461108
-409.070842 198.385827 3493.107593
-407.988646 290.595538 3531.262549
-405.596030 376.868385 3522.135547
-451.916835 197.875630 3494.052075
-450.883597 289.431009 3556.615613
-452.495485 374.551329 3507.848425
-428.224898 61.594804 3514.611133
-429.137163 106.679205 3516.821289
-396.586070 107.095347 3516.528455
-372.284003 168.931133 3587.285461
-357.110025 231.337075 3528.487219
-461.682816 106.263116 3517.114124
-472.738264 168.399107 3585.233374
-473.182991 226.599449 3452.880896
-429.855632 152.381949 3506.175928
-409.163002 198.641864 3495.339087
-407.935757 290.805899 3533.051562
-405.479865 375.760324 3517.677332
-451.991693 198.084271 3495.722046
-450.736232 289.670183 3555.835376
-452.329099 374.488193 3506.764124
-428.475899 62.152888 3514.534485
-429.055637 107.326923 3516.617737
-396.501561 107.695738 3516.511328
-372.083609 169.591923 3582.490894
-355.552008 232.303632 3531.241772
-461.607747 106.958125 3516.724146
-472.867836 168.154756 3587.111670
-473.690924 226.062984 3451.740161
-429.691948 153.040054 3506.048743
-408.914984 199.274069 3495.410120
-407.449829 291.480675 3530.724609
-405.149759 376.880493 3516.755872
-451.748343 198.785158 3495.549377
-450.529030 290.474600 3551.916223
-452.007942 375.266219 3504.423132
-428.527945 62.378463 3514.446045
-429.225427 107.491309 3516.677258
-396.671246 107.819045 3516.630933
-372.269789 169.941699 3576.563171
-356.650699 232.479968 3521.540894
-461.778731 107.163607 3516.723584
-472.870047 168.591534 3587.975854
-473.468420 226.186150 3449.246997
-429.794566 153.224480 3506.588367
-408.955484 199.437894 3496.469153
-407.399432 291.489554 3537.224805
-405.321129 375.853783 3517.218005
-451.778104 199.005240 3496.529797
-450.715666 290.671169 3552.820276
-451.979620 374.599760 3509.318774
-428.614174 60.900937 3516.798828
-429.113228 106.149004 3518.353406
-396.573857 106.422343 3518.532812
-372.105087 170.709618 3584.042944
-355.207338 233.059127 3525.179565
-461.655898 105.875613 3518.173999
-472.835829 169.252710 3587.405347
-472.997864 227.165307 3451.928271
-429.599648 151.809669 3507.072119
-408.672301 197.941890 3495.908191
-406.925331 290.107504 3532.867664
-404.945996 375.624084 3515.939697
-451.507520 197.588183 3495.673474
-450.340709 289.293997 3552.168347
-451.809479 372.344963 3505.972937
-428.443611 61.645499 3515.013464
-428.841696 106.712598 3517.612756
-396.295271 106.981673 3517.960059
-372.193036 170.927594 3581.377673
-354.314445 233.583221 3529.520984
-461.394543 106.443471 3517.265454
-472.764832 168.204030 3586.834839
-472.772412 226.504271 3456.141382
-429.301408 152.415465 3507.088965
-408.351250 198.564514 3496.792310
-406.615195 290.692542 3534.287756
-405.320287 377.043756 3517.457214
-451.179239 198.222353 3496.338037
-450.716333 289.906409 3552.554395
-451.365138 375.193045 3508.370081
-428.651199 61.067973 3514.763586
-429.006749 106.330482 3517.852808
-396.462605 106.554249 3517.728149
-372.100735 172.803170 3574.877759
-355.990137 236.714820 3540.905029
-461.548576 106.106750 3517.977466
-472.798839 168.355220 3589.828882
-473.194748 226.152459 3453.869739
-429.438876 152.025101 3507.214185
-408.462080 198.147092 3496.494141
-407.374094 290.323550 3532.682922
-405.626808 375.276782 3518.127954
-451.284174 197.848396 3496.656982
-450.653758 289.610556 3550.028662
-452.188753 373.872588 3505.669714
-427.467824 60.591836 3528.425452
-428.080621 105.532645 3525.424109
-395.624812 106.046860 3529.583594
-372.057990 174.022167 3574.547302
-355.585454 238.148249 3537.320544
-460.613113 105.017236 3521.264624
-472.786450 168.266833 3589.009338
-473.713876 226.365645 3456.020093
-428.628598 150.899808 3509.639404
-407.749332 196.945537 3496.575842
-406.674892 289.207979 3528.995679
-404.640948 375.711858 3518.752649
-450.647125 196.407861 3491.133557
-449.987511 288.437007 3540.602649
-451.537315 373.584561 3498.621472
-428.263783 61.316324 3521.443750
-428.475934 106.408569 3521.316003
-395.973940 106.614279 3524.690479
-371.964355 174.934169 3577.815369
-356.620131 239.595804 3545.907642
-461.040292 106.202454 3517.941528
-472.815509 167.044800 3591.152673
-473.915042 224.960503 3456.916846
-428.633617 151.955437 3508.345374
-407.375076 197.918201 3497.581250
-406.496994 290.016222 3536.040552
-404.798456 377.400955 3518.697900
-450.236862 197.762343 3493.168237
-449.980492 289.564090 3548.131836
-451.574341 376.267801 3507.850391
-428.039104 61.249871 3517.375793
-428.133475 106.491990 3519.659229
-395.611230 106.550652 3522.043457
-372.103648 175.290315 3575.408960
-355.914822 239.663555 3534.971130
-460.699799 106.433258 3517.275000
-475.621091 167.605341 3626.782739
-473.675587 220.697206 3459.192139
-428.144495 152.137669 3508.491370
-406.748521 198.072672 3498.882581
-406.389568 290.213176 3533.880090
-404.334322 377.251520 3524.264563
-449.581705 198.077077 3495.764441
-450.004216 289.830252 3549.727966
-451.193102 374.765620 3510.415149
-428.123473 61.098681 3515.897583
-428.007027 106.422150 3519.555908
-395.481483 106.407270 3521.597327
-372.415399 175.685698 3578.782593
-355.446126 239.599348 3537.135522
-460.570332 106.437048 3517.514490
-475.369774 168.311860 3614.741431
-473.782768 222.664381 3453.350330
-427.931607 152.110487 3509.369031
-406.458810 198.020065 3500.516895
-406.103015 290.099608 3536.606006
-405.526295 376.460017 3525.503845
-449.268971 198.109575 3497.847412
-450.610416 289.783961 3552.030212
-451.371701 374.308891 3510.338782
-427.542822 61.576608 3518.653540
-427.832077 106.897691 3520.357202
-395.315378 107.063094 3523.201318
-372.379497 173.143787 3584.564319
-356.544536 236.806226 3535.565222
-460.401384 106.732041 3517.513086
-474.218791 167.556049 3606.303979
-473.878262 222.749048 3449.457288
-427.958420 152.548090 3509.404126
-406.682297 198.544545 3500.310815
-406.947687 290.646321 3535.318994
-405.716722 376.360733 3522.406482
-449.511549 198.424063 3496.591284
-451.141687 290.294141 3544.154004
-451.852997 374.782607 3506.665015
-426.776974 61.025332 3530.943884
-427.318669 105.861013 3527.016309
-394.875424 106.331043 3531.973157
-372.108948 170.970621 3581.119653
-357.215170 234.521773 3534.348401
-459.853197 105.389667 3522.059460
-473.472913 168.193010 3599.043481
-474.106381 224.250491 3447.777209
-427.736829 151.210365 3511.248169
-406.738625 197.194748 3498.721704
-407.066730 289.323442 3535.143237
-405.928732 373.829807 3521.516467
-449.618730 196.742529 3492.238354
-450.980495 288.655861 3543.695239
-451.905850 373.175070 3503.339111
-427.612346 61.492712 3524.427686
-427.613188 106.356242 3524.404102
-395.137796 106.548949 3527.719336
-371.962180 170.561340 3577.074158
-355.007927 233.636303 3523.315588
-460.149716 106.163183 3521.088867
-473.040855 167.224557 3600.158386
-474.146179 223.564573 3451.522009
-427.750095 151.887440 3512.048340
-406.493625 197.810493 3501.860620
-406.407080 289.918236 3534.997803
-406.134741 376.168903 3528.802515
-449.308910 197.669691 3497.524536
-450.790665 289.219420 3556.180151
-451.337869 375.456610 3514.599341
-427.794490 59.789770 3519.450061
-427.754306 105.192063 3523.223779
-395.264665 105.169339 3523.939441
-371.789651 170.491747 3576.197620
-353.771909 233.285421 3528.618054
-460.257178 105.214787 3522.508118
-472.931674 167.673829 3598.657996
-474.239778 224.268706 3451.751111
-427.762694 150.836356 3513.317102
-406.401675 196.711610 3503.878455
-406.699178 288.828810 3534.273999
-406.223427 373.196443 3526.665918
-449.146243 196.765955 3502.942395
-450.613329 288.370502 3555.268799
-452.086836 373.246735 3513.261230
-427.352396 58.300311 3516.388354
-427.814424 104.098145 3523.656995
-395.329907 104.464522 3524.276355
-371.814359 170.264049 3576.328174
-353.194662 233.133476 3533.688892
-460.310382 103.731611 3523.037634
-472.901036 166.518407 3599.019617
-474.192294 223.497243 3456.485596
-428.354539 149.850303 3516.921521
-407.570837 196.008003 3510.590906
-407.751578 287.986139 3539.472021
-407.318889 375.305315 3536.019214
-450.227527 195.548045 3509.781189
-451.865771 287.243700 3551.233972
-453.201566 372.560167 3513.948535
-427.593675 60.451104 3516.026172
-428.367349 105.642598 3520.906934
-395.862758 106.344450 3520.931079
-371.823097 170.454089 3575.854810
-352.925798 233.076973 3517.517017
-460.872397 104.940746 3520.882788
-472.887068 165.223463 3598.269141
-474.177870 222.293003 3456.984790
-429.444667 151.360397 3512.409961
-409.167915 197.760728 3503.928711
-408.414175 290.032857 3523.361914
-407.576312 377.755347 3519.789502
-451.886653 196.839163 3503.897266
-452.162115 288.861659 3537.148157
-453.586946 376.045859 3502.586951
-427.612907 61.294284 3514.684692
-428.537526 106.416991 3520.264551
-396.030829 107.239729 3519.205518
-371.953336 171.481625 3579.040051
-352.815985 233.215178 3508.565491
-461.024710 105.594763 3521.323584
-472.728543 167.034236 3594.173950
-474.298141 223.951445 3449.738892
-429.862300 152.153128 3512.030933
-409.839217 198.662833 3503.104956
-407.744839 290.845837 3527.730005
-406.257399 374.952046 3521.893811
-452.538933 197.545840 3504.489673
-451.007413 289.464455 3541.675159
-452.583434 375.080144 3509.713525
-427.945680 61.141322 3515.688696
-428.803267 106.254465 3521.459192
-396.306186 107.117685 3520.746899
-371.821799 171.315993 3582.928882
-352.812827 233.142882 3513.971558
-461.287222 105.391579 3522.171484
-472.632031 167.808559 3598.899170
-474.813480 223.818224 3445.987354
-430.155801 151.995621 3513.734595
-410.172060 198.517451 3505.544214
-406.992538 290.505835 3535.893433
-405.917186 374.717996 3530.763916
-452.850824 197.359380 3506.475781
-450.296208 289.148141 3547.198022
-452.355771 373.770566 3511.454248
-427.432764 59.489934 3516.819885
-428.152461 104.954644 3522.604980
-395.664610 105.729915 3521.224194
-371.864124 171.529512 3584.289453
-352.723544 233.096258 3504.887231
-460.614868 104.180005 3523.985767
-472.514603 167.956082 3594.097302
-474.632529 224.197182 3442.460144
-429.428488 150.676567 3514.752637
-409.373538 197.136051 3505.997363
-406.082239 289.216261 3531.386646
-404.675938 373.697778 3533.385669
-452.035843 196.070753 3507.803223
-449.355341 287.788623 3551.230322
-451.304529 372.993733 3509.838464
-427.689977 60.616736 3516.813708
-428.159726 105.715754 3521.517029
-395.655977 106.270750 3520.797156
-371.783685 171.336032 3585.584326
-352.622365 233.228865 3507.815576
-460.650209 105.161004 3522.236902
-472.586934 166.809732 3595.974475
-474.892198 223.035056 3444.854761
-429.081677 151.437098 3513.043079
-408.650752 197.756535 3504.098291
-406.447018 289.993199 3524.351038
-404.596658 374.362271 3526.342761
-451.359593 197.002672 3505.039966
-449.694080 288.912021 3543.212610
-451.483795 375.265903 3504.681714
-427.715456 62.253296 3517.969885
-428.035489 107.192683 3520.473157
-395.518755 107.591751 3520.108447
-372.016472 171.589455 3579.339062
-352.586217 233.081553 3505.529053
-460.545485 106.793686 3520.837866
-472.598235 167.477471 3594.597058
-474.642496 223.820610 3444.136572
-428.721951 152.888285 3510.782104
-408.031252 199.105524 3500.852405
-406.458459 291.434103 3521.457788
-404.937292 375.857327 3524.968713
-450.790279 198.568252 3501.329700
-449.468663 290.439014 3544.887073
-451.468318 375.579829 3505.474585
-427.474387 62.475343 3515.631982
-427.757394 107.327116 3520.182288
-395.236729 107.704986 3520.417285
-371.817833 171.415663 3576.756897
-352.554280 233.001150 3504.358557
-460.282446 106.949193 3519.947290
-472.551382 168.927219 3594.785168
-474.668150 224.455746 3436.206738
-428.354434 153.087679 3512.055640
-407.588455 199.304760 3504.082849
-406.242940 291.368581 3534.399500
-405.559425 374.958188 3531.421179
-450.321933 198.816252 3503.775134
-449.398192 290.542439 3550.752185
-451.561531 374.096249 3509.042224
-427.795227 62.044427 3515.621313
-427.910129 107.198457 3521.056018
-395.396413 107.384093 3520.685693
-371.516260 171.461182 3576.605286
-352.603203 233.040930 3506.034705
-460.417001 107.012856 3521.426343
-472.570544 169.085674 3591.659448
-475.021103 224.629730 3432.504614
-428.269925 152.978936 3513.716064
-407.280530 199.079326 3506.134094
-405.950597 291.098032 3536.755371
-406.019313 374.539818 3530.849548
-449.978947 198.822868 3506.618127
-449.853307 290.500676 3552.602966
-451.492358 373.418842 3513.356689
-427.364925 62.254349 3517.949951
-427.366539 107.191209 3522.048792
-394.861281 107.282281 3522.410413
-371.608841 171.724326 3581.755298
-352.507568 233.172958 3501.803625
-459.878465 107.100120 3521.687170
-472.599673 169.147881 3593.044165
-475.173837 224.029778 3428.142139
-427.550157 152.913448 3513.477698
-406.373073 198.912975 3505.143005
-405.833414 291.013768 3533.323059
-404.391281 373.702902 3533.267468
-449.099110 198.805618 3504.670203
-448.675230 290.555986 3549.983740
-451.041876 373.678581 3505.929138
-427.963649 61.966515 3517.946863
-427.564511 106.897392 3521.920203
-395.058937 106.720969 3521.822778
-371.755048 172.351389 3583.148437
-352.622084 233.335326 3500.339453
-460.068260 107.073798 3522.017627
-472.639822 169.228196 3594.699817
-475.219707 224.425230 3432.741858
-427.405424 152.604803 3512.959692
-405.879634 198.431679 3503.935449
-405.392337 290.407954 3539.902148
-405.052826 374.644893 3530.583105
-448.610655 198.660254 3504.062915
-448.558258 290.470284 3547.635730
-451.485901 374.171213 3505.331677
-427.576128 62.465780 3517.331714
-427.145088 107.298180 3522.091187
-394.640918 107.047723 3522.077710
-371.707318 171.728274 3580.371143
-352.840482 233.265224 3503.646826
-459.649048 107.548637 3522.104663
-472.670987 168.909953 3595.294189
-474.742938 224.355672 3435.893970
-426.870222 153.018734 3513.501001
-405.234128 198.799038 3504.902112
-404.630911 290.781999 3539.529016
-404.287540 374.844269 3527.505676
-447.953743 199.127740 3504.919519
-448.307608 290.750554 3554.384961
-451.537491 373.941129 3507.003052
-427.408127 63.161595 3516.491113
-426.959856 107.839383 3520.948767
-394.446912 107.613844 3522.281824
-371.669872 171.199073 3578.458594
-352.829216 233.126720 3511.589856
-459.497437 108.065098 3519.615710
-472.662950 169.273416 3594.165808
-474.674608 224.889154 3435.976794
-426.625012 153.565781 3512.084277
-404.916025 199.352507 3504.091553
-404.882088 291.431963 3534.780493
-404.924799 375.841043 3528.901062
-447.671542 199.694738 3502.348022
-449.015759 291.391673 3550.555652
-451.812076 374.601340 3503.133032
-427.735425 62.848476 3517.206494
-426.996249 107.522017 3522.447754
-394.499625 107.055303 3523.458496
-371.807585 171.333979 3584.941382
-352.807773 233.007484 3515.634229
-459.511510 107.988994 3521.437012
-472.598059 169.620999 3597.144971
-474.263081 224.332211 3431.408801
-426.337337 153.244800 3514.151807
-404.321617 198.859981 3506.516772
-403.938763 290.923398 3535.073328
-404.927536 375.062491 3531.962769
-447.037091 199.508031 3505.194946
-448.112303 291.110420 3554.684534
-451.807408 373.374622 3510.582483
-427.402827 62.673315 3518.159961
-426.488246 107.346751 3522.830994
-394.003764 106.830676 3525.804260
-371.825063 171.001171 3580.740625
-352.785522 232.930643 3519.234998
-459.027617 107.863739 3519.857727
-472.641928 169.559898 3594.946045
-474.030540 224.855375 3434.166443
-425.622131 153.022752 3513.552661
-403.389418 198.550423 3506.218604
-403.966313 290.562479 3537.727087
-404.620663 375.054138 3529.153467
-446.137109 199.331257 3502.330054
-448.026495 291.053461 3549.381226
-451.272311 374.176512 3507.065381
-427.155055 61.705144 3515.729968
-426.235701 106.790124 3521.677063
-393.738129 106.179256 3523.702197
-371.939227 171.571644 3578.587744
-352.725826 232.999500 3502.267725
-458.770720 107.401675 3519.651929
-472.621011 169.188977 3596.373999
-473.352606 224.600636 3437.202881
-425.294658 152.526225 3513.650928
-402.997334 198.035752 3506.949146
-405.058968 289.982495 3539.520593
-404.846466 374.565192 3532.425745
-445.717371 198.908061 3504.300439
-448.553801 290.445366 3555.225000
-451.756941 373.800888 3510.668677
-427.550333 59.747849 3529.503577
-426.380293 104.802857 3529.121460
-393.967967 104.061646 3533.456702
-371.812253 171.881499 3582.727576
-352.499286 233.283824 3499.168396
-458.872356 105.545876 3524.786218
-472.624591 168.765588 3596.373718
-473.887457 224.063030 3436.080396
-425.106863 150.210029 3515.941943
-402.459605 195.396539 3505.597839
-404.622453 287.476732 3534.342224
-404.646844 372.657346 3534.931824
-445.222633 196.522113 3499.927014
-448.557486 288.281044 3547.322681
-451.607295 372.678262 3502.603516
-426.607745 61.443702 3521.985901
-425.586053 106.298194 3524.372656
-393.122067 105.590868 3527.570532
-371.722830 171.289285 3580.170398
-352.489529 233.373317 3504.791211
-458.108965 107.006784 3521.174780
-472.609921 167.374765 3602.409814
-473.814249 222.241606 3439.703345
-424.434123 151.891370 3513.934497
-401.914822 197.236248 3505.587451
-404.671762 289.303789 3533.525488
-404.724265 376.365541 3537.380347
-444.661461 198.276839 3501.405225
-448.808698 289.875104 3551.046143
-451.352715 376.816760 3509.854187
-427.306386 61.672014 3517.654028
-425.922897 106.774524 3521.612488
-393.444276 105.728687 3524.858655
-371.676154 171.912103 3577.756409
-352.670059 233.391058 3496.178284
-458.461461 107.822274 3518.366321
-472.583530 168.753551 3595.268079
-473.884615 224.012423 3434.409021
-424.280301 152.443085 3512.508228
-401.274475 197.605871 3505.526807
-404.969159 289.688924 3530.459570
-404.240582 374.739825 3539.639636
-444.009743 199.093066 3501.281128
-448.397627 290.894339 3541.723450
-451.402374 375.714455 3507.829895
-426.383066 62.115986 3531.600305
-425.152347 106.588835 3527.642126
-392.743460 105.732056 3533.506396
-371.643866 171.917068 3577.140137
-352.686870 233.481673 3497.369556
-457.669186 107.448457 3521.777856
-472.572159 169.700209 3591.371387
-474.105750 224.957151 3429.434766
-423.601349 151.868909 3511.384900
-400.634935 196.904633 3498.962878
-405.547107 289.173972 3519.322595
-404.064404 373.491945 3527.398145
-443.483946 198.237251 3491.292468
-448.981015 289.963333 3541.844739
-451.222195 374.059119 3495.443530
-426.637296 61.959023 3522.459546
-425.307152 106.513082 3522.661414
-392.844675 105.500989 3526.948645
-371.094696 171.773792 3575.084961
-352.746005 233.368807 3490.041675
-457.848698 107.527632 3518.374182
-472.638138 168.987952 3594.380310
-474.156181 224.280936 3433.499915
-423.647008 152.029330 3510.380615
-400.591943 197.125277 3500.903503
-405.730269 288.988704 3537.589233
-404.791086 374.667810 3530.147644
-443.392804 198.606260 3495.296130
-449.604552 289.793823 3557.949231
-451.536227 375.542699 3511.035071
-425.959537 62.241995 3519.043237
-424.841789 106.870053 3521.029907
-392.353377 105.935292 3524.029565
-370.624245 171.341367 3576.348669
-352.773239 233.430224 3494.062463
-457.385582 107.806376 3518.030249
-472.592725 168.972527 3591.483691
-473.880438 224.977805 3436.970691
-423.381161 152.486848 3510.311548
-400.531650 197.716666 3501.554871
-405.565286 289.723282 3531.304944
-405.255887 376.246042 3531.164563
-443.315489 199.050285 3497.631506
-449.237175 290.392934 3554.471716
-451.948807 374.818298 3509.036047
-426.385803 62.713061 3518.492944
-425.272092 107.378056 3520.030676
-392.769080 106.646953 3523.435754
-370.684152 171.794990 3574.135706
-352.928641 233.363455 3488.813904
-457.838029 108.110581 3516.625598
-472.590408 169.199032 3590.994885
-472.972139 225.528940 3439.810596
-424.073520 153.013873 3509.111572
-401.474518 198.395110 3500.419189
-406.890025 290.502115 3525.567859
-406.189034 375.361607 3524.770496
-444.287662 199.474761 3495.965747
-450.123785 290.933365 3550.850452
-452.959514 374.823247 3506.599597
-426.348743 63.244402 3517.682385
-425.190811 107.898957 3518.732434
-392.674077 107.246151 3522.368860
-370.591325 171.014788 3570.779480
-352.919481 233.209370 3503.858801
-457.774823 108.553114 3515.096008
-472.600200 169.449138 3591.769226
-473.223561 225.471735 3437.492908
-424.089172 153.537669 3507.287744
-401.571310 198.983095 3498.221106
-406.373354 291.163379 3524.732874
-405.302318 376.754080 3527.158093
-444.418391 199.967954 3493.465002
-449.110832 291.539108 3549.091760
-452.336960 375.095129 3505.373511
-426.788170 63.069997 3516.097205
-425.538499 107.971516 3517.222498
-393.004077 107.283176 3520.057068
-370.551562 170.616510 3569.020508
-352.866733 233.010555 3511.484570
-458.125459 108.660909 3514.387927
-472.751917 169.277628 3593.256140
-473.366855 224.399120 3431.163977
-424.449670 153.620354 3505.490869
-401.930159 199.073939 3495.612830
-407.279266 291.290143 3522.494641
-405.533525 376.388423 3530.739771
-444.799631 200.078171 3491.905652
-449.270340 291.731255 3546.763123
-452.704056 374.980965 3505.497327
-427.129330 61.927525 3513.550977
-425.782657 106.953141 3518.063660
-393.253569 106.206052 3519.963293
-370.538683 171.080399 3569.285266
-352.705681 232.909077 3501.038550
-458.346875 107.701038 3516.164026
-472.618906 169.714019 3589.306946
-473.967755 225.303488 3430.331799
-424.665857 152.675766 3508.590479
-402.152206 198.122139 3500.359668
-407.073924 290.199243 3529.851440
-405.150110 374.664862 3541.815820
-444.948961 199.170152 3497.874927
-449.053838 290.385002 3562.522559
-452.331310 373.178159 3510.381738
-426.272235 61.855948 3528.983606
-425.597214 106.529208 3524.465308
-393.121611 105.942785 3524.541113
-370.532681 170.656185 3568.326184
-352.717789 232.982286 3504.162024
-458.074185 107.115649 3524.389502
-472.683902 168.641702 3592.187561
-473.682045 224.165017 3433.516199
-424.909839 151.833165 3507.340527
-402.768268 197.193098 3490.265161
-407.917297 289.578093 3517.237939
-404.804913 373.824683 3523.703320
-445.663780 197.970300 3490.166333
-449.248265 289.672850 3546.982678
-453.068800 373.666298 3495.969958
-425.780762 61.395937 3521.724792
-425.334210 106.251868 3520.675305
-392.819511 105.914182 3520.808105
-370.631369 170.241009 3568.367175
-352.779767 232.923835 3511.586206
-457.851331 106.589607 3520.542505
-472.610974 168.353448 3591.498572
-474.043280 223.577628 3429.957263
-424.965746 151.759430 3506.845544
-403.163124 197.402459 3493.102820
-407.910033 289.283118 3538.318372
-404.195485 374.041747 3534.982922
-446.026665 197.852169 3492.928748
-448.825684 289.476387 3551.501819
-452.456915 373.549255 3504.874316
-426.628802 60.954790 3532.511377
-425.674037 105.561633 3526.285486
-393.232161 104.968858 3529.698425
-370.499867 170.375722 3573.606189
-352.725089 232.937364 3509.825549
-458.178769 106.155567 3522.872546
-472.647578 168.028080 3593.346545
-474.611542 223.172717 3431.310254
-424.703900 150.830179 3508.977649
-402.288025 196.097654 3493.902148
-406.089082 288.071877 3538.125208
-403.619643 374.062032 3530.403699
-445.187643 196.997916 3489.437476
-448.051343 288.844147 3544.088025
-450.845799 373.584526 3503.632507
-425.673265 61.821712 3526.361853
-425.087561 106.440751 3524.021143
-392.628699 106.060740 3529.186316
-370.441644 170.132161 3576.189197
-352.836902 232.858821 3506.251733
-457.641707 106.821902 3518.855969
-472.592690 167.957065 3593.263721
-474.546967 222.982185 3430.152673
-424.263736 151.897530 3510.062512
-402.030145 197.378612 3499.481445
-406.913960 289.335936 3534.908801
-404.460068 376.141107 3533.290491
-444.877963 198.056651 3492.726318
-448.656981 289.769081 3547.104529
-451.483620 374.732666 3512.873779
-425.364778 62.295007 3523.291724
-424.891098 106.809023 3522.349487
-392.410091 106.445752 3526.977844
-370.369664 170.403236 3572.270605
-352.772327 232.968318 3506.917139
-457.457562 107.173241 3517.721130
-472.601779 168.341849 3595.952295
-474.485094 222.965778 3429.579077
-424.132655 152.302037 3508.510742
-401.952795 197.836797 3497.698328
-406.637164 289.941328 3529.312659
-405.079639 375.012199 3526.185535
-444.820688 198.474477 3491.645667
-449.337196 290.342958 3539.577307
-451.912834 374.676865 3508.626135
-426.030008 63.028304 3524.062134
-425.183792 107.377179 3521.760168
-392.692818 106.743693 3524.386975
-370.266589 170.656343 3574.946545
-352.753761 232.989621 3499.806287
-457.723303 108.011595 3519.133362
-472.652106 168.005444 3595.760254
-474.474425 222.654273 3429.707104
-424.205232 152.835449 3506.926123
-401.785251 198.217124 3493.809778
-406.079852 290.345134 3530.287183
-405.099046 375.677184 3527.052808
-444.672586 199.143164 3490.374377
-448.793045 290.782280 3547.636572
-451.937366 374.075789 3507.367200
-426.062506 61.034000 3513.993176
-425.660876 105.871138 3511.828223
-393.080971 105.546490 3514.842480
-371.808112 170.209651 3572.777661
-352.640614 232.863068 3518.783252
-458.296759 106.196348 3508.813965
-472.616098 167.486859 3574.528210
-474.956107 224.731594 3422.029395
-425.094685 151.430079 3496.305469
-403.020778 197.129278 3482.753662
-406.158922 289.579883 3519.761145
-404.862926 375.578601 3528.426575
-446.050424 197.661742 3478.811206
-448.236224 289.333585 3548.337634
-451.474495 375.173602 3504.955737
-424.078433 61.376547 3499.872546
-423.990871 106.775963 3502.381995
-391.313260 106.660412 3503.296436
-368.996950 171.754578 3564.276477
-351.787309 235.100019 3504.902393
-456.685538 106.891566 3501.467554
-472.081773 168.969737 3570.378552
-474.515311 226.819426 3422.582495
-423.845331 152.674538 3492.104712
-402.202779 198.752238 3482.425452
-403.931078 291.058409 3526.709998
-404.144106 376.852628 3531.503162
-445.202524 198.935909 3481.229407
-447.309465 290.756801 3543.536047
-451.118559 375.194028 3503.537610
-423.589101 62.014262 3494.530493
-423.346242 107.637901 3498.228125
-390.657997 107.214706 3492.598291
-365.929102 174.143228 3565.212817
-350.369919 237.159898 3492.680835
-455.929482 108.059746 3503.857959
-471.235242 170.125510 3563.659644
-474.517943 229.361530 3429.705139
-423.220741 153.676804 3489.947339
-401.616022 199.754382 3477.982678
-403.121326 291.891850 3532.484143
-404.590096 375.767554 3527.277417
-444.527924 200.114635 3485.350427
-447.092436 291.771860 3548.472400
-450.963333 375.834445 3509.011340
-423.510347 60.736884 3505.096118
-423.121106 106.391986 3503.952576
-390.467535 105.948611 3500.811133
-364.396599 175.972847 3565.691516
-349.567818 238.582868 3478.132886
-455.716173 106.834572 3507.094019
-470.382639 170.821080 3563.865723
-474.176712 231.250021 3444.648401
-422.844942 152.148092 3490.719995
-401.063483 198.014730 3475.433923
-402.666913 290.017204 3537.794751
-404.604836 373.967450 3530.855164
-444.044557 198.489832 3479.540906
-446.685437 290.440277 3539.010730
-450.982776 373.544307 3496.937183
-423.277174 61.806499 3509.239880
-422.671326 107.036492 3505.026208
-390.019299 106.505344 3502.169177
-363.738950 176.771649 3565.370886
-349.114984 239.494186 3470.586853
-455.270148 107.566781 3507.883240
-468.830482 169.575305 3562.489148
-474.178397 230.334212 3448.214636
-422.270363 152.690962 3489.594702
-400.334555 198.450121 3472.295288
-401.953673 290.503203 3535.880518
-404.350711 375.249338 3527.648584
-443.373993 199.051618 3476.031104
-446.773210 291.136496 3532.725879
-450.743813 375.748216 3500.450635
-421.811212 62.062536 3499.190015
-421.561650 107.616651 3499.424170
-388.861333 107.515682 3500.469446
-363.208871 176.766701 3565.731384
-349.585646 240.056674 3474.409143
-454.281480 107.717708 3498.378894
-468.343642 170.077377 3559.495105
-474.301160 231.167951 3448.794128
-421.429657 153.504276 3487.725391
-399.763205 199.616160 3476.710266
-402.331017 291.554585 3539.008484
-404.211383 376.603346 3538.484583
-442.838756 199.785406 3475.342957
-446.885796 291.893324 3530.469958
-450.654109 375.774046 3502.716943
-420.656825 62.045199 3491.872803
-420.675145 107.788653 3496.430688
-387.955174 107.960023 3500.054761
-363.017322 176.361298 3562.472583
-349.823802 240.028984 3477.792041
-453.463025 107.616914 3492.806616
-467.937590 169.715809 3563.906152
-474.290140 230.794170 3454.316150
-420.717259 153.873390 3488.803516
-399.262747 200.209848 3483.545972
-402.162279 291.959830 3545.735254
-404.445854 375.012971 3540.289038
-442.285655 200.110283 3478.806714
-446.995363 292.161557 3531.357446
-450.832323 374.382170 3507.218115
-419.180615 61.634339 3489.371497
-419.334859 107.673207 3495.900891
-386.646965 108.121478 3503.447205
-362.817174 175.852190 3561.432922
-350.291867 239.728587 3486.428833
-452.164221 107.222971 3488.354578
-466.705467 169.894637 3565.891980
-474.326498 230.420265 3450.424231
-419.488962 153.805762 3489.239258
-398.167215 200.278512 3487.512854
-401.079276 292.176332 3540.953040
-403.965927 374.699887 3534.232446
-441.180963 199.950652 3477.642395
-447.092752 292.239890 3518.683862
-450.192361 373.669702 3508.505688
-418.538408 61.529562 3487.548230
-418.734976 107.628461 3496.382117
-386.078142 108.243452 3506.355615
-362.434355 176.120001 3564.942444
-350.481381 239.500240 3479.935095
-451.578658 107.009943 3486.408618
-466.777448 169.583061 3561.348975
-474.090483 230.123184 3444.571472
-418.959270 153.798251 3490.863184
-397.741264 200.345351 3491.865784
-401.486871 292.163452 3543.142700
-404.571741 372.196616 3531.298767
-440.707669 199.882322 3478.822717
-446.718777 291.996925 3525.588074
-450.662427 372.449091 3513.794958
-418.695143 61.786740 3486.646143
-418.843982 107.583030 3494.319080
-386.135487 108.106177 3501.647522
-362.675986 174.270203 3567.838782
-351.551399 236.667003 3475.885388
-451.689980 107.057690 3486.990637
-465.956044 169.740604 3567.217737
-473.981512 229.556396 3443.204163
-419.119409 153.771895 3488.525562
-397.919478 200.330786 3487.524365
-400.956091 292.401117 3534.637585
-405.157304 374.294748 3524.394556
-440.931190 199.897518 3477.939722
-446.569588 292.096666 3523.781372
-451.188680 372.286880 3512.051990
-418.494223 61.935877 3486.776697
-418.531354 107.766613 3492.744849
-385.788501 108.214796 3498.153723
-362.635696 174.247180 3562.967285
-353.370490 237.285661 3472.593738
-451.375772 107.317043 3487.335974
-466.404526 172.336720 3568.430066
-472.934868 230.743141 3433.185461
-418.834541 153.923366 3485.484351
-397.626959 200.473308 3481.760889
-399.813567 292.575821 3533.989587
-404.373137 374.632785 3517.519543
-440.694859 200.071941 3474.686816
-445.237794 292.281126 3525.535571
-450.823128 372.387744 3506.393237
-418.099858 61.832855 3486.256726
-418.070483 107.671101 3493.518909
-385.316821 108.029546 3495.708850
-364.221790 175.243253 3562.826062
-354.252467 237.683974 3469.096570
-450.865242 107.312200 3491.328967
-465.806223 171.863338 3572.423340
-471.782867 229.092736 3428.189587
-418.464357 153.889288 3488.285229
-397.369185 200.443477 3484.483716
-398.648370 292.382797 3540.570923
-404.534821 375.398633 3529.596509
-440.367316 200.049059 3481.619385
-445.079726 292.162575 3529.264087
-450.947751 372.340366 3515.503394
-416.752974 62.468693 3485.987756
-416.750412 108.137025 3493.408289
-384.002541 108.558238 3497.102551
-365.212668 176.642095 3560.472156
-354.843541 238.381281 3463.632104
-449.567632 107.714918 3489.714026
-464.719675 175.750133 3572.135559
-471.951711 230.387346 3408.254944
-417.126878 154.385043 3488.933789
-396.027565 200.963904 3486.874963
-396.424211 292.847142 3542.877380
-403.114201 375.511288 3529.347473
-439.010780 200.539480 3482.043616
-443.334967 292.672403 3529.317151
-450.257393 373.101511 3503.864136
-415.498180 60.375228 3484.697937
-415.586374 106.482356 3495.425562
-382.849277 106.917853 3497.921814
-361.682159 175.387389 3548.913196
-355.279108 238.235320 3465.989941
-448.370288 106.046263 3492.929309
-463.022330 175.624527 3582.362585
-469.991397 229.725924 3420.826331
-416.051596 152.791756 3493.694666
-395.083153 199.388883 3493.596118
-396.541920 291.201036 3546.393640
-403.652000 374.306329 3529.719202
-437.971471 198.905008 3490.331421
-443.116991 290.875598 3534.465479
-450.475159 371.750661 3509.155371
-414.243596 61.057023 3485.208081
-414.156595 106.993676 3495.889941
-381.419041 107.338662 3497.781995
-357.723209 174.609222 3537.359851
-356.414438 237.998550 3459.903589
-446.929630 106.648304 3493.997888
-461.726544 171.073151 3587.613391
-468.428256 226.458401 3445.412073
-414.531973 153.304532 3494.305884
-393.476283 199.850420 3493.959143
-395.187140 291.696721 3545.004993
-403.293398 377.711864 3524.820190
-436.354318 199.464215 3491.484509
-442.010298 291.657309 3521.369067
-450.073459 374.144189 3496.156665
-413.448584 60.538842 3485.991687
-413.391203 106.530384 3496.123535
-380.654668 106.847838 3497.958594
-355.491750 174.835622 3539.049194
-356.362708 237.972598 3456.225891
-446.162097 106.212579 3494.288477
-460.692885 169.771838 3589.781995
-467.141806 224.994405 3447.589661
-413.726714 152.873422 3495.610022
-392.644527 199.405975 3496.296484
-395.904521 291.193526 3545.600488
-404.192888 376.751553 3526.350903
-435.494872 199.054092 3493.896533
-442.749509 291.245572 3513.739648
-450.954033 373.385115 3497.372363
-412.707689 60.048492 3485.843726
-412.824837 106.029646 3496.368640
-380.100058 106.448805 3499.453931
-354.696281 174.525941 3539.945105
-356.107846 238.082217 3452.791895
-445.607452 105.609766 3493.283350
-460.543028 172.286621 3594.035254
-467.595201 226.239934 3436.442297
-413.220992 152.415131 3497.328003
-392.221033 198.995747 3500.305200
-395.967622 290.779297 3545.359875
-404.544577 376.268854 3531.891736
-435.037476 198.554337 3496.269531
-443.135872 290.766522 3505.940088
-451.090237 373.843880 3497.907776
-410.871016 60.637653 3485.208643
-411.056564 106.427713 3496.758337
-378.329048 106.916800 3498.463123
-354.395901 174.569319 3539.801917
-355.641852 238.361839 3447.349890
-443.816017 105.938152 3495.053552
-459.235310 169.952421 3591.490149
-467.331812 224.310294 3436.987817
-411.636267 152.833624 3498.622876
-390.831578 199.480131 3501.602319
-394.850858 291.097189 3551.261206
-403.586548 376.067267 3525.914880
-433.612750 198.899902 3499.372510
-442.597125 291.071043 3496.131958
-449.575352 374.745967 3497.729492
-409.327528 61.837225 3486.057666
-409.374661 107.444878 3496.809717
-376.648689 107.807060 3498.846362
-354.143988 175.637424 3539.203052
-354.389268 239.531246 3444.677319
-442.138782 107.082239 3494.773071
-458.699652 173.220013 3598.944373
-467.698170 225.694940 3422.597656
-409.756427 153.843384 3498.387036
-388.751765 200.401503 3501.296008
-394.586134 291.886340 3551.679260
-402.369621 374.915793 3522.073218
-431.540202 199.998522 3498.632703
-442.477837 292.030196 3478.925195
-448.159366 374.606920 3491.714172
-407.585999 61.657923 3486.460840
-407.972467 107.452248 3497.855273
-375.288399 108.042461 3502.759058
-353.902989 175.964740 3538.876245
-353.724776 240.181157 3452.575708
-440.748309 106.860384 3492.951489
-458.749873 175.351381 3602.079639
-466.685498 228.429436 3419.259961
-408.503738 153.854491 3500.065991
-387.673640 200.498980 3505.483850
-395.894624 291.636462 3557.179382
-403.283501 375.733511 3524.873254
-430.434177 199.896729 3499.069568
-443.646051 291.646780 3473.215344
-447.736153 373.870377 3492.341675
-406.513770 61.117422 3486.084900
-407.182544 107.156202 3499.026611
-374.531219 107.893237 3505.674487
-353.709439 175.545001 3532.388684
-352.190799 239.731973 3450.012915
-439.958141 106.416342 3492.378735
-458.277667 170.477498 3608.632056
-465.728311 225.619907 3445.439307
-407.820540 153.574554 3502.366272
-387.130612 200.271019 3510.053247
-396.355530 291.431892 3552.722290
-403.568158 374.895262 3525.576843
-429.836961 199.537090 3501.358618
-444.270465 291.075185 3473.501160
-447.528073 373.073926 3495.669263
-406.559955 60.200208 3485.922620
-406.959373 106.277786 3499.077991
-374.319525 106.949017 3506.716675
-353.849680 174.946838 3530.902612
-351.587407 239.229059 3452.579639
-439.742059 105.603625 3491.439307
-458.566922 167.973735 3603.952319
-466.495703 225.192886 3461.803223
-407.440283 152.683241 3501.897681
-386.593340 199.320605 3509.712402
-395.975694 290.527629 3551.530457
-403.909915 374.081088 3520.257251
-429.308392 198.706562 3499.722339
-443.452290 290.350293 3474.404651
-445.868561 371.204158 3491.332617
-406.643727 59.039048 3484.084192
-406.896202 105.310580 3498.406970
-374.242947 105.880017 3505.662695
-353.771663 174.004427 3526.049927
-351.077122 238.555301 3453.142847
-439.685205 104.738791 3491.151245
-458.540495 166.030811 3605.211255
-466.665704 222.975938 3459.559937
-407.253647 151.734583 3501.478223
-386.278781 198.323796 3509.294348
-395.986784 289.462349 3553.901770
-404.173164 374.457520 3521.680994
-429.000011 197.830006 3499.804602
-442.899471 289.511377 3477.621619
-444.440782 371.127791 3493.390601
-407.486679 60.143687 3484.343335
-408.040025 105.927711 3497.085144
-375.335461 106.414079 3500.085364
-353.677959 173.566684 3528.853894
-350.810364 238.236127 3454.875427
-440.800742 105.440502 3494.084924
-457.905482 164.929102 3606.680762
-467.374908 221.337483 3456.913196
-408.537184 152.344292 3499.380652
-387.661673 198.965881 3503.638684
-397.866273 290.392056 3538.747375
-406.332152 377.293423 3517.769421
-430.429684 198.433855 3499.713635
-444.483633 290.106171 3473.386047
-444.557158 372.773511 3496.328772
-408.936568 61.013066 3486.204504
-409.200975 106.531893 3495.899487
-376.472371 106.857226 3498.138000
-353.739410 173.666811 3530.259387
-349.625865 237.893791 3449.061414
-441.971553 106.206122 3493.660974
-459.518143 167.051468 3611.169299
-469.609526 221.292649 3437.322205
-409.519464 152.907851 3496.349268
-388.438611 199.445773 3498.262659
-397.460538 291.006819 3538.902637
-405.521698 377.647183 3516.972900
-431.255054 199.097803 3495.335437
-443.568491 291.125687 3470.299353
-442.134676 373.191179 3498.149792
-410.062141 61.437490 3485.948450
-410.129630 106.944894 3496.270374
-377.392708 106.847276 3493.128369
-353.621175 174.057631 3527.478442
-350.258667 238.261624 3445.479456
-442.807767 107.042318 3499.412378
-460.001018 166.584877 3610.526074
-470.304095 221.596732 3445.593445
-410.189046 153.309726 3496.482349
-388.840802 199.659660 3494.638867
-397.248633 291.192192 3542.538220
-404.518817 375.914006 3515.875403
-431.630923 199.678226 3498.749780
-442.505737 291.754803 3483.986768
-440.628635 373.547711 3508.992810
-410.778786 62.141325 3485.275464
-410.834026 107.491010 3495.006104
-378.090962 107.455003 3494.990100
-353.459421 173.624749 3526.704663
-350.460535 238.298579 3447.654797
-443.576808 107.527071 3495.022107
-462.245287 166.944077 3603.113123
-470.353264 222.761629 3443.358020
-410.788016 153.838716 3494.134619
-389.321747 200.186246 3493.252747
-397.154999 291.794040 3541.709973
-404.574022 376.062599 3520.180322
-432.162090 200.232835 3493.273523
-441.227324 292.604108 3485.847095
-439.651689 373.386694 3502.237683
-412.583382 61.463162 3485.482385
-412.189684 106.931189 3497.220190
-379.461571 106.373052 3494.807605
-353.399899 173.752022 3518.802063
-350.768951 238.362804 3440.179236
-444.872699 107.488554 3499.632776
-464.271439 167.131222 3601.340112
-470.751349 223.074521 3441.643970
-411.549722 153.276912 3497.463330
-389.515894 199.293196 3496.128870
-397.179951 290.909009 3542.638171
-404.718544 374.792960 3523.731116
-432.284537 199.938931 3499.284070
-440.133476 292.125620 3504.974268
-438.939291 372.837103 3515.904321
-414.333791 61.279070 3489.077820
-413.775777 106.611945 3498.372437
-381.055771 105.862838 3495.439319
-354.497046 172.179405 3509.711279
-351.976999 235.893224 3438.942480
-446.440964 107.359789 3501.305554
-467.373013 171.595140 3599.873132
-473.974072 225.393034 3411.187781
-412.914049 152.880090 3496.769849
-390.643819 198.751361 3493.249377
-398.083513 290.671414 3530.581421
-405.880090 375.763026 3519.372009
-433.435765 199.629443 3497.085144
-440.728200 291.930841 3504.382141
-440.045212 373.297482 3509.973230
-416.388861 61.242870 3487.400269
-415.568651 106.817744 3497.394824
-382.842995 106.075059 3496.308557
-357.879207 172.488348 3518.391309
-353.438399 236.627012 3439.160632
-448.274022 107.559955 3498.481091
-468.724600 173.730438 3603.692615
-475.615686 228.125547 3414.001575
-414.589249 153.128810 3496.733350
-392.203415 198.990430 3495.361548
-399.872807 290.670010 3539.670801
-405.978006 374.887401 3520.413354
-435.006873 199.924138 3496.782202
-442.542166 292.188826 3507.101318
-440.362367 373.375955 3514.119800
-418.300182 61.144971 3485.433533
-417.132809 107.009995 3496.856885
-384.419366 106.122806 3498.392090
-360.206581 173.563385 3533.669238
-354.527544 237.529398 3445.676270
-449.874960 107.897957 3495.321680
-469.689017 172.837195 3606.775940
-476.441125 229.160207 3442.848437
-415.778485 153.325905 3496.425073
-393.021800 199.046196 3496.997266
-400.835855 290.749922 3538.295349
-405.611472 375.830971 3522.024927
-435.838208 200.260631 3494.989258
-442.777901 292.643449 3503.979248
-439.555563 372.129373 3516.062952
-421.199152 60.893216 3484.976172
-419.657700 106.893970 3497.868469
-386.971490 105.474176 3493.892883
-361.246838 174.826637 3540.672839
-355.895906 238.096887 3434.816687
-452.269682 108.310554 3501.844055
-470.035722 173.385838 3614.604980
-478.753479 228.699336 3444.917371
-417.894341 153.204493 3498.139404
-394.756171 198.648357 3495.809363
-402.739279 290.360435 3537.806262
-406.512822 375.021219 3516.199402
-437.474628 200.366004 3501.011316
-443.781659 292.595615 3513.125903
-440.258345 371.822466 3521.555212
-423.182382 60.902306 3485.925146
-421.316475 106.852470 3498.903918
-388.648796 105.148966 3493.026453
-362.286604 173.070122 3542.467468
-358.998253 235.973311 3438.364673
-453.874551 108.550289 3504.781384
-470.660558 173.119799 3622.007544
-480.763943 227.547897 3446.507324
-419.274249 153.133653 3499.016785
-395.883780 198.400620 3495.286865
-402.518495 290.156883 3540.232886
-406.118211 376.587869 3512.528723
-438.533801 200.420911 3502.972437
-443.997565 292.689003 3512.360828
-439.402513 372.462076 3519.264758
-425.261282 60.806408 3485.237842
-422.948929 106.783772 3499.183838
-390.303360 104.744915 3491.957874
-363.206415 171.904031 3540.489221
-360.591997 234.297883 3440.293225
-455.459978 108.814240 3506.409802
-473.134314 171.821013 3612.463892
-481.940651 226.687608 3440.151160
-420.492685 153.091539 3500.960498
-396.723538 198.146530 3498.012219
-402.852426 289.962140 3539.238708
-405.301756 377.074500 3512.426526
-439.296877 200.554887 3507.462097
-443.915652 292.732100 3518.440161
-439.051140 373.519705 3522.655237
-426.261145 60.435715 3484.326489
-423.915977 106.477654 3499.257678
-391.281709 104.331739 3490.780640
-364.879158 171.547375 3544.087744
-361.512685 233.355208 3446.234705
-456.392528 108.613180 3507.734717
-475.159904 171.633113 3605.415088
-483.830669 226.214034 3435.589624
-421.375505 152.801354 3501.674194
-397.538905 197.807791 3498.547632
-402.466168 289.939258 3525.342969
-404.906058 377.429347 3508.577002
-440.070831 200.310571 3509.633789
-444.319879 292.501700 3516.419800
-439.166603 372.879779 3519.623572
-427.300665 60.949702 3484.924792
-425.025407 106.756801 3499.997766
-392.397211 104.645350 3491.386243
-367.732153 170.998574 3547.492542
-362.021214 232.966177 3454.364722
-457.493430 108.857934 3508.609290
-476.697321 172.567278 3605.845496
-485.117154 223.741734 3417.145825
-422.534665 153.083871 3502.733508
-398.755762 198.110224 3499.838013
-401.732713 290.440558 3516.220740
-404.898582 377.620055 3509.634912
-441.271544 200.563081 3511.100488
-444.815915 292.740067 3518.515405
-440.143864 372.916243 3521.442065
-428.468353 60.677924 3498.568408
-426.089143 106.128667 3506.583313
-393.516046 103.985226 3500.882166
-369.536293 170.359402 3556.258203
-362.228662 232.778997 3459.194104
-458.556464 108.265141 3512.284460
-478.892456 171.832524 3599.242822
-485.199838 222.529668 3413.749451
-423.446158 152.197611 3504.473950
-399.477179 197.017570 3498.635791
-400.002133 289.552298 3500.109229
-404.436729 376.678099 3507.947534
-442.077470 199.623775 3506.093384
-444.634087 291.913223 3517.655151
-440.285017 371.856964 3514.041467
-430.208093 60.537737 3506.538672
-427.721983 105.756306 3510.128491
-395.174541 103.693375 3505.249695
-370.511729 169.486374 3555.479651
-362.760320 232.487321 3468.734949
-460.179056 107.813518 3515.007288
-479.871858 171.394536 3605.707080
-485.824252 221.872247 3420.872095
-425.175475 151.698750 3505.511926
-401.289040 196.494440 3497.705066
-399.913693 289.117644 3492.049963
-405.518083 377.435840 3510.249500
-443.916635 199.027999 3504.085657
-445.386037 291.243291 3525.226453
-441.586243 372.746803 3515.853503
-431.470995 60.449104 3509.943469
-428.915607 105.593903 3512.398730
-396.382448 103.609181 3508.801331
-371.030577 169.066021 3559.695569
-363.306436 232.135509 3468.512024
-461.382225 107.574554 3515.996130
-478.766850 172.657893 3605.471802
-486.135968 221.726584 3416.454309
-426.404404 151.479949 3506.911243
-402.548221 196.270129 3499.071252
-398.691643 288.806805 3490.538342
-404.969826 378.009296 3511.268384
-445.193750 198.747852 3503.776257
-444.715858 290.930136 3528.094714
-441.112668 373.123059 3519.822913
-431.898524 59.103641 3497.842358
-429.592628 104.961891 3508.952380
-397.033990 103.040481 3503.117310
-371.283578 168.744338 3561.758887
-363.625136 232.079076 3473.896191
-462.043138 106.876914 3514.787451
-478.836269 173.503477 3605.374097
-487.907469 219.276920 3407.059460
-427.241916 151.086549 3509.158740
-403.608202 196.050521 3505.548987
-398.501146 288.372888 3484.641785
-403.576300 377.171082 3519.779114
-446.128511 198.358575 3513.181213
-444.911374 290.261993 3540.192456
-440.441507 372.481378 3527.796826
-432.172162 59.136543 3491.779028
-429.968744 105.173884 3507.235803
-397.396033 103.321471 3500.304358
-371.630109 167.967313 3563.358667
-365.554846 231.343234 3478.856409
-462.412971 107.019015 3514.167249
-479.403723 174.332286 3600.709521
-490.003601 217.576434 3387.441797
-427.738338 151.418322 3510.234619
-404.256831 196.494721 3508.700818
-397.627380 288.600305 3475.953052
-401.627217 377.652061 3510.093958
-446.711794 198.670063 3517.766052
-444.799701 290.591046 3534.535388
-440.019978 373.911824 3522.715320
-432.138751 59.918025 3488.155518
-430.196091 105.834042 3505.174451
-397.602638 104.036764 3497.942310
-371.803970 167.262337 3564.145923
-366.269666 230.522462 3484.895874
-462.655339 107.623933 3512.406592
-479.245689 174.870857 3594.907861
-491.493639 216.146181 3364.881189
-428.027206 152.167517 3510.083008
-404.619716 197.325109 3510.262415
-396.694655 289.282346 3471.885937
-400.033052 377.863124 3501.313416
-447.051936 199.415257 3519.720715
-444.393579 291.360754 3529.060815
-439.832008 374.381082 3520.536890
