275.9708557128906 36.3782958984375 3712.572509765625
272.7135009765625 69.51577758789062 3722.54052734375
295.56060791015625 69.50169372558594 3715.876220703125
304.7374267578125 112.70813751220703 3796.668212890625
299.3288879394531 160.86651611328125 3628.92919921875
249.94808959960938 69.52980041503906 3729.204833984375
245.79901123046875 115.97757720947266 3797.171142578125
244.09637451171875 157.97091674804688 3659.09814453125
272.81512451171875 106.53084564208984 3743.25634765625
288.2755126953125 143.21780395507812 3759.439453125
298.11529541015625 228.1734619140625 3771.40625
291.4864501953125 295.2862243652344 3890.126220703125
257.5926513671875 143.05938720703125 3768.5048828125
260.58355712890625 222.11767578125 3858.799560546875
269.90740966796875 285.0556640625 3866.670654296875
275.72900390625 35.404327392578125 3707.0732421875
272.7158508300781 69.50149536132812 3722.68115234375
295.4784240722656 69.36601257324219 3711.839599609375
304.71673583984375 110.89054107666016 3794.695556640625
299.2584228515625 160.82212829589844 3661.7119140625
250.0854949951172 69.63618469238281 3733.522705078125
245.5548095703125 114.87078857421875 3801.84130859375
243.65728759765625 160.04867553710938 3639.703857421875
272.74310302734375 106.37504577636719 3740.9921875
287.6116027832031 142.94081115722656 3752.15771484375
299.2261962890625 228.44898986816406 3777.14404296875
281.9649963378906 268.6444091796875 3804.5419921875
257.98486328125 142.83816528320312 3766.44873046875
257.6302032470703 203.3477325439453 3792.42578125
282.5310974121094 273.67889404296875 3815.2421875
276.1845703125 37.403411865234375 3706.3076171875
272.73060607910156 69.3602294921875 3716.0654296875
295.154541015625 69.60372924804688 3709.60546875
304.5648193359375 111.17736053466797 3794.7470703125
299.2103576660156 161.14138793945312 3660.3974609375
250.3844757080078 69.11750793457031 3722.525390625
245.34292602539062 116.61881256103516 3789.921630859375
242.78692626953125 158.9907989501953 3614.99365234375
272.3647766113281 105.4430923461914 3733.76513671875
286.6453552246094 141.42620849609375 3747.20361328125
295.5289611816406 229.36436462402344 3766.988037109375
278.4080505371094 269.09307861328125 3772.765625
257.39268493652344 140.94532775878906 3755.72607421875
257.92413330078125 209.41905212402344 3799.002197265625
279.09576416015625 275.98828125 3804.2255859375
276.82630920410156 40.858001708984375 3722.144287109375
272.4475555419922 69.1029052734375 3717.13623046875
294.7976989746094 69.33247375488281 3712.23974609375
304.2172546386719 113.76826477050781 3782.35205078125
303.32379150390625 143.9763641357422 3663.875732421875
250.15623474121094 68.87396240234375 3722.03271484375
244.29971313476562 117.2008056640625 3779.1328125
242.65386962890625 154.91995239257812 3625.423828125
272.07330322265625 104.5235366821289 3730.067626953125
286.3061828613281 139.9102783203125 3739.775634765625
296.2322998046875 227.28736877441406 3762.313232421875
277.3316955566406 268.9361267089844 3763.471435546875
257.1221923828125 139.48892211914062 3746.222412109375
254.10372924804688 215.0673828125 3805.462646484375
280.03289794921875 276.997802734375 3810.434326171875
276.6929473876953 39.42030334472656 3719.233154296875
271.843017578125 68.85629272460938 3715.861572265625
293.7203369140625 68.93281555175781 3709.53857421875
303.8733215332031 115.97178649902344 3771.688720703125
299.3979797363281 159.07809448242188 3628.702392578125
250.0400390625 68.780029296875 3722.1845703125
243.95643615722656 117.99165344238281 3775.477294921875
241.1988525390625 152.79647827148438 3641.450439453125
271.6286315917969 104.37527465820312 3729.07568359375
285.88189697265625 139.7738037109375 3738.076416015625
295.0428161621094 224.86068725585938 3768.556396484375
276.8316955566406 268.2846374511719 3776.98876953125
256.98211669921875 139.5133056640625 3746.503173828125
252.53860473632812 218.68190002441406 3809.3134765625
280.0002746582031 277.82452392578125 3806.2275390625
276.6886291503906 38.96759033203125 3718.66015625
272.30029296875 69.06617736816406 3716.052490234375
294.107666015625 69.7415771484375 3709.515380859375
303.21875 117.69912719726562 3768.2041015625
290.40399169921875 142.9039306640625 3612.84033203125
250.56954956054688 68.3931884765625 3722.589599609375
244.50558471679688 118.22807312011719 3776.583984375
242.67471313476562 154.3526611328125 3618.566162109375
271.1011199951172 105.4559555053711 3730.109130859375
284.776611328125 142.12008666992188 3739.672607421875
295.19158935546875 226.87901306152344 3769.349609375
287.1563720703125 294.2247314453125 3830.66943359375
255.0809326171875 141.02621459960938 3748.658935546875
259.07598876953125 232.43528747558594 3782.599853515625
275.59271240234375 306.17279052734375 3890.6640625
277.6385803222656 38.46476745605469 3721.600830078125
272.3945617675781 69.17863464355469 3716.630859375
294.2030029296875 69.91905212402344 3709.1337890625
302.9181213378906 119.35549926757812 3765.76416015625
290.13629150390625 145.12091064453125 3610.581298828125
250.67391967773438 68.44117736816406 3724.1279296875
244.91946411132812 118.38748168945312 3777.25146484375
241.09033203125 154.55189514160156 3611.634033203125
271.0162658691406 105.19679260253906 3729.34033203125
283.8290710449219 141.54627990722656 3737.136474609375
295.66314697265625 226.42776489257812 3769.63525390625
287.2648010253906 295.1188659667969 3830.078125
255.5028076171875 140.39578247070312 3746.963134765625
258.6509704589844 231.8844757080078 3776.842529296875
274.9471435546875 306.5029296875 3892.076416015625
278.10838317871094 37.674041748046875 3724.17236328125
272.32769775390625 69.22819519042969 3716.299560546875
294.0473937988281 69.92660522460938 3706.0400390625
302.80340576171875 119.486572265625 3763.26953125
290.4494934082031 144.49844360351562 3613.3134765625
250.7275848388672 68.53361511230469 3726.55908203125
245.40420532226562 118.53524780273438 3779.1640625
241.8084716796875 156.50828552246094 3621.398681640625
270.7704162597656 105.5552978515625 3726.7333984375
283.18682861328125 142.25778198242188 3730.524658203125
295.02105712890625 226.8104705810547 3771.908203125
287.2908630371094 297.1581726074219 3830.105224609375
255.3063507080078 141.10333251953125 3743.809814453125
258.5693359375 229.24058532714844 3774.383544921875
274.47129821777344 306.05419921875 3891.247802734375
277.7727355957031 38.079498291015625 3722.71044921875
272.24969482421875 69.22398376464844 3715.635986328125
293.95343017578125 69.87004089355469 3705.74658203125
302.8836669921875 119.32186889648438 3762.801513671875
303.22247314453125 147.90696716308594 3641.364990234375
250.66119384765625 68.58137512207031 3725.525390625
245.322021484375 118.74540710449219 3776.781982421875
243.48348999023438 158.43475341796875 3628.384521484375
270.7993469238281 106.11308288574219 3726.9580078125
283.14727783203125 143.31411743164062 3731.9501953125
295.33062744140625 229.45362854003906 3778.680419921875
287.533203125 299.7240905761719 3826.189453125
255.61489868164062 142.24514770507812 3744.60986328125
256.7665710449219 230.99363708496094 3796.5224609375
274.2928009033203 305.8551025390625 3896.7392578125
276.1611328125 34.946746826171875 3705.814208984375
272.4278564453125 69.06953430175781 3713.158447265625
293.99139404296875 69.49884033203125 3702.806640625
302.9683837890625 118.64089965820312 3761.01708984375
290.18292236328125 142.45611572265625 3609.110107421875
250.98423767089844 68.64262390136719 3723.51025390625
245.36228942871094 118.31365966796875 3776.587646484375
242.81817626953125 159.02859497070312 3631.957275390625
271.3310241699219 106.33023071289062 3725.882568359375
284.5888671875 143.76119995117188 3731.66357421875
298.438720703125 227.79171752929688 3829.657958984375
287.8095703125 300.63543701171875 3840.546630859375
255.9476318359375 142.9149627685547 3745.5498046875
256.2528381347656 225.93124389648438 3826.180908203125
278.2766418457031 288.5472412109375 3868.546142578125
276.4922790527344 36.03239440917969 3711.408935546875
272.3274230957031 69.18898010253906 3712.24072265625
294.0074157714844 69.23551940917969 3703.861328125
303.28985595703125 117.73922729492188 3767.29150390625
290.36639404296875 142.243408203125 3606.6708984375
250.74510192871094 69.14265441894531 3720.6201171875
246.4845428466797 115.07701110839844 3783.334716796875
243.37127685546875 157.46920776367188 3627.225830078125
272.0418701171875 107.21996307373047 3727.02001953125
287.93414306640625 145.11312866210938 3735.49365234375
299.0709533691406 226.68775939941406 3835.840576171875
288.82720947265625 300.7632141113281 3850.37109375
255.63742065429688 144.78843688964844 3748.10498046875
257.16143798828125 226.53268432617188 3862.77099609375
277.5782165527344 289.08050537109375 3873.73876953125
274.685546875 34.55992126464844 3692.447265625
272.44793701171875 69.05853271484375 3712.909912109375
294.2099914550781 68.60215759277344 3701.05029296875
304.3979797363281 112.28358459472656 3755.94140625
290.3702697753906 143.7012481689453 3599.293212890625
250.824462890625 69.51200866699219 3724.76953125
246.6195068359375 115.19540405273438 3787.060546875
243.72047424316406 160.1280059814453 3632.91162109375
272.6317443847656 107.11558532714844 3721.73583984375
290.4137878417969 144.82025146484375 3720.919677734375
299.3740234375 225.1231231689453 3843.957763671875
289.68170166015625 298.21954345703125 3862.453857421875
255.30633544921875 145.16397094726562 3740.203857421875
254.92233276367188 229.48724365234375 3863.625732421875
277.0747833251953 289.7875671386719 3876.34814453125
274.5641174316406 34.451812744140625 3694.668212890625
272.5089111328125 68.94297790527344 3712.666015625
294.4134826660156 68.50590515136719 3702.4716796875
304.2384033203125 110.92427825927734 3752.70947265625
289.6301574707031 144.1029815673828 3594.458740234375
250.7243194580078 69.37765502929688 3722.8603515625
246.56671142578125 114.89232635498047 3784.662109375
243.61968994140625 160.06298828125 3646.569091796875
272.78741455078125 106.74089050292969 3722.196533203125
290.5224609375 144.16287231445312 3723.556396484375
298.620849609375 218.5963897705078 3840.784912109375
289.76104736328125 298.04913330078125 3861.97119140625
255.6828155517578 144.52780151367188 3739.897705078125
254.81695556640625 231.1632080078125 3867.478515625
276.52757263183594 291.13623046875 3887.033935546875
275.3507995605469 35.43141174316406 3703.1689453125
272.4054870605469 68.75544738769531 3712.46240234375
294.4536437988281 68.29988098144531 3703.964599609375
304.1905212402344 110.49993133544922 3753.6328125
303.06829833984375 145.59765625 3622.4716796875
250.45803833007812 69.20893859863281 3720.960205078125
246.46029663085938 114.57353210449219 3782.728271484375
244.32220458984375 159.69973754882812 3629.149169921875
272.84246826171875 106.8328857421875 3722.730712890625
290.471923828125 144.48147583007812 3726.332275390625
296.80218505859375 216.06976318359375 3832.57958984375
289.77532958984375 297.91119384765625 3869.118408203125
256.1435241699219 144.91946411132812 3739.665771484375
257.80116271972656 233.3590545654297 3851.25341796875
276.20191955566406 291.640380859375 3896.171630859375
274.5875549316406 35.185943603515625 3697.624755859375
272.25865173339844 68.4482421875 3711.971435546875
294.3490905761719 67.9517822265625 3704.72509765625
303.8320617675781 109.99319458007812 3754.29931640625
303.2041015625 147.12449645996094 3623.888671875
250.25430297851562 68.94276428222656 3719.2177734375
246.16949462890625 113.2885513305664 3783.236328125
242.667724609375 158.15029907226562 3626.652099609375
272.88128662109375 106.53582763671875 3723.71533203125
290.9663391113281 144.10885620117188 3729.691650390625
298.9437561035156 216.70654296875 3803.177734375
290.3154296875 298.18359375 3870.77099609375
256.0874938964844 144.6581573486328 3741.226806640625
262.0645446777344 229.53463745117188 3836.632568359375
275.9265441894531 292.7599792480469 3904.9990234375
274.66978454589844 35.91009521484375 3700.405517578125
272.1382598876953 68.30520629882812 3710.75537109375
294.2584533691406 67.70622253417969 3703.522705078125
303.8403625488281 109.4361801147461 3756.57763671875
290.14886474609375 145.39804077148438 3591.868896484375
250.1041259765625 68.90185546875 3717.988037109375
245.87319946289062 112.9528579711914 3779.279052734375
243.30401611328125 157.9290771484375 3618.9736328125
272.8871154785156 106.18853759765625 3720.788818359375
291.3125305175781 143.50735473632812 3725.008544921875
301.1236572265625 222.00254821777344 3809.5537109375
290.9710998535156 299.5227355957031 3870.014892578125
256.0064239501953 144.22772216796875 3736.635986328125
258.9263916015625 223.53323364257812 3833.118408203125
275.1210632324219 292.6662292480469 3908.9384765625
274.72381591796875 36.377532958984375 3700.58740234375
272.2123718261719 68.30418395996094 3710.933837890625
294.4189147949219 67.73374938964844 3703.7529296875
303.91571044921875 110.59708404541016 3761.19921875
303.24188232421875 148.5115966796875 3624.4912109375
250.09158325195312 68.87245178222656 3718.11474609375
245.73617553710938 112.74781799316406 3777.93017578125
242.62481689453125 156.52597045898438 3626.224365234375
272.90740966796875 105.90025329589844 3720.83154296875
290.9530029296875 142.9646759033203 3725.085693359375
289.34130859375 220.62716674804688 3702.59716796875
291.1318359375 300.35205078125 3871.376708984375
256.29693603515625 143.6279754638672 3736.372802734375
260.62562561035156 222.1529083251953 3829.97119140625
273.76763916015625 292.6972351074219 3915.32470703125
274.8661346435547 36.79249572753906 3699.717529296875
272.2913513183594 68.30119323730469 3710.658203125
294.4825134277344 67.79254150390625 3703.296142578125
303.7317810058594 111.50096130371094 3762.68994140625
291.15802001953125 146.67803955078125 3577.462890625
250.18807983398438 68.80783081054688 3718.020263671875
245.23016357421875 112.60359191894531 3773.738037109375
244.00186157226562 158.140869140625 3618.984130859375
272.8741760253906 105.91281127929688 3720.626220703125
290.6256103515625 143.04525756835938 3724.86474609375
291.4850158691406 220.19378662109375 3735.74755859375
291.53277587890625 300.9981689453125 3869.74462890625
256.3348083496094 143.60073852539062 3736.32373046875
256.4670104980469 223.03598022460938 3840.291259765625
273.4523620605469 293.03070068359375 3919.140625
274.88232421875 37.162841796875 3698.93359375
272.42034912109375 68.38436889648438 3709.459228515625
294.7926940917969 67.84622192382812 3703.43212890625
303.4688415527344 111.53765869140625 3761.80224609375
299.2021484375 159.79600524902344 3607.402587890625
250.1205596923828 68.92076110839844 3715.486328125
245.25277709960938 113.53377532958984 3771.30126953125
243.9354705810547 157.93862915039062 3617.799072265625
273.12261962890625 105.99675750732422 3719.081298828125
290.8984375 143.09747314453125 3724.07763671875
292.8651123046875 223.50106811523438 3768.1982421875
291.8759765625 301.2105407714844 3869.10693359375
256.7864074707031 143.73175048828125 3733.3291015625
261.468505859375 221.0675048828125 3855.998779296875
273.4239196777344 293.93865966796875 3915.64892578125
275.11004638671875 37.33099365234375 3701.320556640625
272.41766357421875 68.40188598632812 3708.58447265625
294.8301696777344 67.74089050292969 3702.57080078125
303.8488464355469 113.19422149658203 3762.759521484375
292.4046630859375 151.88296508789062 3572.94287109375
250.07772827148438 69.06072998046875 3714.59814453125
245.28814697265625 113.49404907226562 3771.151123046875
243.2056884765625 159.813720703125 3618.802490234375
273.3617401123047 106.58609008789062 3719.372314453125
292.0635070800781 144.12364196777344 3725.365234375
297.0917663574219 227.2264404296875 3791.745849609375
291.8440246582031 299.2129211425781 3861.282470703125
256.58282470703125 144.97415161132812 3734.955078125
257.1238708496094 227.70399475097656 3858.5126953125
273.50331115722656 294.8951416015625 3915.81298828125
274.8339080810547 37.40382385253906 3701.347412109375
272.529541015625 68.5115966796875 3708.28466796875
295.09716796875 67.98956298828125 3702.4345703125
303.9670104980469 112.845458984375 3761.014892578125
293.1213684082031 155.4539337158203 3578.96923828125
250.03297424316406 69.03196716308594 3714.134765625
245.3280029296875 113.32931518554688 3771.29296875
244.34701538085938 159.9422607421875 3618.710693359375
273.252197265625 106.46989440917969 3719.38916015625
291.5397644042969 143.88894653320312 3725.910888671875
300.0500183105469 227.14356994628906 3817.237060546875
292.01544189453125 300.4611511230469 3869.255859375
256.44451904296875 144.51473999023438 3735.076416015625
256.79637145996094 228.90725708007812 3858.242431640625
273.50299072265625 295.3133544921875 3915.900390625
274.8614196777344 38.17213439941406 3701.63330078125
272.543212890625 68.58448791503906 3708.05224609375
295.1731872558594 68.12181091308594 3701.895263671875
304.0382385253906 112.8310775756836 3761.580810546875
293.5256652832031 157.28643798828125 3583.140869140625
249.98831176757812 69.04566955566406 3714.209228515625
245.381103515625 113.69886779785156 3770.583740234375
243.2737274169922 160.2587890625 3629.8662109375
273.1428527832031 106.51678466796875 3718.953857421875
291.20947265625 143.96728515625 3725.072998046875
300.975341796875 227.39404296875 3797.891845703125
291.6231384277344 301.8617858886719 3870.162109375
256.3132629394531 144.48672485351562 3734.637939453125
261.5608367919922 227.0131072998047 3840.04248046875
272.8609924316406 295.5859375 3916.822509765625
274.8939514160156 38.41517639160156 3702.337646484375
272.47906494140625 68.55693054199219 3707.27294921875
295.160888671875 67.96759033203125 3698.581298828125
303.9536437988281 112.37435913085938 3757.760009765625
291.34674072265625 154.76605224609375 3566.547607421875
249.9033203125 69.14349365234375 3715.964599609375
245.2354278564453 114.23390197753906 3767.114501953125
244.08331298828125 158.1404571533203 3627.494384765625
273.1484375 106.6717529296875 3718.676513671875
291.015869140625 144.2420654296875 3723.44482421875
301.16259765625 227.27154541015625 3789.203125
291.8279724121094 300.95733642578125 3879.107421875
256.67262268066406 144.8638916015625 3736.71533203125
260.49412536621094 224.9136962890625 3812.674072265625
273.3523254394531 295.8217468261719 3919.33203125
274.9681091308594 38.550445556640625 3702.12744140625
272.52239990234375 68.49696350097656 3706.66796875
295.31787109375 67.91395568847656 3697.614990234375
304.54705810546875 111.72249603271484 3754.224365234375
291.276611328125 155.93951416015625 3572.428955078125
249.8380126953125 69.07705688476562 3715.720947265625
245.23513793945312 113.97483825683594 3768.42626953125
244.07217407226562 157.96133422851562 3626.902099609375
273.17149353027344 106.61343383789062 3718.589599609375
290.96343994140625 144.18777465820312 3723.654541015625
301.3520202636719 226.45860290527344 3799.098388671875
291.0867919921875 280.322021484375 3910.67529296875
256.7323303222656 144.78372192382812 3737.367919921875
262.2611999511719 225.75611877441406 3815.709716796875
272.24378967285156 295.3445739746094 3922.9951171875
274.9350891113281 39.54829406738281 3702.773681640625
272.59938049316406 68.508544921875 3705.619140625
295.5154724121094 67.39250183105469 3694.189697265625
304.5824890136719 112.04387664794922 3754.2060546875
291.48455810546875 156.1416015625 3574.49951171875
249.82421875 69.61773681640625 3717.048583984375
245.27691650390625 114.3802261352539 3771.019775390625
244.1177978515625 158.70492553710938 3621.95263671875
274.21714782714844 108.04025268554688 3724.5341796875
293.1407165527344 146.51307678222656 3734.71875
301.4878845214844 225.69766235351562 3805.558349609375
288.82208251953125 287.57659912109375 3909.402587890625
258.5770263671875 147.8287353515625 3752.1796875
264.53094482421875 232.31884765625 3817.52587890625
281.4543151855469 280.779541015625 3864.8837890625
274.77442932128906 40.53466796875 3704.171142578125
272.62188720703125 68.67247009277344 3704.842041015625
295.7074279785156 67.72306823730469 3695.999755859375
304.5559997558594 112.11072540283203 3757.01904296875
291.3597106933594 156.67572021484375 3578.364501953125
249.6462860107422 69.61732482910156 3713.684326171875
245.27999877929688 114.36225891113281 3768.890625
244.2292022705078 160.60610961914062 3618.3564453125
274.1610107421875 109.74384307861328 3724.874267578125
292.2489013671875 149.83502197265625 3738.49072265625
298.28387451171875 230.505859375 3775.694580078125
288.9969482421875 290.8714904785156 3907.265380859375
259.1750793457031 150.914794921875 3751.322265625
264.242919921875 228.81170654296875 3819.49609375
280.3414611816406 278.7046813964844 3869.113525390625
