-290.219609 36.794540 3921.152197
-284.658884 69.123649 3931.791138
-262.948320 70.473111 3956.011633
-258.354858 114.125784 4030.996143
-256.129921 158.607614 3854.239050
-306.638580 67.757460 3907.570642
-313.876204 107.996832 3923.723364
-302.007179 60.398328 3842.337341
-286.487732 116.720479 3958.924512
-272.074809 164.244347 4004.352136
-275.071129 236.603872 4075.304553
-285.448370 302.927371 4167.932703
-304.658134 163.088988 3967.763635
-307.024319 238.938943 3990.862866
-294.066202 298.950330 4098.236133
-290.312968 36.611925 3921.533130
-284.449159 69.432564 3927.652661
-262.664479 70.761774 3950.540149
-257.534193 104.921478 3841.984863
-280.231135 84.191796 3731.318298
-306.489194 68.087748 3904.765173
-311.878070 107.763107 3869.955981
-279.655009 57.511004 3762.596301
-286.326714 117.281768 3954.842688
-272.302991 165.044360 3998.899622
-275.707961 240.773911 4056.572717
-285.568229 306.578595 4162.118994
-304.189371 163.905856 3965.165808
-307.358597 240.295022 3991.710864
-294.613568 302.358984 4094.987952
-290.247711 36.524911 3922.475464
-284.547533 69.756171 3925.586499
-262.824472 71.071779 3946.180444
-259.303954 103.977910 3839.996631
-282.241029 87.073160 3729.378259
-306.499704 68.426704 3904.992554
-309.832256 111.462484 3851.249011
-285.524458 62.545191 3792.498743
-286.540748 117.505856 3952.598364
-272.932260 165.195092 3994.542224
-276.632542 238.228507 4041.203394
-286.275220 307.666214 4161.681409
-304.198856 164.015140 3964.678235
-306.540976 240.015026 3986.767712
-295.274689 304.015375 4089.359839
-290.243706 36.502785 3922.843835
-284.604025 70.076028 3925.019458
-262.791916 71.262950 3942.984045
-259.957864 107.421332 3871.128772
-281.430794 94.901104 3750.848145
-306.616727 68.878244 3907.054871
-308.610759 106.137238 3827.313574
-283.647176 51.046717 3801.109717
-286.571397 119.034650 3953.602991
-272.560941 167.833983 3995.486865
-275.541206 240.190704 4059.607361
-297.422401 292.294070 4175.471887
-304.567035 166.743192 3968.886182
-305.866685 240.006390 3976.263098
-296.004510 304.550885 4077.291504
-290.232330 36.468707 3923.617493
-284.630766 70.248566 3923.434717
-262.774388 71.497588 3940.105005
-260.588512 110.062530 3903.620325
-283.363559 95.507911 3747.428723
-306.673636 68.988858 3906.764429
-308.482489 106.989979 3832.144189
-285.079903 43.178014 3806.652466
-286.806981 119.509782 3951.616040
-272.652889 168.695663 3992.383777
-274.813339 240.270076 4061.731201
-278.452018 300.014268 4086.476440
-305.355272 167.447122 3967.210950
-306.094290 240.752458 3973.690393
-296.509291 305.026730 4073.058948
-290.681964 37.438470 3923.867688
-284.725566 70.355656 3921.491345
-262.852718 71.590434 3938.094727
-261.522739 111.376263 3914.171851
-284.508728 97.946242 3751.291370
-306.784410 69.110399 3904.887964
-307.719406 108.784252 3851.321301
-286.722450 43.187675 3807.304102
-286.863906 118.993161 3949.790588
-273.126684 167.537709 3990.267114
-274.256841 238.594716 4049.126843
-282.614319 300.334030 4108.248303
-304.914290 166.335967 3965.912549
-305.691792 243.024772 3975.554041
-296.669252 307.744144 4071.692615
-290.794949 37.407211 3928.604224
-283.677569 69.548000 3924.269897
-263.429100 71.088794 3950.184082
-267.481604 112.916256 4130.840222
-281.731586 105.931247 3789.067273
-304.195235 67.986731 3898.355713
-307.812396 106.011868 3841.756201
-305.722490 56.685340 3913.491760
-285.321590 114.508359 3939.734839
-272.643565 159.789986 3973.601697
-273.286372 230.922134 4026.425977
-287.862108 297.120584 4096.456824
-301.395694 158.437944 3936.797864
-307.782404 241.370849 4008.662622
-297.967749 304.356285 4019.314124
-291.956461 39.662302 3933.761938
-280.628842 67.811918 3908.682935
-261.218262 69.481927 3937.302356
-267.641020 114.278696 4100.799353
-284.833825 109.208395 3780.908240
-300.325763 66.117252 3880.063513
-307.675827 105.963947 3844.158691
-293.121593 48.160419 3812.279297
-283.044262 115.452191 3935.787598
-273.966495 163.019614 3979.941687
-271.363364 238.130230 4020.057019
-281.702763 301.612115 4087.064246
-296.985809 161.856917 3945.842834
-305.515137 242.412117 3996.002380
-294.955664 300.459224 4058.639392
-292.554824 41.155078 3934.846545
-280.972252 67.943825 3910.043372
-261.900082 69.852654 3937.355420
-266.384308 113.792028 4083.053687
-283.858759 115.142667 3829.678894
-300.312753 66.008112 3882.731323
-307.804001 107.587453 3847.024658
-297.722232 53.922441 3852.725317
-284.078737 116.044450 3936.746082
-276.171181 164.212207 3979.293127
-273.970981 236.428722 4027.462390
-280.388981 306.060196 4089.348303
-298.203653 162.776003 3947.604456
-304.839468 242.551154 3962.743835
-298.994774 304.388969 4057.300745
-290.171512 44.698043 3944.878967
-281.221566 67.703931 3912.193359
-262.126630 69.718936 3939.764832
-265.698578 113.020413 4078.129248
-281.103518 120.118343 3884.436035
-300.587558 65.660376 3884.621887
-308.514148 106.882465 3844.925940
-259.594203 107.684753 3849.748608
-284.515329 116.107784 3937.875549
-276.191000 164.695839 3980.403625
-271.975827 240.363130 4026.474426
-281.849538 305.041823 4097.678064
-299.440594 163.065900 3946.711853
-306.561259 241.970286 3981.918640
-302.737994 310.391414 4041.254919
-291.234554 44.159777 3937.209045
-281.313835 67.507986 3900.367273
-261.948933 69.734830 3935.439990
-260.205881 124.112064 4015.900342
-279.962338 121.401083 3954.945483
-301.030174 65.240735 3865.294556
-309.660246 106.300043 3839.893579
-295.995859 156.588764 3819.099170
-284.761599 116.497649 3930.275098
-275.429471 165.638573 3983.442627
-272.476602 239.251447 4022.857361
-282.979422 306.148091 4107.419531
-301.035461 163.845598 3936.923218
-306.258032 241.119516 3990.768787
-302.748312 309.951041 4041.791968
-290.706541 40.101297 3922.985852
-281.567091 67.425522 3900.945337
-261.778093 69.441936 3930.979028
-261.551193 120.756705 4048.435217
-277.247008 127.160326 3983.929175
-301.663193 65.377817 3870.911646
-309.933609 106.723698 3843.633691
-264.315166 134.395354 3852.773254
-284.830220 115.905149 3931.425330
-274.733679 164.498499 3982.317773
-273.685329 238.702462 4022.406445
-282.085281 305.844031 4113.527271
-301.490479 162.770348 3941.492871
-307.000832 241.436890 3996.662219
-302.849570 311.232907 4042.938354
-290.482013 38.476806 3916.892212
-281.928397 67.705710 3898.968384
-261.750696 69.654272 3928.451184
-261.320929 119.659954 4038.088257
-277.680235 126.278313 3952.186157
-302.413554 65.727443 3869.485583
-310.564160 106.501396 3850.238745
-256.646317 105.787115 3856.411340
-284.926575 115.701041 3927.783655
-273.603026 163.868156 3977.676343
-274.248157 238.202055 4028.560327
-281.185533 307.556786 4118.338660
-302.312137 162.117126 3935.521509
-307.114522 240.222924 3994.815491
-302.981717 309.991031 4046.068359
-289.991492 38.235663 3920.142444
-281.730849 67.966463 3899.273950
-261.755358 69.899389 3929.005920
-261.472559 119.192632 4039.233362
-276.525597 129.314095 3968.251978
-302.013300 66.003866 3869.541980
-311.023247 106.285535 3850.272327
-258.588327 107.148522 3853.248779
-284.758827 116.689942 3928.679846
-273.048802 165.570818 3980.189832
-274.851888 245.627966 4033.592944
-282.391601 283.580942 4034.387109
-302.599919 163.798174 3935.981653
-307.672655 243.941375 4017.303589
-303.006230 310.863254 4051.120972
-290.484897 39.726981 3921.500061
-283.747408 70.855245 3915.318494
-262.425467 72.182918 3936.786072
-262.766089 120.981626 4056.233057
-267.095064 116.186860 3797.620569
-305.304451 69.512929 3893.850916
-312.244743 97.882187 3834.346216
-293.561293 48.449194 3766.729651
-285.620476 119.527991 3938.667920
-272.661397 168.182199 3977.066748
-274.132288 249.780286 4039.266943
-289.030893 329.359666 4154.921521
-302.394489 167.067696 3946.967944
-308.013373 244.810858 4005.644897
-302.823230 312.378236 4050.864368
-290.930285 40.378489 3923.578271
-284.477550 71.771832 3920.859705
-262.480694 72.961366 3939.267773
-262.990313 121.389788 4058.457642
-282.381812 91.136222 3744.277954
-306.681903 70.571036 3902.451636
-312.615550 95.016989 3830.229529
-292.110269 45.014761 3791.107031
-286.163452 120.656129 3942.363171
-272.691053 169.515688 3976.647620
-276.079168 250.884119 4063.159570
-289.301019 329.322945 4155.578284
-303.069035 168.501128 3951.085657
-307.853091 243.344838 4010.143286
-302.450084 314.632013 4045.898914
-293.971257 43.761156 3935.887830
-284.402007 73.300786 3914.705566
-262.215326 74.936765 3937.734558
-262.258296 121.439014 4069.550061
-280.144313 95.239467 3768.511523
-306.851285 71.645469 3891.676575
-301.119960 120.740996 3806.840625
-294.528653 47.926550 3781.669849
-286.897584 121.309182 3941.069897
-275.155115 169.368896 3982.325977
-275.460793 249.244247 4062.025232
-289.543412 327.617271 4162.625024
-303.671869 167.984924 3952.542480
-307.225232 242.429741 4000.228271
-302.178452 315.534805 4037.891382
-293.746536 43.460669 3934.275146
-284.641244 73.059483 3919.021179
-262.282777 74.344826 3937.153418
-262.001836 119.886942 4064.449512
-279.323744 93.488837 3767.973193
-307.207576 71.762203 3900.888940
-304.502307 116.270213 3826.377393
-293.460196 45.846977 3764.389197
-286.541693 119.987878 3941.777930
-272.575841 166.983357 3977.505872
-274.893704 248.969442 4056.707556
-288.752563 329.578812 4161.044128
-304.368814 165.767709 3951.563489
-307.263428 240.229733 3998.170569
-302.221999 314.565715 4030.662891
-290.504315 42.554897 3945.541370
-283.259770 70.560333 3911.738599
-261.979614 72.100374 3931.757556
-261.583173 117.603445 4059.200537
-279.178539 90.349203 3761.097949
-304.758847 69.004463 3891.719641
-305.460791 112.496431 3860.435229
-295.464001 50.761034 3811.281848
-285.779331 118.418246 3937.620740
-271.973760 166.458517 3978.995251
-273.968161 243.012035 4043.647925
-288.073947 328.360071 4162.261011
-304.686044 164.837343 3948.010510
-307.361449 238.603928 3993.852649
-302.369046 313.897705 4019.129297
-291.130989 41.273222 3935.901929
-282.875986 67.775581 3921.440845
-262.274879 69.439533 3944.336023
-263.176117 101.827970 3796.445471
-277.007643 90.565288 3829.916016
-303.719069 66.092065 3898.545667
-314.914636 97.227331 3884.850806
-287.538293 122.263965 3762.445312
-285.361084 116.619703 3943.271924
-271.736334 165.783522 3983.127063
-273.181975 241.869381 4029.330396
-288.466095 322.980551 4154.202466
-304.048123 164.060545 3947.078943
-307.309698 237.792780 3995.513782
-302.256253 317.114708 4028.148633
-291.315367 41.377780 3936.441541
-283.000122 67.327197 3922.856396
-262.436618 68.926982 3947.032031
-261.247037 99.439787 3816.376758
-279.444292 88.907952 3831.466406
-303.818628 65.707576 3898.680762
-312.826236 100.265515 3864.304541
-285.581735 120.001217 3766.841675
-285.010112 116.380450 3939.503870
-271.458806 165.776921 3974.531726
-272.991893 240.739881 4016.068506
-281.773851 301.804440 4139.101025
-302.692653 164.257709 3937.770959
-306.983240 238.243407 4001.603320
-302.978513 314.622913 4035.566565
-289.358922 44.762947 3923.135559
-283.719914 69.313795 3922.709509
-262.869429 70.732230 3948.470654
-262.905446 102.302454 3817.896643
-283.011882 89.641972 3841.199927
-304.846069 67.876614 3896.948364
-310.930032 103.431040 3826.828308
-275.646597 116.781915 3775.623120
-285.511945 119.515021 3945.890515
-271.653630 169.704311 3988.556250
-268.741713 241.919032 4027.203992
-279.123665 299.769168 4148.707141
-303.066696 168.549738 3949.586792
-306.565073 242.760782 4007.421387
-302.821083 318.458867 4036.643994
-289.514397 46.589248 3919.998376
-284.003403 70.285721 3921.734106
-262.800407 71.610878 3945.587000
-261.120770 115.313403 3901.200146
-283.417360 88.119250 3818.059937
-305.465886 68.944334 3897.881213
-309.537968 104.436292 3858.904834
-274.767036 111.729510 3771.674084
-285.796250 120.905395 3946.624182
-271.905171 171.419630 3989.310168
-270.224620 239.702570 4023.134216
-276.660196 299.607701 4159.550647
-303.369122 170.356796 3953.718347
-306.546423 249.171476 4011.385547
-302.273557 321.123793 4033.760852
-289.924585 44.711069 3926.953857
-284.172688 71.395898 3923.762073
-262.738499 72.705819 3946.866174
-261.199725 115.784874 3909.484790
-283.178796 89.741467 3816.722314
-305.860822 70.070469 3900.657971
-309.182254 104.360236 3849.438171
-275.577848 106.398873 3775.015576
-285.973338 121.033400 3948.708032
-272.346586 170.573570 3990.425793
-270.011884 238.480529 4058.638623
-276.534137 301.364163 4156.079700
-303.286707 169.517354 3956.882190
-301.999040 247.319733 3988.605469
-301.187572 318.324957 4045.037073
-289.890539 43.699265 3928.739832
-284.240556 72.259486 3921.011975
-262.641472 73.578907 3945.769519
-261.720222 116.875690 3939.106531
-280.475402 102.124116 3866.764197
-306.114125 70.923257 3896.254431
-302.948872 113.854064 3962.887390
-283.668388 98.803468 3740.640125
-286.034910 121.277828 3948.052808
-272.499882 170.130794 3992.827515
-270.816142 239.626627 4045.169604
-276.698424 304.197350 4156.113794
-303.246973 169.123251 3957.359766
-303.019977 247.747481 3988.332971
-267.662153 280.986127 4253.646387
-289.663751 44.510925 3926.319653
-284.522699 72.389406 3935.357446
-263.015996 73.621445 3954.045190
-263.067169 117.380903 3969.917212
-278.143872 111.024378 3918.697412
-306.234608 71.145607 3916.669702
-305.579865 108.400404 3895.996802
-279.899373 114.516066 3750.951196
-286.258173 122.451283 3954.635046
-272.504977 172.574588 3987.459851
-273.949832 246.503778 4052.233008
-277.309076 308.059259 4157.207629
-303.554526 171.476555 3960.365442
-311.338811 237.440479 4123.254895
-271.932232 285.255341 4246.922644
-290.040486 43.366637 3925.473706
-284.354102 72.579536 3929.766760
-262.857893 73.860345 3950.440430
-262.852462 118.270630 3983.345471
-276.986494 108.977931 3902.766431
-306.077692 71.285172 3909.093091
-308.882327 108.424765 3904.896680
-283.172964 78.591657 3839.979712
-286.179586 122.680578 3952.255371
-272.599553 172.757716 3989.673926
-270.843652 248.838689 4038.246423
-278.260382 309.936461 4152.478784
-303.485280 171.667566 3959.814038
-308.774341 243.486037 4068.032739
-274.265188 291.571555 4225.488135
-290.286356 42.480043 3918.487976
-284.145612 72.634266 3927.334790
-262.713954 73.838315 3951.383789
-261.310611 119.567284 4025.753320
-276.382219 115.026021 3943.530835
-305.841371 71.415365 3903.285791
-308.861403 107.972183 3863.774927
-305.482581 60.656934 3911.209497
-285.241802 116.552147 3943.798206
-269.188062 160.641749 3979.621252
-269.954814 231.031274 4037.858569
-275.210806 308.983264 4061.445117
-303.638095 159.562733 3940.901990
-301.860420 223.464581 3974.919324
-276.590133 284.522090 4229.681470
-290.315291 42.418840 3921.086829
-284.080788 72.187468 3925.437305
-262.514676 73.531194 3945.473181
-260.633340 117.448707 3967.069958
-278.109970 113.015959 3928.652161
-305.868192 70.829947 3905.401428
-308.845605 107.251750 3859.329346
-298.886403 58.233183 3837.419055
-285.761211 117.706240 3942.268835
-271.408562 163.493616 3974.078503
-270.506731 235.785674 4013.589111
-277.757620 306.919345 4101.959583
-303.567728 162.177351 3944.122229
-304.857733 231.645163 3975.143115
-277.912679 284.253662 4225.675525
-290.629060 41.648099 3921.770251
-284.063084 70.566502 3927.253528
-262.622823 71.893117 3946.075342
-260.432764 114.006054 4000.061902
-271.433171 90.033815 3752.805103
-305.709865 69.227149 3908.431714
-310.798141 103.213017 3861.489075
-276.215785 115.358544 3753.399829
-285.797420 117.237853 3943.659778
-272.276427 164.149818 3973.528381
-272.903373 238.393996 4028.893066
-277.857692 307.063028 4096.908508
-302.862291 162.890831 3946.603674
-305.815416 236.452563 3987.724146
-281.686020 287.553049 4216.190405
-290.692683 42.204549 3922.144006
-283.074415 74.318262 3919.419800
-260.413330 75.804181 3936.918860
-260.129233 119.528367 4036.228967
-268.274696 182.763446 4083.458716
-305.938751 72.819012 3901.920740
-308.489282 112.474945 3878.498511
-278.488179 105.934980 3772.044763
-285.384267 120.514937 3941.925330
-272.610287 166.902480 3976.163635
-273.677847 242.778214 4046.534399
-280.496679 300.001099 4146.083936
-302.814931 165.467493 3952.698083
-305.445058 239.321542 3996.022632
-283.293031 291.522977 4217.151196
-290.733202 42.216085 3923.883325
-283.477425 73.801689 3919.921985
-261.458588 75.230651 3939.635632
-260.204343 119.873619 4026.852283
-268.186015 183.107208 4090.132471
-305.718869 72.358292 3900.208337
-306.259186 113.965960 3868.504797
-279.244741 100.576000 3775.760010
-285.654634 121.097647 3943.662085
-272.814532 168.479466 3980.951440
-273.861713 244.451667 4049.497266
-281.559336 299.206325 4145.096997
-302.899814 167.171164 3953.852930
-305.485593 240.898320 3997.219006
-284.861815 293.676009 4203.059766
-290.842213 41.753089 3923.654407
-283.539942 73.661018 3920.354187
-261.720543 75.114253 3941.257288
-260.675590 119.992244 4022.747900
-268.017787 182.360019 4100.697327
-305.593259 72.192178 3899.451086
-306.435072 113.281744 3869.437134
-279.555002 96.978385 3775.658496
-285.742978 121.575952 3944.664148
-272.975198 169.552570 3983.428271
-274.726598 246.003772 4046.099377
-281.855562 301.540434 4136.194812
-302.972136 168.250516 3954.519946
-305.780264 242.034613 4000.333374
-286.164606 295.388283 4191.159338
