296.668670 39.106668 3991.015448
293.167014 74.729461 4001.731067
317.727654 74.714321 3994.566937
327.592734 121.161248 4081.418329
321.778555 172.931505 3901.098889
268.694196 74.744535 4008.895197
264.233937 124.675896 4081.958978
262.403603 169.818736 3933.530505
293.276259 114.520659 4024.000574
309.896176 153.959139 4041.397412
320.473943 245.286472 4054.261719
313.347934 317.432691 4181.885687
276.912100 153.788841 4051.142749
280.127324 238.776501 4148.209528
290.150465 306.434839 4156.670953
296.408679 38.059652 3985.103735
293.169540 74.714108 4001.882239
317.639306 74.568464 3990.227570
327.570491 119.207332 4079.297723
321.702805 172.883788 3936.340308
268.841907 74.858899 4013.536908
263.971420 123.486098 4086.979407
261.931584 172.052326 3912.681647
293.198836 114.353174 4021.566602
309.182473 153.661372 4033.569543
321.668161 245.582664 4060.429846
303.112371 288.792740 4089.882642
277.333728 153.551028 4048.932385
276.952468 218.598812 4076.857715
303.720930 294.204811 4101.385352
296.898413 40.208668 3984.280688
293.185402 74.562247 3994.770337
317.291132 74.824009 3987.825879
327.407181 119.515663 4079.353101
321.651134 173.226992 3934.927271
269.163311 74.301321 4001.714795
263.743645 125.365224 4074.165753
260.995946 170.915109 3886.118176
292.792135 113.351324 4013.797522
308.143757 152.033174 4028.243884
317.693633 246.566692 4049.512140
299.288654 289.275060 4055.723047
276.697136 151.516227 4037.405530
277.268443 225.125481 4083.927362
300.027946 296.687402 4089.542505
297.588282 43.922352 4001.305109
292.881122 74.285623 3995.921448
316.907526 74.532409 3990.657727
327.033549 122.300885 4066.028455
326.073076 154.774591 3938.666412
268.917952 74.039510 4001.185168
262.622192 125.990866 4062.567773
260.852910 166.538949 3897.330615
292.478801 112.362802 4009.822699
307.779147 150.403549 4020.258807
318.449722 244.333921 4044.486725
298.131573 289.106336 4045.731793
276.406357 149.950591 4027.189093
273.161509 231.197437 4090.872345
301.035365 297.772638 4096.216901
297.444918 42.376826 3998.175641
292.231244 74.020515 3994.551190
315.749362 74.102777 3987.753967
326.663821 124.669670 4054.565375
321.852828 171.008952 3900.855072
268.793042 73.938531 4001.348413
262.253169 126.841027 4058.638092
259.288766 164.256214 3914.559222
292.000779 112.203420 4008.756360
307.323039 150.256839 4018.432147
317.171027 241.725239 4051.198126
297.594073 288.405985 4060.262927
276.255775 149.976804 4027.490912
271.479000 235.083043 4095.011987
301.000295 298.661363 4091.694604
297.440276 41.890160 3997.559668
292.722815 74.246141 3994.756427
316.165741 74.972195 3987.729034
325.960156 126.526562 4050.819409
312.184291 153.621725 3883.803357
269.362266 73.522678 4001.783820
262.843504 127.095179 4059.827783
260.875317 165.929111 3889.958624
291.433704 113.365152 4009.867316
306.134857 152.779093 4020.148053
317.330959 243.894939 4052.050830
308.693100 316.291586 4117.969641
274.212003 151.603181 4029.808356
278.506688 249.867934 4066.294843
296.262166 329.135750 4182.463867
298.461474 41.349625 4000.720892
292.824154 74.367032 3995.378174
316.268228 75.162981 3987.318823
325.636980 128.307162 4048.196472
311.896513 156.004979 3881.374896
269.474464 73.574266 4003.437524
263.288424 127.266543 4060.545325
259.172107 166.143287 3882.506586
291.342486 113.086552 4009.040857
305.116251 152.162251 4017.421710
317.837883 243.409847 4052.357898
308.809661 317.252781 4117.333984
274.665518 150.925466 4027.985370
278.049793 249.275811 4060.105719
295.568179 329.490649 4183.982147
298.966512 40.499595 4003.485291
292.752275 74.420310 3995.022028
316.100948 75.171101 3983.993042
325.513661 128.448065 4045.514746
312.233205 155.335827 3884.311987
269.532154 73.673636 4006.051013
263.809521 127.425391 4062.601367
259.944107 168.246407 3893.003583
291.078197 113.471945 4006.238403
304.425841 152.927116 4010.314008
317.147636 243.821256 4054.801318
308.837678 319.445036 4117.363116
274.454327 151.686082 4024.595551
277.962036 246.433629 4057.462311
295.056646 329.008264 4183.091388
298.605691 40.935461 4001.913733
292.668422 74.415783 3994.308685
315.999937 75.110294 3983.677576
325.599942 128.271009 4045.011627
325.964159 158.999990 3914.467365
269.460783 73.724978 4004.939795
263.721173 127.651313 4060.040631
261.744752 170.317360 3900.513361
291.109298 114.071564 4006.479858
304.383324 154.062676 4011.846460
317.480424 246.662651 4062.081451
309.098193 322.203397 4113.153662
274.786016 152.913534 4025.455603
276.024064 248.318160 4081.261646
294.864761 328.794235 4188.994702
296.873218 37.567753 3983.750275
292.859946 74.249749 3991.645331
316.040749 74.711253 3980.517139
325.691013 127.538967 4043.093372
311.946642 153.140324 3879.793365
269.808055 73.790821 4002.773523
263.764461 127.187184 4059.831720
261.029539 170.955740 3904.354071
291.680851 114.304998 4005.323761
305.933032 154.543290 4011.538342
320.821625 244.876096 4116.882306
309.395288 323.183095 4128.587628
275.143704 153.633585 4026.466040
275.471801 242.876087 4113.144476
299.147390 310.188284 4158.687103
297.229200 38.734824 3989.764606
292.751980 74.378154 3990.658777
316.057972 74.428183 3981.650928
326.036595 126.569669 4049.838367
312.143874 152.911664 3877.171216
269.550985 74.328354 3999.666626
264.970884 123.707787 4067.084821
261.624123 169.279398 3899.267767
292.445010 115.261460 4006.546521
309.529204 155.996613 4015.655676
321.501275 243.689341 4123.528619
310.489250 323.320455 4139.148926
274.810227 155.647570 4029.212854
276.448546 243.522636 4152.478821
298.396583 310.761543 4164.269177
295.286963 37.151915 3969.380811
292.881532 74.237923 3991.378156
316.275741 73.747319 3978.629065
327.227828 120.704853 4037.637012
312.148040 154.478842 3869.240204
269.636298 74.725409 4004.127246
265.115970 123.835059 4071.090088
261.999510 172.137606 3905.379993
293.079125 115.149254 4000.866028
312.194822 155.681770 3999.988654
321.827075 242.007357 4132.254596
311.407829 320.586009 4152.137897
274.454311 156.051269 4020.719147
274.041508 246.698787 4153.397662
297.855392 311.521635 4167.074255
295.156426 37.035699 3971.768329
292.947079 74.113701 3991.115967
316.494494 73.643848 3980.157056
327.056284 119.243599 4034.162683
311.352419 154.910705 3864.043146
269.528643 74.580979 4002.074878
265.059215 123.509251 4068.511768
261.891167 172.067712 3920.061774
293.246471 114.746457 4001.361273
312.311646 154.975088 4002.823126
321.017413 234.991119 4128.843781
311.493126 320.402818 4151.619031
274.859027 155.367387 4020.390033
273.928227 248.500449 4157.539404
297.267141 312.971448 4178.561481
296.002110 38.088768 3980.906616
292.835899 73.912106 3990.897083
316.537667 73.422372 3981.761945
327.004810 118.787426 4035.155273
325.798421 156.517480 3894.157056
269.242391 74.399609 4000.032220
264.944819 123.166547 4066.432892
262.646370 171.677218 3901.335358
293.305653 114.845352 4001.935516
312.257318 155.317587 4005.807196
319.062349 232.274995 4120.023059
311.508479 320.254533 4159.302289
275.354288 155.788424 4020.140704
277.136250 250.860984 4140.097424
296.917064 313.513409 4188.384503
295.181622 37.824889 3974.946613
292.678051 73.581860 3990.369293
316.425272 73.048166 3982.579480
326.619466 118.242684 4035.871765
325.944409 158.158834 3895.680322
269.023376 74.113472 3998.159106
264.632207 121.785193 4066.979053
260.867804 170.011572 3898.651007
293.347383 114.526015 4002.993982
312.788815 154.917020 4009.418524
321.364538 232.959534 4088.416064
312.089087 320.547363 4161.078821
275.294056 155.507519 4021.818817
281.719386 246.749735 4124.380011
296.621035 314.716978 4197.873950
295.270018 38.603352 3977.935931
292.548629 73.428097 3989.062024
316.327837 72.784189 3981.286908
326.628390 117.643894 4038.320959
311.910030 156.302894 3861.259064
268.861935 74.069495 3996.837140
264.313689 121.424322 4062.724982
261.551817 169.773758 3890.396655
293.353649 114.152678 3999.847980
313.160970 154.270406 4004.384186
323.707932 238.652739 4095.270239
312.793932 321.986941 4160.266010
275.206906 155.044801 4016.883685
278.345871 240.298226 4120.602289
295.755143 314.616196 4202.108862
295.328102 39.105848 3978.131458
292.628300 73.426998 3989.253876
316.500333 72.813781 3981.534399
326.709389 118.891865 4043.289160
325.985023 159.649966 3896.328052
268.848452 74.037886 3996.973352
264.166389 121.203904 4061.274939
260.821678 168.265418 3898.191193
293.375465 113.842772 3999.893909
312.774478 153.687027 4004.467120
311.041907 237.174204 3980.291956
312.966724 322.878455 4161.729962
275.519206 154.400074 4016.600763
280.172548 238.814376 4117.219031
294.300212 314.649528 4208.974060
295.481095 39.551933 3977.196344
292.713203 73.423783 3988.957568
316.568702 72.876982 3981.043353
326.511665 119.863533 4044.891687
312.994872 157.678893 3845.772607
268.952186 73.968418 3996.871783
263.622426 121.048861 4056.768390
262.302001 170.001434 3890.407941
293.339739 113.856272 3999.673187
312.422531 153.773652 4004.229602
313.346392 236.708321 4015.928625
313.397734 323.573032 4159.975476
275.559919 154.370794 4016.548010
275.702036 239.763679 4128.313104
293.961289 315.008003 4213.076172
295.498499 39.950055 3976.353613
292.851875 73.513197 3987.668671
316.902146 72.934689 3981.189539
326.229005 119.902983 4043.937415
321.642310 171.780706 3877.957782
268.879602 74.089818 3994.147803
263.646735 122.048808 4054.148865
262.230631 169.784026 3889.134003
293.606816 113.946514 3998.012396
312.715820 153.829784 4003.383459
314.829996 240.263648 4050.813110
313.766675 323.801331 4159.289954
276.045388 154.511632 4013.328784
281.078644 237.647568 4145.198688
293.930714 315.984059 4209.322595
295.743300 40.130818 3978.919598
292.848988 73.532027 3986.728308
316.942432 72.821457 3980.263611
326.637510 121.683788 4044.966486
314.335013 163.274187 3840.913586
268.833558 74.240285 3993.193005
263.684758 122.006103 4053.987457
261.446115 171.799750 3890.212677
293.863871 114.580047 3998.325238
313.968270 154.932915 4004.767627
319.373649 244.268423 4076.126788
313.732327 321.653890 4150.878656
275.826537 155.847213 4015.076709
276.408161 244.781794 4147.901147
294.016059 317.012277 4209.498962
295.446451 40.209111 3978.948468
292.969257 73.649966 3986.406018
317.229456 73.088780 3980.117163
326.764536 121.308868 4043.091010
315.105471 167.112979 3847.391931
268.785447 74.209365 3992.694873
263.727603 121.829014 4054.139941
262.673042 171.937930 3890.113995
293.746112 114.455136 3998.343347
313.405247 154.680618 4005.354205
322.553770 244.179338 4103.529840
313.916600 322.995737 4159.450049
275.677858 155.353345 4015.207147
276.056099 246.075301 4147.610614
294.015715 317.461856 4209.592920
295.476026 41.035044 3979.255798
292.983954 73.728325 3986.156165
317.311176 73.230947 3979.537408
326.841106 121.293408 4043.699371
315.540090 169.082921 3851.876434
268.737435 74.224095 3992.774921
263.784686 122.226283 4053.377521
261.519257 172.278198 3902.106177
293.628567 114.505544 3997.875397
313.050183 154.764832 4004.453473
323.548492 244.448596 4082.733734
313.494874 324.501420 4160.424268
275.536758 155.323229 4014.735785
281.177900 244.039090 4128.045667
293.325567 317.754883 4210.584198
295.510998 41.296315 3980.012970
292.914995 73.698700 3985.318420
317.297955 73.065160 3975.974896
326.750167 120.802436 4039.592010
313.197746 166.373506 3834.038678
268.646069 74.329256 3994.661945
263.628085 122.801445 4049.648090
262.389561 170.000991 3899.556464
293.634570 114.672134 3997.577252
312.842059 155.060220 4002.703186
323.749792 244.316911 4073.393359
313.715070 323.529137 4170.040479
275.923069 155.728683 4016.968982
280.031185 241.782224 4098.624628
293.853750 318.008378 4213.281934
295.590717 41.441729 3979.787000
292.961580 73.634236 3984.668066
317.466711 73.007502 3974.936115
327.388087 120.101683 4035.791193
313.122357 167.634978 3840.361127
268.575864 74.257836 3994.400018
263.627773 122.522951 4051.058240
262.377587 169.808434 3898.919757
293.659356 114.609441 3997.483820
312.785698 155.001858 4002.928632
323.953422 243.442998 4084.030768
312.918301 301.346173 4203.975940
275.987255 155.642501 4017.670514
281.930790 242.687828 4101.887946
292.662074 317.495417 4217.219751
295.555221 42.514416 3980.481708
293.044334 73.646686 3983.540576
317.679133 72.446939 3971.253925
327.426176 120.447167 4035.771509
313.345900 167.852222 3842.586975
268.561035 74.839067 3995.827228
263.672685 122.958743 4053.846259
262.426633 170.607795 3893.599084
294.783434 116.143272 4003.874243
315.126270 157.501558 4014.822656
324.099476 242.624987 4090.975226
310.483739 309.144844 4202.607782
277.970303 158.915891 4033.593164
284.370766 249.742761 4103.840320
302.563389 301.838007 4154.750073
295.382512 43.574768 3981.983978
293.068529 73.822905 3982.705194
317.885485 72.802298 3973.199738
327.397700 120.519030 4038.795471
313.211689 168.426399 3846.741840
268.369757 74.838624 3992.210651
263.675999 122.939428 4051.557422
262.546392 172.651568 3889.733179
294.723087 117.974631 4004.239838
314.167569 161.072649 4018.877527
320.655165 247.793799 4058.871674
310.671719 312.686852 4200.310284
278.613210 162.233405 4032.671436
284.061139 245.972585 4105.958301
301.367071 299.607533 4159.297040
