274.76756286621094 38.07835388183594 3729.21728515625
271.8842468261719 70.67539978027344 3734.20361328125
294.3638000488281 69.80393981933594 3717.951904296875
302.94964599609375 112.9391860961914 3774.526611328125
289.5119323730469 152.4828338623047 3612.146728515625
249.5994873046875 71.539306640625 3750.455322265625
245.09136962890625 117.72683715820312 3806.9482421875
242.73275756835938 160.5420684814453 3660.211669921875
272.72657775878906 110.0312271118164 3749.259521484375
289.463134765625 148.69834899902344 3752.716064453125
295.3439636230469 223.35362243652344 3827.167236328125
295.2608642578125 281.22430419921875 3908.902587890625
257.7589569091797 149.44387817382812 3775.914794921875
258.1120300292969 229.3162841796875 3841.56396484375
270.17047119140625 288.8459777832031 4004.151611328125
274.6547546386719 38.08052062988281 3728.32080078125
271.69012451171875 70.51045227050781 3734.601318359375
294.2787170410156 69.40574645996094 3713.050048828125
303.1498718261719 113.2998046875 3769.638671875
290.079345703125 155.66366577148438 3589.93701171875
249.36077880859375 71.60246276855469 3756.152587890625
245.09725952148438 117.76860046386719 3810.788330078125
243.09268188476562 159.53781127929688 3676.47119140625
272.7997131347656 109.30974578857422 3754.240478515625
289.966064453125 147.2384033203125 3758.370849609375
295.2591857910156 222.5144805908203 3829.09375
301.8218994140625 294.6507873535156 3952.620849609375
257.9609069824219 148.16827392578125 3789.388427734375
257.8186340332031 229.28395080566406 3831.884521484375
258.4365539550781 285.7312316894531 3908.460693359375
274.15870666503906 38.16383361816406 3725.205810546875
271.72430419921875 70.39193725585938 3735.064208984375
294.3818054199219 69.35298156738281 3716.4482421875
302.7194519042969 112.66531372070312 3774.666748046875
290.6758728027344 153.27386474609375 3596.01806640625
249.29153442382812 71.42057800292969 3753.68017578125
244.57965087890625 117.76429748535156 3806.935302734375
240.90882873535156 163.78265380859375 3674.578857421875
272.80169677734375 109.27950286865234 3752.77099609375
289.909423828125 147.3410186767578 3757.160400390625
295.04522705078125 223.01226806640625 3825.2080078125
299.7889404296875 288.6560974121094 3934.449951171875
257.94140625 148.25938415527344 3783.795166015625
257.9551086425781 228.33779907226562 3830.443603515625
254.80816650390625 296.3034362792969 3959.201171875
274.0993957519531 38.94911193847656 3720.413330078125
271.5369873046875 69.95671081542969 3735.482421875
294.28424072265625 68.88925170898438 3717.972412109375
302.38153076171875 111.77601623535156 3778.08642578125
292.531982421875 153.83709716796875 3606.947509765625
249.00198364257812 71.01420593261719 3752.992431640625
244.3045196533203 117.94499206542969 3805.540771484375
239.86102294921875 160.28985595703125 3684.033203125
272.6780700683594 109.19375610351562 3752.021484375
289.7681579589844 147.59588623046875 3756.155517578125
294.82904052734375 223.37362670898438 3823.813232421875
297.90618896484375 288.3711242675781 3948.80908203125
257.9548797607422 148.57369995117188 3780.965576171875
258.3252258300781 228.00254821777344 3832.162841796875
257.16773986816406 288.5272216796875 3931.117919921875
272.42735290527344 39.828582763671875 3741.11083984375
271.3106994628906 69.68466186523438 3735.867919921875
294.051025390625 68.7640380859375 3720.160400390625
302.38006591796875 111.44064331054688 3781.8408203125
291.8040466308594 153.19723510742188 3607.591064453125
248.76080322265625 70.5975341796875 3751.575439453125
244.10275268554688 117.63529968261719 3804.44921875
241.74371337890625 163.84054565429688 3682.2666015625
272.284912109375 109.24931335449219 3751.702880859375
289.3897399902344 148.0643310546875 3756.2861328125
294.8521728515625 223.09852600097656 3821.223876953125
297.5304260253906 287.9919738769531 3947.551513671875
257.20819091796875 148.89598083496094 3778.78955078125
259.05352783203125 233.26055908203125 3850.374755859375
258.3252258300781 288.6349182128906 3929.72119140625
271.7357482910156 40.26411437988281 3748.102783203125
270.98439025878906 70.41053771972656 3736.539306640625
293.678466796875 69.4942626953125 3723.110107421875
302.172607421875 111.12294006347656 3794.317138671875
292.38037109375 154.05599975585938 3608.084716796875
248.45285034179688 71.32026672363281 3749.968505859375
243.7627716064453 116.68299865722656 3801.432861328125
240.80921936035156 162.43984985351562 3692.015625
272.0516357421875 109.55758666992188 3751.402099609375
289.3456115722656 147.9415283203125 3756.57470703125
295.11260986328125 222.59014892578125 3820.380615234375
297.6015625 288.29052734375 3948.03369140625
256.9585876464844 148.84744262695312 3775.955078125
259.20904541015625 232.9488983154297 3825.486572265625
259.4579315185547 289.412841796875 3934.226318359375
272.47142028808594 39.402618408203125 3737.222900390625
271.0909729003906 69.87022399902344 3736.751953125
293.6305847167969 69.11801147460938 3723.849365234375
302.1899108886719 109.80453491210938 3816.313232421875
292.6704406738281 153.03590393066406 3609.6611328125
248.70648193359375 70.61729431152344 3749.654541015625
243.75198364257812 116.99199676513672 3798.2841796875
242.74996948242188 160.32119750976562 3669.009765625
271.9161682128906 109.51296997070312 3751.59033203125
289.21246337890625 148.49356079101562 3756.9150390625
294.94476318359375 222.9849090576172 3817.248291015625
297.53741455078125 288.87835693359375 3947.248046875
256.3403015136719 149.19137573242188 3775.9423828125
257.0029296875 231.60166931152344 3843.8720703125
261.5213165283203 289.6087646484375 3938.71044921875
272.3300018310547 37.28424072265625 3732.429443359375
270.874755859375 69.37080383300781 3736.761474609375
293.4620361328125 68.52116394042969 3723.323486328125
302.15283203125 109.50509643554688 3814.83544921875
303.2178039550781 149.9513702392578 3676.8212890625
248.44931030273438 70.21435546875 3750.199462890625
243.7816162109375 117.05703735351562 3799.47509765625
242.72647094726562 160.3560333251953 3677.245849609375
271.87091064453125 109.14398956298828 3752.76123046875
289.091064453125 148.1744384765625 3759.01416015625
294.8674011230469 222.96324157714844 3817.5224609375
297.46820068359375 289.09173583984375 3947.760009765625
256.70989990234375 148.982421875 3778.5078125
258.1140441894531 231.80137634277344 3842.6689453125
262.5166931152344 290.0594787597656 3941.58251953125
272.4617614746094 38.28901672363281 3731.31787109375
270.8468017578125 69.15036010742188 3736.967529296875
293.27093505859375 68.25082397460938 3723.211669921875
302.3375549316406 110.3814697265625 3808.132080078125
292.6689453125 151.35641479492188 3615.211669921875
248.587158203125 70.04328918457031 3750.723388671875
243.87278747558594 116.50821685791016 3799.80322265625
241.98776245117188 160.3553466796875 3670.431396484375
271.9308166503906 109.05757141113281 3753.42041015625
288.8522033691406 148.18838500976562 3760.0595703125
294.86260986328125 222.94564819335938 3818.679443359375
294.8800048828125 280.935302734375 3912.61279296875
257.2408447265625 149.0422821044922 3779.68701171875
258.31341552734375 230.58224487304688 3838.667236328125
262.1016845703125 290.54840087890625 3940.30322265625
272.7355041503906 38.56268310546875 3730.81005859375
270.01953125 71.19894409179688 3736.01416015625
292.11614990234375 69.70332336425781 3719.55517578125
304.0751037597656 114.72738647460938 3811.469970703125
291.7943115234375 148.49188232421875 3612.824462890625
248.1167755126953 72.68145751953125 3752.47314453125
243.7088165283203 118.77275085449219 3806.0458984375
242.1274871826172 164.86026000976562 3663.380126953125
272.0211486816406 110.30115509033203 3753.346923828125
288.3679504394531 148.29615783691406 3759.873291015625
294.68048095703125 222.7790985107422 3818.529541015625
297.44842529296875 281.8041687011719 3925.57275390625
259.7228240966797 149.7873077392578 3781.486083984375
258.6534729003906 231.18264770507812 3839.0595703125
261.5525207519531 291.0013732910156 3940.872314453125
272.92291259765625 38.79408264160156 3731.150146484375
270.2342834472656 72.21653747558594 3744.7216796875
292.4905700683594 70.68539428710938 3723.422119140625
305.1690368652344 116.92143249511719 3821.376953125
291.13665771484375 149.2857666015625 3617.529541015625
248.22976684570312 73.73033142089844 3766.021240234375
243.87936401367188 119.42718505859375 3806.971435546875
241.7820281982422 163.1143798828125 3675.217041015625
271.79779052734375 110.65770721435547 3756.8427734375
287.89447021484375 148.13815307617188 3754.939208984375
294.1654357910156 222.60525512695312 3812.066162109375
298.1733703613281 284.1495056152344 3944.77783203125
258.91583251953125 149.559814453125 3782.988525390625
258.4610595703125 231.84759521484375 3842.642578125
262.17945861816406 292.4568176269531 3943.76220703125
273.0943908691406 38.85765075683594 3731.869384765625
270.5074462890625 70.94561767578125 3740.989990234375
292.9306640625 69.76213073730469 3722.946533203125
304.70001220703125 117.24911499023438 3818.289794921875
289.7564697265625 156.7216033935547 3620.76904296875
248.29949951171875 72.11775207519531 3759.033447265625
244.19052124023438 118.56437683105469 3808.276123046875
242.74075317382812 159.9358673095703 3660.400634765625
271.7596130371094 110.28128051757812 3755.30029296875
287.50677490234375 148.79872131347656 3757.836181640625
293.79534912109375 226.20594787597656 3812.7880859375
297.9932861328125 284.4207458496094 3944.7578125
258.5881042480469 149.8345947265625 3781.385009765625
257.9533996582031 231.46031188964844 3844.234375
263.0179443359375 292.2700500488281 3939.73583984375
273.1348114013672 38.813018798828125 3732.20751953125
270.7041473388672 71.08697509765625 3738.240234375
293.2933349609375 70.03334045410156 3721.94482421875
305.0728454589844 116.18441009521484 3826.302978515625
289.383056640625 156.75015258789062 3618.440673828125
248.31103515625 72.13150024414062 3754.53564453125
244.3672332763672 118.99334716796875 3810.4775390625
240.58187866210938 164.24766540527344 3659.2548828125
271.91725158691406 111.08728790283203 3754.696044921875
288.0965270996094 150.27133178710938 3760.241943359375
294.0867004394531 223.77651977539062 3812.113525390625
299.5861511230469 278.0756530761719 3936.18798828125
258.2294158935547 151.2029571533203 3782.061767578125
257.51373291015625 231.76229858398438 3847.5478515625
264.9196472167969 284.43133544921875 3970.54443359375
273.2538299560547 38.969512939453125 3732.921630859375
271.2313232421875 71.40737915039062 3737.440185546875
293.8376159667969 70.44761657714844 3722.85546875
303.77825927734375 117.79617309570312 3803.36767578125
289.5539855957031 155.6483612060547 3624.118408203125
248.80078125 72.35971069335938 3752.02490234375
244.7553253173828 118.89698791503906 3813.18212890625
243.30636596679688 163.24441528320312 3665.1484375
272.3646545410156 111.81893157958984 3753.250732421875
288.39312744140625 151.46669006347656 3759.354736328125
294.3587341308594 224.79444885253906 3811.957763671875
298.52392578125 279.5348205566406 3931.075927734375
258.66046142578125 152.31399536132812 3778.767822265625
257.8655700683594 231.63279724121094 3849.682861328125
265.2032165527344 285.20184326171875 3933.524169921875
273.32354736328125 39.29139709472656 3736.93310546875
271.2840576171875 71.80075073242188 3736.5986328125
293.9627685546875 71.02334594726562 3721.4599609375
303.3826599121094 119.83123779296875 3793.441162109375
288.3340148925781 155.64730834960938 3620.093017578125
248.78836059570312 72.57188415527344 3751.7373046875
245.3477325439453 119.20556640625 3808.96826171875
241.60516357421875 161.10684204101562 3658.944091796875
272.0733947753906 111.75215911865234 3752.62158203125
287.56719970703125 151.069580078125 3758.728759765625
294.16961669921875 226.29193115234375 3812.021484375
292.6400146484375 295.1642150878906 3926.974365234375
258.2220764160156 151.65655517578125 3778.560302734375
256.89146423339844 230.19406127929688 3824.59423828125
260.7158508300781 298.3743591308594 3892.454833984375
273.333740234375 39.15415954589844 3735.821533203125
271.3324737548828 69.90447998046875 3740.0458984375
293.65716552734375 69.29597473144531 3726.744873046875
303.37347412109375 120.1767578125 3795.94384765625
287.2086486816406 158.70867919921875 3616.1162109375
249.16600036621094 70.50869750976562 3753.346923828125
245.43748474121094 116.49596405029297 3802.791015625
242.73944091796875 158.72671508789062 3666.913330078125
271.90696716308594 110.95574951171875 3755.32568359375
287.01104736328125 151.46820068359375 3761.865966796875
294.1235656738281 227.47789001464844 3815.792724609375
291.7005615234375 295.6582946777344 3925.087158203125
258.0097961425781 151.87948608398438 3779.344970703125
256.9523620605469 232.2412872314453 3817.630615234375
260.3177490234375 297.4906005859375 3891.982666015625
273.6205291748047 39.0418701171875 3735.74072265625
271.49346923828125 70.10308837890625 3737.3251953125
293.91510009765625 69.38282775878906 3720.756103515625
303.1609802246094 119.0404052734375 3784.99560546875
286.9207763671875 158.19796752929688 3616.225830078125
249.26971435546875 70.81698608398438 3753.894287109375
245.2632598876953 116.98969268798828 3808.431640625
241.36981201171875 159.44961547851562 3681.18115234375
272.1462707519531 111.10868072509766 3754.800048828125
287.27142333984375 151.5040740966797 3761.46142578125
294.01922607421875 226.83529663085938 3817.044677734375
290.25518798828125 277.35028076171875 3928.580078125
258.3974151611328 151.96334838867188 3783.08837890625
257.95635986328125 232.64401245117188 3824.49560546875
260.77410888671875 296.07489013671875 3898.185546875
273.69578552246094 39.09028625488281 3734.975341796875
271.5682678222656 70.24700927734375 3736.674560546875
293.9978332519531 69.46299743652344 3718.7822265625
303.29864501953125 118.73435974121094 3780.1494140625
286.5691833496094 158.021728515625 3613.961669921875
249.35250854492188 71.0235595703125 3754.56689453125
245.16346740722656 116.95347595214844 3811.6875
242.80987548828125 159.94882202148438 3657.274658203125
272.3049621582031 111.28794860839844 3755.4208984375
287.5124206542969 151.66885375976562 3762.48583984375
294.05096435546875 226.76573181152344 3818.915771484375
290.8370056152344 276.993408203125 3909.0048828125
258.6455535888672 152.17198181152344 3785.8486328125
259.0073699951172 232.51051330566406 3836.545166015625
265.3381805419922 289.62115478515625 3947.5654296875
274.0673828125 39.358428955078125 3734.075439453125
271.7979736328125 70.75466918945312 3736.255126953125
293.93603515625 70.03353881835938 3720.0888671875
303.19647216796875 118.89306640625 3768.77490234375
286.2055969238281 158.59666442871094 3613.292236328125
249.85064697265625 71.46957397460938 3752.42138671875
245.17381286621094 116.32645416259766 3811.23095703125
243.56280517578125 159.15335083007812 3656.258544921875
272.5861511230469 111.58235931396484 3756.61669921875
287.9693298339844 151.72705078125 3766.185302734375
294.10650634765625 227.05902099609375 3819.74658203125
291.6403503417969 281.66900634765625 3896.751220703125
258.8455810546875 152.21127319335938 3787.771240234375
258.8441619873047 230.6392059326172 3833.583251953125
265.7075500488281 288.11102294921875 3951.946044921875
274.0174865722656 39.36546325683594 3731.9453125
271.704833984375 70.665283203125 3736.9111328125
293.9246826171875 69.84086608886719 3718.884033203125
303.1723327636719 119.13583374023438 3759.258056640625
287.7987365722656 161.32781982421875 3605.596923828125
249.69833374023438 71.48176574707031 3754.938232421875
245.19549560546875 116.41529083251953 3814.758544921875
244.25421142578125 158.96861267089844 3664.2666015625
272.6014404296875 111.63104248046875 3758.046875
287.8356628417969 151.86138916015625 3767.39501953125
294.11260986328125 227.1667938232422 3821.199951171875
293.0425109863281 283.0754699707031 3897.6142578125
259.2296142578125 152.4140625 3790.97021484375
258.76185607910156 229.67967224121094 3829.533935546875
265.8357849121094 287.43511962890625 3953.71728515625
273.8897399902344 39.28651428222656 3730.14892578125
271.7885437011719 70.54887390136719 3737.07861328125
294.1668701171875 69.76158142089844 3719.755126953125
303.3254089355469 118.39369201660156 3762.929443359375
287.2701110839844 160.62420654296875 3604.279052734375
249.6167449951172 71.32891845703125 3754.402099609375
245.31861877441406 116.2032470703125 3814.01025390625
243.59335327148438 159.29660034179688 3676.819091796875
272.6215362548828 111.43319702148438 3757.360595703125
287.8583068847656 151.615478515625 3766.349609375
294.08758544921875 226.71182250976562 3820.218017578125
293.486083984375 284.0157470703125 3898.981201171875
259.1187744140625 152.13998413085938 3788.935546875
258.9013977050781 228.14585876464844 3830.06689453125
266.2147674560547 288.349365234375 3952.76953125
273.9872131347656 39.06999206542969 3728.63330078125
271.87078857421875 70.7222900390625 3736.888671875
294.40185546875 70.07089233398438 3719.793212890625
303.3973388671875 118.73423767089844 3767.59423828125
289.8876647949219 161.05331420898438 3612.320556640625
249.54495239257812 71.36775207519531 3753.984130859375
245.35723876953125 115.91143798828125 3814.429443359375
243.60333251953125 159.34161376953125 3663.806884765625
272.46510314941406 111.62998962402344 3756.878662109375
287.7325439453125 151.92398071289062 3765.59619140625
294.1158447265625 226.55259704589844 3819.150390625
293.66461181640625 284.51251220703125 3897.62890625
258.4610595703125 152.2842559814453 3788.14111328125
258.3927001953125 228.64105224609375 3833.61181640625
266.25103759765625 289.4722595214844 3954.277099609375
273.95599365234375 38.99983215332031 3728.48095703125
271.8575134277344 70.65193176269531 3736.96240234375
294.3654479980469 69.97419738769531 3719.979736328125
303.7403869628906 118.5970458984375 3771.15380859375
301.030517578125 158.68942260742188 3656.1865234375
249.55325317382812 71.32354736328125 3753.945068359375
244.97000122070312 115.5136489868164 3813.960205078125
244.09483337402344 161.25473022460938 3664.300537109375
272.5254821777344 111.88597106933594 3757.5625
288.03009033203125 152.47039794921875 3766.824462890625
294.20379638671875 226.6151123046875 3820.153564453125
288.8980407714844 286.82659912109375 3895.1494140625
258.43101501464844 152.869140625 3789.500732421875
257.7596435546875 229.14097595214844 3833.77099609375
267.9432373046875 289.6015319824219 3971.8046875
274.33448791503906 39.217376708984375 3728.088134765625
272.046875 70.84907531738281 3736.865966796875
294.64544677734375 70.19088745117188 3719.287353515625
303.73193359375 118.11708068847656 3772.0380859375
299.1112060546875 163.0955810546875 3656.53955078125
249.659912109375 71.50103759765625 3754.444580078125
245.07373046875 115.97698211669922 3812.535400390625
243.62039184570312 159.2021484375 3670.76123046875
272.64991760253906 112.15013885498047 3757.544921875
288.0012512207031 152.82296752929688 3766.603515625
294.2908935546875 227.39675903320312 3819.66015625
288.9301452636719 287.9166259765625 3899.795654296875
258.58197021484375 153.17420959472656 3789.84423828125
257.9179992675781 229.1570281982422 3835.517333984375
268.35546875 289.7837219238281 3973.64697265625
274.286865234375 39.319183349609375 3729.141845703125
272.17877197265625 71.05778503417969 3736.3603515625
294.7998046875 70.43943786621094 3719.32080078125
303.8431701660156 117.76641845703125 3773.6103515625
299.16412353515625 163.0819091796875 3676.86572265625
249.76312255859375 71.67044067382812 3753.39990234375
245.14877319335938 116.1622085571289 3809.538818359375
244.2337646484375 158.93170166015625 3625.47900390625
272.7195129394531 112.11885833740234 3756.400146484375
288.0216979980469 152.58489990234375 3765.181640625
294.4578552246094 227.49232482910156 3818.082275390625
289.1083679199219 288.2430114746094 3902.51806640625
258.5751495361328 152.90252685546875 3787.6982421875
258.26324462890625 229.49044799804688 3837.594970703125
268.6972351074219 290.3144836425781 3975.07861328125
274.33587646484375 39.31268310546875 3728.727294921875
272.2898864746094 71.19482421875 3736.21337890625
294.947021484375 70.59201049804688 3718.9716796875
301.44708251953125 119.52070617675781 3764.319091796875
299.12451171875 162.81625366210938 3676.71630859375
249.84092712402344 71.79208374023438 3753.455078125
245.2216033935547 116.05696105957031 3810.0634765625
243.62533569335938 159.34683227539062 3650.87548828125
272.7839813232422 112.2215347290039 3756.007080078125
288.0634765625 152.67166137695312 3764.41015625
294.5272521972656 227.59559631347656 3818.491455078125
288.1668395996094 287.499267578125 3900.188720703125
258.5712585449219 152.96368408203125 3787.19140625
258.1091613769531 229.19493103027344 3837.188232421875
269.89967346191406 288.9453430175781 3983.938720703125
274.4461975097656 38.962860107421875 3726.62158203125
272.3048095703125 71.19464111328125 3736.503662109375
294.9705505371094 70.58430480957031 3719.80908203125
301.77972412109375 118.03230285644531 3762.844970703125
299.1165771484375 162.76490783691406 3676.5673828125
249.84072875976562 71.799560546875 3753.1982421875
245.3551483154297 116.38289642333984 3811.18798828125
243.48251342773438 159.18728637695312 3663.432861328125
272.81614685058594 112.20304870605469 3755.57861328125
288.168701171875 152.63714599609375 3763.592041015625
294.6422424316406 227.47059631347656 3818.82568359375
289.5436096191406 283.06610107421875 3897.225830078125
258.5627136230469 152.9559326171875 3785.715087890625
257.820556640625 228.85658264160156 3836.819580078125
269.1036376953125 288.7121887207031 3985.262451171875
274.6291961669922 38.57969665527344 3724.5048828125
272.3646240234375 71.07997131347656 3736.124755859375
295.1085510253906 70.5147705078125 3721.165771484375
302.6200866699219 117.35009765625 3770.984619140625
299.1763000488281 163.03746032714844 3658.770751953125
249.8021240234375 71.64068603515625 3751.083740234375
245.30905151367188 116.38634490966797 3809.849609375
242.09033203125 159.30194091796875 3662.323974609375
272.8630676269531 112.02042388916016 3754.3642578125
288.3792724609375 152.40805053710938 3762.61474609375
294.6966857910156 226.95460510253906 3819.2021484375
291.8218078613281 276.61004638671875 3885.12841796875
258.4134063720703 152.7211151123047 3782.5927734375
257.10272216796875 227.70086669921875 3838.645263671875
268.3329620361328 288.7459716796875 3988.6689453125
274.7514953613281 38.36384582519531 3724.00341796875
272.3169860839844 70.91755676269531 3735.33544921875
295.10296630859375 70.39382934570312 3721.20458984375
303.92333984375 115.5912094116211 3789.027587890625
300.54376220703125 160.60052490234375 3684.978759765625
249.7027587890625 71.43733215332031 3749.46630859375
245.2821044921875 116.29796600341797 3809.35498046875
243.53518676757812 159.61036682128906 3646.232177734375
272.78663635253906 111.6275405883789 3753.5068359375
288.47509765625 151.80093383789062 3762.135009765625
294.717041015625 226.1976776123047 3819.97900390625
292.1553955078125 274.8196105957031 3880.2919921875
258.1053009033203 152.08883666992188 3781.221435546875
257.1628112792969 224.59043884277344 3843.7841796875
266.5502624511719 289.2947998046875 3986.23193359375
274.937255859375 37.6773681640625 3722.21484375
272.2686462402344 70.760986328125 3735.345703125
295.0661315917969 70.17292785644531 3720.44189453125
304.70794677734375 113.58958435058594 3805.251708984375
299.1947326660156 163.03628540039062 3678.0166015625
249.65234375 71.3443603515625 3750.24951171875
245.362060546875 116.28246307373047 3810.8154296875
244.14599609375 159.04620361328125 3662.025634765625
272.82012939453125 111.5123062133789 3753.938720703125
288.59002685546875 151.6862335205078 3762.46875
294.68243408203125 226.32994079589844 3820.772216796875
292.3522644042969 282.06756591796875 3891.38720703125
258.2233123779297 152.0366973876953 3782.5947265625
257.42791748046875 225.92779541015625 3840.4052734375
264.7662658691406 289.26080322265625 3982.0322265625
274.9282989501953 37.72746276855469 3722.27294921875
272.2758483886719 70.74534606933594 3735.762451171875
295.05609130859375 70.10562133789062 3720.4345703125
304.59954833984375 113.32614135742188 3805.6376953125
299.14910888671875 163.10281372070312 3657.991943359375
249.68179321289062 71.37979125976562 3751.09033203125
245.4908905029297 116.31138610839844 3813.164794921875
243.68075561523438 161.19532775878906 3655.3447265625
272.90382385253906 111.61931610107422 3754.65869140625
288.6173095703125 151.8822021484375 3763.28564453125
294.7418518066406 226.16845703125 3820.077392578125
295.5261535644531 285.3634033203125 3909.129638671875
258.515625 152.2845916748047 3783.82421875
259.0904235839844 228.79116821289062 3851.00439453125
266.6282958984375 286.92425537109375 3968.01953125
275.01947021484375 37.28523254394531 3722.160400390625
272.33949279785156 70.74920654296875 3735.663330078125
295.0377197265625 70.07452392578125 3721.619384765625
303.8341979980469 114.55138397216797 3795.44384765625
299.16802978515625 163.15109252929688 3658.664794921875
249.811279296875 71.41879272460938 3749.707275390625
245.65367126464844 117.76022338867188 3812.08740234375
245.1336669921875 160.7747039794922 3669.459228515625
273.10986328125 111.21398162841797 3754.8857421875
288.86614990234375 151.02169799804688 3764.72607421875
294.78338623046875 226.17291259765625 3818.427001953125
296.1984558105469 288.2508239746094 3914.236572265625
258.9530334472656 151.51025390625 3783.490234375
258.8108825683594 227.62510681152344 3845.9716796875
267.9832763671875 286.0514221191406 3959.701416015625
274.8469543457031 37.519256591796875 3724.087646484375
272.3506164550781 70.86883544921875 3735.85107421875
294.99346923828125 70.16696166992188 3722.001708984375
303.23834228515625 121.048828125 3790.913330078125
291.35821533203125 161.64447021484375 3621.0830078125
249.87503051757812 71.5655517578125 3749.700439453125
245.77383422851562 118.64938354492188 3812.72900390625
242.7664794921875 157.340087890625 3669.1142578125
273.1380310058594 111.11286926269531 3753.801513671875
288.73406982421875 150.70968627929688 3762.593505859375
295.04217529296875 225.98509216308594 3807.481689453125
295.74334716796875 289.8296203613281 3907.732421875
259.1736755371094 151.23672485351562 3780.910400390625
259.5502014160156 228.63731384277344 3841.076416015625
266.2816467285156 287.9278869628906 3963.8388671875
274.2798767089844 38.21498107910156 3734.326171875
271.8750305175781 71.97625732421875 3733.83203125
294.3672790527344 71.16023254394531 3718.37353515625
302.59967041015625 123.06558227539062 3781.920654296875
290.0699768066406 164.23907470703125 3614.792724609375
249.5682373046875 72.78550720214844 3749.29052734375
245.82046508789062 120.22320556640625 3813.1533203125
244.36956787109375 158.18592834472656 3660.239990234375
272.81626892089844 111.78624725341797 3752.82373046875
288.470947265625 150.87692260742188 3761.58251953125
295.0147705078125 226.0986328125 3809.19140625
295.4958801269531 290.3003845214844 3905.150390625
259.10479736328125 151.5120849609375 3782.04833984375
258.88848876953125 228.43167114257812 3840.932861328125
265.0129089355469 289.262939453125 3968.44775390625
275.1321105957031 40.67608642578125 3740.154052734375
272.0130920410156 71.59878540039062 3734.26513671875
294.5295715332031 70.91285705566406 3721.3798828125
302.43316650390625 123.17608642578125 3780.51611328125
289.61376953125 165.95333862304688 3614.9677734375
249.6514434814453 72.27998352050781 3747.150390625
245.80502319335938 120.46926879882812 3812.208984375
242.533447265625 157.42910766601562 3653.28271484375
272.8773956298828 111.6009521484375 3753.593017578125
288.20343017578125 150.92962646484375 3764.546142578125
295.1019592285156 225.76223754882812 3808.36474609375
294.0643005371094 290.00146484375 3904.33154296875
259.32635498046875 151.45574951171875 3781.295654296875
256.919189453125 229.86424255371094 3824.908935546875
263.9939270019531 291.46661376953125 3968.496337890625
274.99212646484375 39.411651611328125 3739.5537109375
271.97276306152344 71.46002197265625 3733.6806640625
294.50103759765625 70.96563720703125 3722.906005859375
302.6312561035156 124.06423950195312 3782.68505859375
289.96710205078125 163.37734985351562 3620.263671875
249.57412719726562 71.95156860351562 3744.455322265625
245.07550048828125 122.08804321289062 3800.167236328125
243.24197387695312 155.7833709716797 3656.602783203125
272.6896057128906 111.97020721435547 3755.35302734375
287.18695068359375 151.8556365966797 3770.347900390625
295.2618408203125 225.3690643310547 3805.4140625
293.85833740234375 289.91357421875 3901.30078125
259.658203125 152.1748046875 3783.702880859375
256.629638671875 231.28237915039062 3819.699951171875
263.26316833496094 293.4539489746094 3969.275390625
275.1551513671875 37.91548156738281 3733.111083984375
272.09100341796875 71.29013061523438 3731.85205078125
294.530029296875 70.76115417480469 3720.72265625
305.2278137207031 118.61602783203125 3786.551513671875
289.0679016113281 158.00579833984375 3611.1162109375
249.785400390625 71.81593322753906 3742.9814453125
245.1595001220703 121.51704406738281 3800.936767578125
243.23602294921875 157.70159912109375 3659.244873046875
272.8544921875 111.80982971191406 3753.687255859375
287.66357421875 151.6805419921875 3768.463623046875
295.2732849121094 225.67230224609375 3807.016845703125
295.4090270996094 283.41259765625 3915.381103515625
259.6071319580078 152.04049682617188 3782.581298828125
257.4267883300781 230.40528869628906 3822.421630859375
263.7331237792969 292.99053955078125 3967.680419921875
275.32177734375 37.14649963378906 3730.228271484375
272.1244812011719 71.26246643066406 3731.6611328125
294.63897705078125 70.71601867675781 3720.663330078125
305.7873840332031 116.0733413696289 3792.872802734375
291.2299499511719 151.45558166503906 3609.28466796875
249.7423095703125 71.80572509765625 3742.658935546875
244.86257934570312 120.84002685546875 3795.278076171875
243.2710723876953 161.64935302734375 3637.880615234375
272.8982238769531 111.68196105957031 3752.650146484375
287.8965759277344 151.45660400390625 3766.602294921875
295.2802429199219 225.71417236328125 3807.324462890625
294.12567138671875 287.0903625488281 3908.78271484375
259.48313903808594 151.84628295898438 3780.676025390625
260.1800537109375 227.9442596435547 3820.29296875
271.3252868652344 284.0856018066406 4005.431396484375
276.3366394042969 36.10302734375 3727.560302734375
272.1278076171875 71.3018798828125 3730.909912109375
294.47613525390625 70.13993835449219 3716.2666015625
305.52789306640625 115.03458404541016 3788.904052734375
287.8496398925781 148.49972534179688 3599.65185546875
249.9542236328125 72.45474243164062 3745.55322265625
244.77908325195312 120.81776428222656 3795.709716796875
244.46444702148438 161.99545288085938 3647.91357421875
273.6808776855469 112.1586685180664 3748.31103515625
291.05780029296875 152.04185485839844 3755.2314453125
295.48443603515625 224.90057373046875 3811.546142578125
293.51824951171875 283.2485046386719 3915.66552734375
259.46934509277344 153.23056030273438 3776.19287109375
259.4883575439453 229.50894165039062 3821.683837890625
271.29295349121094 284.82073974609375 4001.46142578125
277.23516845703125 37.23930358886719 3722.424560546875
272.10101318359375 71.04725646972656 3730.061279296875
294.3465576171875 69.72198486328125 3713.433837890625
305.38763427734375 114.08995819091797 3787.951171875
287.7384033203125 147.5072784423828 3598.519775390625
250.05288696289062 72.36080932617188 3746.688720703125
244.71359252929688 119.21102905273438 3796.367919921875
244.49362182617188 161.8455352783203 3656.904052734375
273.794677734375 112.26142120361328 3746.114013671875
291.68402099609375 152.42642211914062 3749.939697265625
295.1560363769531 224.85997009277344 3813.895263671875
293.75592041015625 284.05682373046875 3911.343505859375
259.36883544921875 153.8168182373047 3774.393798828125
259.266845703125 230.57562255859375 3820.044189453125
270.717041015625 285.95428466796875 3996.37548828125
276.4335021972656 37.30879211425781 3724.54150390625
272.161865234375 70.99998474121094 3729.925537109375
294.47137451171875 69.96568298339844 3715.069091796875
305.60308837890625 113.70925903320312 3788.92041015625
287.87298583984375 147.65924072265625 3601.180908203125
250.02938842773438 72.02609252929688 3744.781982421875
244.70791625976562 118.21176147460938 3792.827880859375
243.64108276367188 157.85740661621094 3662.7548828125
273.50006103515625 112.27214050292969 3747.8515625
290.0011901855469 152.67147827148438 3755.56640625
295.044677734375 225.4258270263672 3809.052978515625
292.5408935546875 285.1097412109375 3894.01025390625
259.73187255859375 153.62863159179688 3775.98876953125
260.6946105957031 229.8047637939453 3828.15966796875
270.93798828125 288.1076354980469 3985.83642578125
275.9758758544922 37.3046875 3725.970458984375
272.15020751953125 71.028564453125 3729.21923828125
294.39349365234375 69.28028869628906 3711.096435546875
305.7039794921875 112.99918365478516 3786.818359375
288.3552551269531 147.43032836914062 3602.885986328125
250.12208557128906 72.75990295410156 3747.342041015625
245.01402282714844 119.47357177734375 3797.899169921875
243.03652954101562 160.48336791992188 3646.8251953125
274.515625 112.08177185058594 3745.563232421875
290.2915344238281 151.9645233154297 3750.8583984375
295.0974426269531 224.102783203125 3808.31689453125
289.46978759765625 285.2893371582031 3902.94482421875
263.50811767578125 153.5872344970703 3772.9560546875
259.5066833496094 228.25442504882812 3852.723388671875
269.6244201660156 290.9895324707031 3976.4599609375
275.6834716796875 37.376434326171875 3726.67529296875
272.1470031738281 70.97219848632812 3728.888427734375
294.49542236328125 69.55369567871094 3713.233154296875
305.8748779296875 113.16552734375 3789.150146484375
288.4172058105469 147.73606872558594 3603.859130859375
249.98544311523438 72.3787841796875 3744.543701171875
244.88772583007812 118.59884643554688 3793.315673828125
244.47975158691406 161.8471221923828 3648.59033203125
274.1229248046875 112.28217315673828 3746.7236328125
289.50537109375 152.557373046875 3755.055419921875
294.9383239746094 225.87063598632812 3807.197265625
289.5340881347656 286.6557922363281 3902.538818359375
262.72247314453125 153.84088134765625 3774.062255859375
259.77508544921875 228.41612243652344 3842.495849609375
267.7412414550781 290.5211181640625 3970.849853515625
275.67108154296875 37.51322937011719 3726.989990234375
272.15118408203125 70.95462036132812 3726.7763671875
294.5956115722656 69.82133483886719 3713.41796875
306.0604553222656 113.25146484375 3788.565673828125
305.1692199707031 146.56307983398438 3617.4873046875
249.86708068847656 72.07980346679688 3740.134765625
244.90301513671875 117.95648193359375 3790.479736328125
242.89498901367188 161.6576690673828 3656.208984375
273.8047790527344 112.31724548339844 3746.443603515625
289.23895263671875 152.73345947265625 3757.804931640625
294.6505126953125 227.147216796875 3809.41552734375
290.50762939453125 288.68829345703125 3901.349365234375
261.70404052734375 153.76004028320312 3774.416748046875
260.2326965332031 228.7540740966797 3841.12255859375
261.7733459472656 289.6804504394531 3961.267578125
275.9567108154297 38.447601318359375 3728.521240234375
272.1325225830078 70.61964416503906 3725.7578125
294.6235046386719 69.51057434082031 3711.6923828125
305.91265869140625 113.008544921875 3787.40869140625
288.57733154296875 152.90240478515625 3588.68603515625
249.81072998046875 71.72036743164062 3739.8232421875
244.96743774414062 117.766845703125 3791.792236328125
242.8565673828125 162.84288024902344 3665.66845703125
273.6838684082031 112.26805877685547 3744.79541015625
289.6000061035156 152.98709106445312 3754.740234375
294.6153869628906 227.0435791015625 3812.926025390625
291.61920166015625 289.14898681640625 3908.0830078125
260.9083251953125 154.00074768066406 3772.92578125
260.30674743652344 229.3019256591797 3818.64794921875
262.3460998535156 289.94708251953125 3954.973388671875
275.8646240234375 38.36174011230469 3729.11669921875
272.1410827636719 70.44186401367188 3726.199462890625
294.59075927734375 69.35517883300781 3711.53369140625
305.73162841796875 113.03427124023438 3788.281494140625
288.4382019042969 153.7956085205078 3588.3251953125
249.86746215820312 71.52006530761719 3740.865234375
244.94784545898438 117.291259765625 3792.264404296875
242.87466430664062 162.46881103515625 3656.564208984375
273.60784912109375 112.21051788330078 3744.85498046875
289.4286193847656 153.07998657226562 3754.021240234375
294.61138916015625 227.32850646972656 3816.796142578125
292.4770202636719 290.00738525390625 3914.445556640625
260.7637481689453 154.04766845703125 3772.999755859375
259.76318359375 232.52560424804688 3805.388671875
262.78147888183594 289.94219970703125 3950.9638671875
