-289.769398 38.197211 3898.201135
-286.349176 72.991566 3908.667554
-262.445494 73.006290 3915.665076
-258.088962 121.776456 3987.029700
-256.301193 165.869463 3842.053052
-310.338638 72.976778 3901.670032
-319.974298 118.343544 3986.501624
-314.295332 168.909842 3810.375659
-286.455881 111.857388 3930.419165
-270.472284 150.212357 3956.930127
-273.612735 233.223560 4051.739539
-283.402780 299.308447 4060.004187
-302.689288 150.378694 3947.411426
-313.021060 239.582135 3959.976562
-306.060773 310.050536 4084.632532
-289.515454 37.174544 3892.426904
-286.351643 72.976570 3908.815210
-262.589770 73.117994 3920.198840
-257.832550 120.614328 3991.933374
-255.840152 168.051109 3821.689050
-310.252345 72.834313 3897.431580
-319.952573 116.435068 3984.430334
-314.221344 168.863235 3844.797510
-286.380258 111.693798 3928.041797
-270.884106 149.980074 3954.771167
-270.511713 213.515119 3982.047070
-296.657652 287.362839 4006.004297
-301.992183 150.087852 3939.765601
-314.187506 239.871439 3966.001245
-296.063246 282.076630 3994.769092
-289.993799 39.273582 3891.622998
-286.367136 72.828241 3901.868701
-262.903699 72.573383 3908.651660
-257.610072 122.449753 3979.417712
-254.926273 166.940339 3795.743335
-309.912268 73.083916 3895.085742
-319.793060 116.736229 3984.484424
-314.170876 169.198457 3843.417334
-285.983015 110.715247 3920.453394
-270.262319 147.992594 3943.512378
-270.820340 219.890005 3988.952307
-293.050552 289.787695 3994.436865
-300.977623 148.497519 3934.563794
-310.305409 240.832583 3955.337439
-292.328453 282.547733 3961.403906
-290.667625 42.900902 3908.251501
-286.069933 72.558051 3902.993042
-262.664046 72.317661 3908.134351
-256.514699 123.060846 3968.089453
-254.786563 162.665950 3806.695020
-309.537584 72.799097 3897.851733
-319.428117 119.456678 3971.469653
-318.489981 151.175182 3847.069519
-285.676968 109.749714 3916.571008
-269.978302 146.463368 3933.533533
-266.808916 225.820752 3995.735779
-294.034543 290.847693 4000.956042
-300.621492 146.905792 3926.764417
-311.043915 238.651737 3950.428894
-291.198280 282.382933 3951.645007
-290.527595 41.391319 3905.194812
-285.435168 72.299107 3901.654651
-262.542041 72.219031 3908.293799
-256.154258 123.891236 3964.251160
-253.258795 160.436302 3823.522961
-308.406354 72.379456 3895.015503
-319.066988 121.770376 3960.273157
-314.367879 167.031999 3810.137512
-285.210063 109.594038 3915.529468
-269.831223 146.488971 3933.828333
-265.165535 229.615995 3999.779150
-294.000288 291.715750 3996.538916
-300.175992 146.762494 3924.980237
-309.794957 236.103722 3956.984216
-290.673280 281.698869 3965.838208
-290.523061 40.915970 3904.593164
-285.915308 72.519486 3901.855115
-263.098027 71.812848 3908.719080
-256.730864 124.139477 3965.413184
-254.808449 162.070294 3799.494470
-308.813049 73.228656 3894.991150
-318.379687 123.584084 3956.614307
-304.924191 150.049127 3793.482349
-284.656176 110.728753 3916.614587
-267.834979 148.077525 3936.091882
-272.029788 244.057052 3971.729846
-289.372348 321.481430 4085.197266
-299.015442 149.226091 3926.656238
-309.951169 238.222964 3957.817090
-301.514191 308.935968 4022.202905
-291.520509 40.388006 3907.680872
-286.014290 72.637566 3902.462402
-263.207616 71.863236 3910.334326
-257.165437 124.306856 3966.114038
-253.144849 162.279490 3792.215735
-308.913153 73.415005 3894.590479
-318.064027 125.323274 3954.052368
-304.643106 152.376956 3791.110364
-284.567079 110.456632 3915.807349
-268.277948 147.415572 3934.311292
-271.583519 243.478699 3965.684656
-288.694501 321.828076 4086.680237
-298.020525 148.623594 3923.993298
-310.446304 237.749153 3958.117017
-301.628041 309.874809 4021.582031
-292.013802 39.557744 3910.380981
-285.944083 72.689605 3902.114539
-263.263964 71.960296 3912.887036
-257.674416 124.462010 3968.122266
-253.898895 164.333700 3802.468616
-308.749763 73.422935 3891.342041
-317.943576 125.460901 3951.433008
-304.971968 151.723366 3793.979150
-284.308937 110.833063 3913.070068
-268.071668 148.158499 3931.000305
-271.497803 240.702615 3963.102722
-288.194863 321.356909 4085.810193
-297.346170 149.370671 3917.050891
-309.772110 238.150994 3960.503613
-301.655406 312.016081 4021.610486
-291.661372 39.983473 3908.845972
-285.862180 72.685183 3901.417786
-263.194254 72.010444 3911.801660
-257.588123 124.682677 3965.621082
-255.657664 166.356491 3809.803748
-308.651102 73.363543 3891.033911
-318.027850 125.287962 3950.941589
-318.383597 155.302316 3823.433240
-284.339314 111.418737 3913.305908
-268.395644 149.357405 3931.840356
-269.604900 242.543319 3986.348584
-288.007441 321.147858 4091.576221
-297.304642 150.479823 3918.547705
-310.097159 240.926310 3967.614441
-301.909863 314.710295 4017.498926
-289.969189 36.694084 3891.104919
-286.049249 72.523011 3898.816370
-263.533450 72.074755 3909.685767
-257.630404 124.229343 3965.417029
-254.959085 166.980025 3813.555139
-308.690964 72.973782 3887.946973
-318.116803 124.572945 3949.067944
-304.692068 149.578922 3789.565613
-284.897575 111.646742 3912.176697
-268.745013 150.060711 3932.827295
-269.065480 237.227806 4017.489954
-292.190474 302.974603 4061.973450
-298.818311 150.949260 3918.246753
-313.360657 239.181303 4021.140857
-302.200049 315.667209 4032.573962
-290.316893 37.834014 3896.979382
-285.943794 72.648429 3897.852759
-263.282357 72.599787 3906.651123
-258.808770 120.830862 3972.501453
-255.539841 165.342668 3808.587122
-308.707787 72.697295 3889.054395
-318.454349 123.626189 3955.656079
-304.884714 149.355579 3787.004443
-285.643964 112.580961 3913.371021
-268.419292 152.027859 3935.510229
-270.019510 237.859319 4055.909546
-291.457127 303.534531 4067.425708
-302.330850 152.368785 3922.268335
-314.024501 238.022147 4027.632605
-303.268570 315.801375 4042.889648
-288.419824 36.287917 3877.069629
-286.070334 72.511459 3898.555408
-263.365686 72.987609 3911.008008
-258.950482 120.955174 3976.413574
-255.906498 168.134406 3814.557202
-308.920491 72.032265 3886.102808
-319.617879 117.897764 3943.738477
-304.888783 150.886311 3779.257874
-286.263332 112.471365 3907.822632
-268.071652 152.422169 3927.214050
-267.668449 240.961606 4056.807019
-290.928522 304.276945 4070.165552
-304.934477 152.061264 3906.965662
-314.342725 236.379279 4036.155652
-304.165787 313.130521 4055.576550
-288.292323 36.174403 3879.401624
-286.134357 72.390127 3898.299316
-263.260535 72.846538 3909.003369
-258.895047 120.636943 3973.895215
-255.800674 168.066138 3828.897546
-309.134157 71.931200 3887.595264
-319.450323 116.470492 3940.344946
-304.111665 151.308131 3774.181677
-286.426785 112.077935 3908.306360
-268.466956 151.754192 3926.892590
-267.557803 242.721368 4060.852441
-290.353951 305.693042 4081.385632
-305.048584 151.371016 3909.734216
-313.551892 229.526209 4032.824158
-304.249100 312.951590 4055.069751
-289.118340 37.202982 3888.327393
-286.025761 72.193220 3898.085522
-262.980940 72.669386 3907.008215
-258.783311 120.302209 3971.864685
-256.538315 167.684724 3810.606628
-309.176326 71.714875 3889.162830
-319.400047 116.024928 3941.314453
-318.221713 152.877539 3803.595264
-286.484592 112.174530 3908.867249
-268.950700 152.165437 3926.649060
-270.691221 245.027007 4043.816089
-290.012016 306.222400 4090.980212
-304.995520 151.705550 3912.648889
-311.642294 226.873251 4024.208569
-304.264096 312.806754 4062.574329
-288.316933 36.945241 3882.505994
-285.871584 71.870654 3897.570007
-262.767018 72.389902 3905.178662
-258.477969 118.952979 3972.398145
-254.801111 166.057814 3807.984705
-309.066545 71.349371 3889.961353
-319.023665 115.492854 3942.014282
-318.364307 154.480721 3805.083105
-286.525351 111.862619 3909.901099
-268.891869 151.891065 3928.288147
-275.167772 241.011369 4028.464197
-289.722871 307.397978 4100.248975
-305.514656 151.314299 3916.176233
-313.890944 227.541870 3993.336621
-304.831201 313.092773 4064.309546
-288.403274 37.705600 3885.425793
-285.745173 71.720467 3896.293140
-262.609332 72.346948 3903.887439
-258.166859 118.600501 3968.243005
-255.469217 165.825531 3799.922314
-308.971376 71.091534 3888.698840
-319.032381 114.907989 3944.406519
-304.656308 152.667943 3771.462341
-286.531471 111.497964 3906.828259
-268.806745 151.439108 3923.467786
-271.872711 234.709895 4024.774329
-288.877116 307.299541 4104.385400
-305.878157 150.682722 3911.258972
-316.179840 233.102676 4000.031396
-305.519655 314.498872 4063.515637
-288.460007 38.196410 3885.616772
-285.822990 71.719393 3896.480530
-262.596162 72.316074 3904.020483
-258.022984 118.385209 3966.826685
-254.756058 164.352269 3807.535583
-309.139861 71.120437 3888.940576
-319.111496 116.126938 3949.259180
-318.403976 155.937177 3805.715771
-286.552780 111.195266 3906.873120
-269.111783 150.809374 3923.191443
-273.656907 233.260554 4021.469751
-287.456021 307.332097 4111.090942
-305.500653 150.112910 3911.339978
-303.808374 231.658525 3887.727026
-305.688428 315.369653 4064.945544
-288.609441 38.632121 3884.703406
-285.905919 71.716253 3896.191113
-262.697484 72.248222 3903.921277
-257.491672 118.233772 3962.424939
-256.201955 166.047913 3799.933337
-309.206639 71.182169 3888.460950
-318.918370 117.076009 3950.824438
-305.715921 154.011942 3756.336035
-286.517885 111.208452 3906.657532
-269.151549 150.780775 3923.139917
-269.290361 234.187779 4032.305823
-287.124980 307.682236 4115.097656
-305.156891 150.197520 3911.107983
-306.059267 231.203476 3922.534937
-306.109415 316.048077 4063.231860
-288.626440 39.020984 3883.880273
-286.041367 71.803587 3894.932190
-262.626588 72.366799 3901.260645
-257.515416 119.210464 3959.866333
-256.132244 165.835561 3798.689026
-309.532329 71.238533 3888.603735
-318.642284 117.114542 3949.892358
-314.162256 167.785806 3787.772717
-286.778751 111.296595 3905.035364
-269.625728 150.918338 3919.995557
-274.541931 232.120880 4048.798718
-287.095116 308.635593 4111.431372
-305.443359 150.252347 3910.281519
-307.508368 234.676122 3956.608154
-306.469775 316.271068 4062.562280
-288.865549 39.197543 3886.386584
-286.038547 71.821980 3894.013696
-262.581615 72.513766 3900.328052
-257.552554 119.168752 3959.708679
-255.365973 167.804407 3799.742615
-309.571678 71.127935 3887.699341
-319.041289 118.853933 3950.897498
-307.024896 159.477113 3751.590015
-287.029827 111.915395 3905.340930
-269.411966 152.222859 3921.702832
-269.980064 239.089194 4051.438330
-287.178477 309.639899 4111.603638
-306.666682 151.329824 3911.633496
-311.946355 238.587762 3981.333142
-306.436226 314.173567 4054.346594
-288.575603 39.274015 3886.414783
-286.156018 71.937177 3893.698901
-262.534623 72.483566 3899.841504
-257.594403 118.995781 3959.857617
-256.564366 167.939374 3799.646228
-309.852026 71.389041 3887.556299
-319.165361 118.487732 3949.065637
-307.777437 163.226630 3757.917700
-286.914807 111.793389 3905.358618
-269.266745 151.740477 3921.830237
-269.636190 240.352620 4051.154553
-287.178140 310.079022 4111.695410
-306.116753 151.083394 3912.206433
-315.052519 238.500748 4008.098914
-306.616214 315.484209 4062.718652
-288.604491 40.080741 3886.714966
-286.170374 72.013712 3893.454858
-262.487727 72.497953 3899.919690
-257.650159 119.383811 3959.112927
-255.437414 168.271729 3811.359521
-309.931847 71.527901 3886.990027
-319.240150 118.472631 3949.659851
-308.201949 165.150760 3762.297913
-286.799995 111.842624 3904.901550
-269.128926 151.711061 3921.369836
-274.638879 238.363763 4032.044604
-286.504042 310.365234 4112.663635
-305.769946 151.165649 3911.326648
-316.024109 238.763745 3987.786438
-306.204295 316.954875 4063.670215
-288.638649 40.335935 3887.454529
-286.103018 71.984777 3892.636597
-262.398486 72.600668 3901.762830
-257.497199 119.945597 3955.470227
-256.287479 166.047480 3808.869104
-309.918933 71.365970 3883.510364
-319.151326 117.993077 3945.648010
-305.914078 162.504355 3744.874988
-286.805859 112.005341 3904.610339
-269.506254 152.107086 3923.551099
-273.518832 236.159381 4003.307776
-287.019942 310.612834 4115.298633
-305.566663 151.454169 3909.617065
-316.220728 238.635123 3978.663281
-306.419371 316.005203 4073.062793
-288.716515 40.477968 3887.233813
-286.148520 71.921812 3892.001367
-262.329913 72.530910 3901.506995
-257.496895 119.673580 3956.847583
-256.275783 165.859401 3808.247205
-310.083765 71.309653 3882.495740
-319.774411 117.308621 3941.935583
-305.840442 163.736490 3751.050403
-286.830068 111.944106 3904.519080
-269.568947 152.022908 3924.236316
-275.374260 237.043925 4006.495203
-285.855979 310.111803 4119.144873
-305.511612 151.397163 3909.837268
-316.419621 237.781533 3989.053308
-305.641132 294.338123 4106.209058
-288.681844 41.525709 3887.912366
-286.229350 71.933972 3890.900098
-262.315430 73.098624 3902.901013
-257.540762 120.099237 3959.570764
-256.323688 166.640172 3803.050269
-310.291246 70.762127 3878.899182
-319.811613 117.646070 3941.916357
-306.058786 163.948682 3753.224487
-287.928005 113.442265 3910.760889
-271.505878 155.220172 3939.788672
-277.757492 243.934790 4008.402173
-295.527031 294.818518 4058.127979
-307.797752 153.838731 3921.454688
-316.562279 236.982545 3995.836267
-303.263187 301.955429 4104.872717
-288.513151 42.561401 3889.379700
-286.252982 72.106094 3890.084143
-262.128600 73.098191 3899.368542
-257.543999 120.080372 3957.335156
-256.440662 168.636415 3799.274268
-310.492799 71.109222 3880.799744
-319.783800 117.716262 3944.869995
-305.927696 164.509506 3757.282727
-287.869061 115.231035 3911.117981
-272.133833 158.460535 3938.888379
-277.455066 240.252292 4010.470898
-294.358534 292.639915 4062.569202
-306.861346 157.326773 3925.415259
-313.198068 242.031152 3964.479309
-303.446796 305.415065 4102.628650
