331.7793273925781 116.32699584960938 4061.000732421875
331.9365234375 164.3498077392578 4084.85986328125
361.31427001953125 167.65225219726562 4066.63623046875
366.114501953125 197.2410888671875 4120.5185546875
369.8396911621094 226.96177673339844 4037.731201171875
302.81976318359375 161.07669067382812 4103.08349609375
293.96435546875 199.4724578857422 4149.181640625
285.10247802734375 243.52386474609375 4060.718994140625
328.235595703125 193.41171264648438 4076.10107421875
343.4421691894531 224.89675903320312 4055.622314453125
344.67767333984375 276.6882629394531 4078.6474609375
334.3271179199219 332.6893310546875 4079.369140625
305.7040710449219 220.31399536132812 4079.062255859375
311.46514892578125 278.62750244140625 4130.283203125
320.78924560546875 347.17431640625 4116.48876953125
331.6620788574219 116.24197387695312 4060.74609375
328.1799011230469 153.6632080078125 4081.246337890625
351.54425048828125 154.48049926757812 4060.769775390625
362.64013671875 197.37901306152344 4101.994140625
366.2935791015625 231.8916015625 4012.05712890625
305.0487976074219 152.8540802001953 4101.72265625
296.53045654296875 191.4154052734375 4140.38134765625
288.7374267578125 235.59974670410156 4062.734375
326.29296875 187.62081909179688 4074.38671875
342.9682312011719 222.61585998535156 4051.278564453125
316.0448303222656 260.8329772949219 3988.3935546875
333.1278076171875 335.385009765625 4105.37939453125
305.9788818359375 220.77740478515625 4083.775634765625
311.9138488769531 279.89984130859375 4126.5830078125
320.2572937011719 345.23724365234375 4123.69677734375
331.7625732421875 116.21419525146484 4060.696044921875
329.0484924316406 154.7825164794922 4084.771240234375
353.40447998046875 155.47564697265625 4073.701171875
362.15960693359375 193.45111083984375 4103.7685546875
366.8995056152344 231.98402404785156 3953.8330078125
304.82415771484375 154.0931396484375 4095.84130859375
296.3525695800781 193.1418914794922 4132.8759765625
287.78802490234375 236.90988159179688 4033.468994140625
327.7182922363281 188.37863159179688 4077.40478515625
344.4595947265625 222.74671936035156 4061.843994140625
344.6238098144531 272.2928771972656 4175.267578125
332.97125244140625 338.599609375 4101.80712890625
308.37957763671875 221.44859313964844 4078.232666015625
311.77362060546875 277.3643798828125 4113.96435546875
320.43896484375 340.21820068359375 4132.650390625
331.8158264160156 116.01641082763672 4060.401123046875
329.6657409667969 155.15054321289062 4087.527587890625
354.5216979980469 155.20347595214844 4071.62841796875
361.8536682128906 191.72088623046875 4095.45947265625
366.37164306640625 230.96804809570312 3998.81591796875
305.00238037109375 155.09800720214844 4103.4267578125
294.05328369140625 192.18927001953125 4129.58935546875
289.2189636230469 236.35911560058594 4066.722900390625
329.06695556640625 187.71920776367188 4078.083251953125
347.4232482910156 220.67396545410156 4056.55517578125
344.5697937011719 272.863525390625 4175.58935546875
333.1083984375 339.6429443359375 4103.93212890625
309.61981201171875 220.20562744140625 4080.72265625
309.7021484375 276.8725280761719 4090.14306640625
319.13568115234375 336.4115295410156 4117.46923828125
331.7747497558594 117.23629760742188 4081.853515625
330.06884765625 155.24935913085938 4087.233154296875
355.2078857421875 155.4855194091797 4071.295654296875
361.45721435546875 192.32156372070312 4094.122314453125
367.4782409667969 231.98171997070312 4030.240234375
305.1250915527344 155.01502990722656 4103.17041015625
294.995361328125 193.4298095703125 4135.5634765625
288.3294982910156 236.22305297851562 4074.987548828125
329.32366943359375 187.44297790527344 4082.647216796875
347.06488037109375 220.06834411621094 4066.35205078125
342.067138671875 276.6304016113281 4139.1875
330.2901611328125 340.146484375 4072.240478515625
310.1947021484375 219.35171508789062 4089.7705078125
306.6354675292969 275.242431640625 4092.593994140625
320.59979248046875 341.4750061035156 4122.69189453125
331.85772705078125 116.57331085205078 4072.186767578125
330.125 153.189208984375 4090.684814453125
355.02679443359375 153.51156616210938 4077.8642578125
360.9846496582031 191.2998809814453 4122.5439453125
369.52728271484375 231.8224639892578 3937.26953125
305.3788146972656 152.86886596679688 4103.50537109375
295.569580078125 192.13006591796875 4138.59375
287.82452392578125 234.15045166015625 4082.599609375
329.31353759765625 186.0107421875 4085.374755859375
347.0394287109375 219.31161499023438 4070.534912109375
342.2703857421875 276.58135986328125 4127.7900390625
330.72686767578125 337.9877014160156 4057.735107421875
310.0468444824219 218.52560424804688 4089.594482421875
307.9609375 275.13525390625 4091.718505859375
320.5428161621094 340.36590576171875 4124.7451171875
331.9608459472656 116.14840698242188 4068.054931640625
329.9115295410156 153.2259063720703 4091.297119140625
354.75225830078125 153.544677734375 4078.42578125
361.087646484375 189.9550018310547 4134.6552734375
361.7649230957031 224.18887329101562 4047.191162109375
305.2265930175781 152.90914916992188 4104.1689453125
295.5932922363281 193.1716766357422 4138.3125
288.3895568847656 236.65904235839844 4038.85009765625
329.1263427734375 185.66973876953125 4087.18505859375
346.7830505371094 218.56787109375 4073.526123046875
345.0087585449219 277.2279052734375 4107.248046875
330.9940490722656 338.7313537597656 4057.1357421875
309.9821472167969 217.7917938232422 4092.619873046875
308.0308837890625 274.6117248535156 4094.802001953125
320.7574768066406 339.1327209472656 4129.85400390625
332.00579833984375 115.91893005371094 4066.485107421875
329.74249267578125 152.82327270507812 4093.91259765625
354.4949645996094 153.79859924316406 4087.350341796875
361.29718017578125 190.97760009765625 4146.36181640625
369.5656433105469 229.8407440185547 3998.463623046875
305.06927490234375 151.85105895996094 4100.474609375
295.62969970703125 191.56959533691406 4135.17822265625
288.289306640625 234.17044067382812 4047.86083984375
328.2449951171875 184.8583984375 4085.715087890625
346.53656005859375 217.88491821289062 4072.287841796875
344.50177001953125 276.3184509277344 4103.9638671875
331.2629699707031 338.6728210449219 4055.326171875
306.9971008300781 216.16195678710938 4082.747314453125
308.23712158203125 274.66748046875 4102.044921875
321.826171875 333.28106689453125 4124.24169921875
331.96746826171875 115.81548309326172 4067.081298828125
329.5722961425781 153.38211059570312 4095.246337890625
354.485595703125 154.53659057617188 4087.70361328125
361.6598205566406 190.906982421875 4152.90673828125
371.6611633300781 231.94625854492188 3962.07666015625
304.7505798339844 152.23187255859375 4102.7890625
295.4749450683594 192.13026428222656 4136.2255859375
287.63201904296875 234.9483642578125 4052.818115234375
327.8781433105469 184.28240966796875 4086.568359375
346.3183898925781 216.3402557373047 4071.814453125
342.97149658203125 275.1865234375 4067.44921875
331.66290283203125 336.5574645996094 4065.1904296875
306.0950622558594 214.29129028320312 4083.96630859375
308.01531982421875 275.35308837890625 4109.76171875
321.6320495605469 334.86627197265625 4145.71533203125
332.0286865234375 115.80188751220703 4068.6083984375
329.56658935546875 153.73760986328125 4096.14453125
354.597900390625 155.31954956054688 4090.842529296875
361.3479919433594 191.66278076171875 4155.52490234375
367.2085876464844 225.49020385742188 3984.627197265625
304.5999755859375 152.1597900390625 4101.44677734375
295.3871765136719 193.90383911132812 4156.66552734375
286.8082580566406 233.07469177246094 4038.779541015625
327.40582275390625 184.572021484375 4085.751708984375
345.9635009765625 216.9404296875 4070.988037109375
344.63470458984375 277.8340759277344 4050.386962890625
331.9656066894531 336.650146484375 4068.73388671875
304.54901123046875 214.18992614746094 4079.729248046875
306.698486328125 272.506591796875 4095.745361328125
321.64508056640625 334.6767272949219 4153.78271484375
332.1416320800781 115.70796966552734 4068.6474609375
329.220458984375 153.67727661132812 4099.61181640625
354.19171142578125 154.94456481933594 4093.47265625
361.137939453125 194.60586547851562 4129.9296875
370.66143798828125 235.7083740234375 4020.06005859375
304.3238525390625 152.41378784179688 4105.75048828125
295.2825927734375 194.5322723388672 4166.74072265625
287.5119934082031 235.8480987548828 4046.480712890625
327.3800964355469 184.78521728515625 4086.59619140625
345.8154602050781 217.19781494140625 4068.62255859375
344.9692687988281 276.146484375 4066.294677734375
331.93109130859375 336.654296875 4071.9755859375
305.289794921875 214.98875427246094 4078.5390625
311.0552978515625 276.1192932128906 4101.0869140625
317.328369140625 337.4422302246094 4123.71826171875
332.2733459472656 115.59559631347656 4069.369384765625
328.25830078125 152.87002563476562 4104.36181640625
352.9586486816406 153.81439208984375 4098.0966796875
360.962646484375 193.0585174560547 4121.6435546875
366.2026672363281 234.24954223632812 4026.078857421875
303.63323974609375 151.92852783203125 4110.62646484375
295.38214111328125 190.9922332763672 4158.86767578125
287.6004333496094 231.19644165039062 4044.890869140625
326.75140380859375 184.42544555664062 4088.22509765625
345.36407470703125 217.07974243164062 4067.02001953125
344.5216064453125 275.99200439453125 4066.82470703125
332.0166015625 336.8935546875 4075.14013671875
305.151123046875 215.38427734375 4077.15673828125
308.2438659667969 279.29376220703125 4092.170654296875
315.2067565917969 338.69024658203125 4104.9619140625
332.418212890625 115.65362548828125 4069.645751953125
328.3724365234375 153.70822143554688 4103.1806640625
353.2912292480469 154.6920928955078 4093.72509765625
360.9559326171875 193.56927490234375 4128.8564453125
367.4512939453125 235.42999267578125 4046.076171875
303.5682373046875 152.7288818359375 4112.63623046875
295.17755126953125 193.41917419433594 4147.83349609375
287.77935791015625 235.28125 4047.286865234375
326.74139404296875 185.56671142578125 4090.45263671875
345.0209045410156 218.5289306640625 4070.206787109375
342.8139953613281 275.9729309082031 4054.07470703125
329.5086364746094 339.0987548828125 4060.321533203125
305.252685546875 216.72259521484375 4085.24267578125
310.8902587890625 282.1540832519531 4089.866943359375
320.21173095703125 340.5647888183594 4094.341552734375
332.36968994140625 115.67515563964844 4069.82568359375
328.4013671875 154.0313720703125 4102.0625
353.23907470703125 154.90794372558594 4097.2822265625
359.82403564453125 190.18252563476562 4145.8896484375
367.8055419921875 233.7643280029297 4050.50732421875
303.62152099609375 153.15682983398438 4106.8427734375
295.4372863769531 192.2802276611328 4145.34228515625
288.3097839355469 235.52964782714844 4053.257568359375
327.0161437988281 186.8259735107422 4088.225341796875
345.10400390625 220.5912322998047 4070.662109375
342.9116516113281 282.2048034667969 4031.927734375
328.84185791015625 341.3132629394531 4042.938720703125
306.1746520996094 219.09678649902344 4078.11376953125
310.7872314453125 299.58868408203125 4087.8896484375
321.0872497558594 340.3658447265625 4091.32275390625
332.38104248046875 115.610107421875 4069.696533203125
328.4949035644531 154.11923217773438 4100.41748046875
353.1809997558594 153.83200073242188 4093.16162109375
360.3533020019531 190.67893981933594 4141.400390625
367.8627014160156 236.05865478515625 4065.480712890625
303.89605712890625 154.40545654296875 4107.67333984375
295.7780456542969 193.22325134277344 4150.62890625
289.0577392578125 235.42315673828125 4046.763916015625
328.6009216308594 186.19558715820312 4090.059326171875
345.07855224609375 218.3199462890625 4074.910888671875
343.0076904296875 279.4425048828125 4041.403564453125
329.77191162109375 339.104248046875 4056.76953125
312.374755859375 218.5494384765625 4084.491455078125
310.6949157714844 298.46331787109375 4088.247314453125
321.0442199707031 344.398193359375 4101.39013671875
332.3134765625 115.45124816894531 4069.651123046875
328.5322265625 154.55685424804688 4097.46826171875
353.2524719238281 154.12376403808594 4088.377197265625
360.6482238769531 191.24560546875 4139.8251953125
367.3195495605469 234.0409698486328 4086.14208984375
303.92144775390625 154.98800659179688 4106.5595703125
295.50433349609375 193.97898864746094 4152.1220703125
291.61090087890625 237.5731964111328 4030.014404296875
328.80340576171875 186.33489990234375 4090.536376953125
345.0757141113281 218.03213500976562 4077.73583984375
342.3262939453125 278.93060302734375 4047.0517578125
329.7149963378906 339.07720947265625 4052.062255859375
313.1212158203125 218.40895080566406 4089.472900390625
319.2156982421875 272.14398193359375 4144.3818359375
321.465576171875 343.0321044921875 4104.52880859375
332.3555908203125 115.42992401123047 4070.31689453125
328.4365539550781 154.51400756835938 4096.39501953125
353.0654296875 153.93521118164062 4085.31982421875
360.7185974121094 191.67222595214844 4138.1591796875
364.5684509277344 234.33871459960938 4060.34814453125
303.94049072265625 155.0896759033203 4107.4697265625
295.3332214355469 194.0081787109375 4155.740234375
290.1694641113281 237.53219604492188 4036.7216796875
328.8619384765625 186.13088989257812 4091.54638671875
345.0575866699219 217.5621337890625 4079.61767578125
342.1700439453125 277.49053955078125 4054.724853515625
331.21978759765625 335.3824768066406 4044.427734375
313.5735778808594 218.08258056640625 4093.778564453125
315.9930419921875 272.9452819824219 4147.66259765625
320.6867980957031 341.70867919921875 4110.93505859375
332.2897033691406 115.33861541748047 4073.134033203125
328.4299621582031 154.18785095214844 4095.47802734375
352.8485412597656 153.51779174804688 4082.23095703125
360.93804931640625 192.85943603515625 4140.46240234375
364.52606201171875 233.78797912597656 4042.71728515625
304.1688537597656 154.85357666015625 4108.72509765625
294.393798828125 193.40826416015625 4156.92822265625
294.8691711425781 239.59390258789062 4027.0390625
328.95184326171875 185.83197021484375 4093.1884765625
345.06005859375 217.21505737304688 4082.4443359375
343.27154541015625 282.30059814453125 4067.0947265625
331.1680603027344 336.83062744140625 4053.64306640625
313.9528503417969 217.80677795410156 4099.353515625
315.369140625 272.6866455078125 4155.07958984375
320.4912414550781 339.6051940917969 4118.1572265625
332.1773376464844 115.21841430664062 4072.562744140625
328.5010070800781 154.22695922851562 4094.538330078125
352.898681640625 152.79202270507812 4079.533203125
360.7242431640625 191.6979217529297 4138.265625
363.6543273925781 231.2974853515625 4022.313232421875
304.2815246582031 155.65139770507812 4109.54345703125
294.8495178222656 194.56185913085938 4157.08984375
292.60137939453125 242.61285400390625 4039.10888671875
329.984375 185.62181091308594 4093.968017578125
348.7109069824219 216.17491149902344 4082.789306640625
343.4241943359375 281.46160888671875 4070.621337890625
331.0622863769531 336.42120361328125 4051.4365234375
314.31451416015625 217.8715057373047 4104.005859375
315.3587646484375 273.51416015625 4153.59375
320.34246826171875 341.3827819824219 4124.92578125
332.1047058105469 115.33694458007812 4074.14501953125
328.4520263671875 154.09654235839844 4094.30126953125
352.7547607421875 152.31326293945312 4078.95361328125
360.6459655761719 191.33416748046875 4137.7841796875
363.6641845703125 230.94662475585938 4016.824951171875
304.3308410644531 155.86647033691406 4109.64892578125
295.05096435546875 195.08375549316406 4159.5029296875
294.98406982421875 241.35812377929688 4041.19140625
330.4046936035156 185.36793518066406 4095.7880859375
350.22381591796875 215.4792022705078 4085.978271484375
347.3173522949219 278.98883056640625 4101.34130859375
331.0967712402344 336.4143981933594 4049.067138671875
314.5863037109375 217.7478485107422 4108.5712890625
315.4270935058594 273.9615783691406 4151.91552734375
319.9418640136719 343.23828125 4126.0537109375
332.05682373046875 115.50897979736328 4073.01513671875
328.44073486328125 154.07583618164062 4094.77001953125
352.78125 152.16305541992188 4081.320556640625
360.4896545410156 191.21055603027344 4142.033203125
363.9934387207031 235.65687561035156 4018.623046875
304.25958251953125 155.97608947753906 4108.2197265625
294.7742004394531 195.35630798339844 4155.4404296875
293.0450744628906 242.9400634765625 4036.0703125
330.6040954589844 185.115234375 4097.81298828125
351.69091796875 214.78094482421875 4090.380859375
347.5576171875 280.4154052734375 4099.33544921875
335.3203430175781 335.3262023925781 4064.637451171875
313.93402099609375 217.42938232421875 4111.3310546875
315.3869323730469 275.4065856933594 4153.52197265625
320.7117614746094 342.79095458984375 4132.04150390625
332.0380554199219 115.31592559814453 4069.548583984375
328.4507141113281 153.85174560546875 4094.12353515625
352.7211608886719 151.89427185058594 4082.614013671875
360.2754211425781 190.76463317871094 4145.685546875
363.8546142578125 233.6942596435547 3997.987548828125
304.31634521484375 155.7982635498047 4105.6328125
294.7833251953125 195.04025268554688 4152.04052734375
286.5093994140625 237.78317260742188 4145.68798828125
330.7137451171875 184.57708740234375 4098.76904296875
353.1663818359375 213.74884033203125 4093.816650390625
347.8304443359375 280.9701843261719 4099.63037109375
333.3622131347656 337.01007080078125 4054.400146484375
312.8711853027344 216.70993041992188 4113.01220703125
314.6404724121094 275.3545837402344 4157.36962890625
325.9657897949219 340.19488525390625 4137.28515625
332.00115966796875 115.23693084716797 4069.339599609375
328.3704833984375 153.6975555419922 4095.014892578125
352.5553283691406 151.84161376953125 4081.767822265625
360.2875061035156 190.58023071289062 4143.7744140625
364.80377197265625 232.13906860351562 4055.659912109375
304.3416442871094 155.54153442382812 4108.26220703125
296.5879821777344 195.020263671875 4183.623046875
290.1835632324219 238.8937530517578 4050.110107421875
330.4831848144531 184.5691680908203 4099.33935546875
352.6377868652344 214.00405883789062 4092.660400390625
347.4821472167969 280.2648620605469 4104.36328125
332.7078857421875 337.2012023925781 4050.83447265625
312.65234375 216.7400360107422 4114.6669921875
313.80523681640625 276.1251220703125 4152.5986328125
324.7904968261719 341.82598876953125 4106.2763671875
331.8465576171875 115.22515106201172 4069.36962890625
328.274169921875 153.64993286132812 4097.0712890625
352.49365234375 151.75189208984375 4083.6171875
360.17803955078125 190.53179931640625 4144.4912109375
365.3062744140625 230.4798583984375 4024.827880859375
304.21319580078125 155.53555297851562 4110.525390625
296.53521728515625 194.55667114257812 4176.47998046875
289.0205078125 238.374267578125 4058.538818359375
330.4034423828125 184.27871704101562 4100.39501953125
353.0591735839844 213.4207763671875 4092.296875
347.6953125 279.265380859375 4105.26220703125
332.871337890625 337.59246826171875 4051.799560546875
312.1133728027344 216.2870330810547 4115.140625
309.74407958984375 276.3744812011719 4109.82666015625
321.2730407714844 340.67730712890625 4115.671875
331.8129577636719 115.27626037597656 4070.33740234375
328.24383544921875 153.6717529296875 4098.212890625
352.5906066894531 152.2220458984375 4089.654052734375
360.24298095703125 190.81463623046875 4149.9140625
365.947021484375 232.38331604003906 4060.95068359375
303.9985046386719 155.11544799804688 4106.77197265625
296.1419982910156 194.42495727539062 4167.58837890625
286.4866638183594 235.63917541503906 4069.104248046875
329.7986145019531 183.39990234375 4095.742431640625
352.37933349609375 212.01988220214844 4085.889892578125
346.7874755859375 277.7935485839844 4102.0703125
332.5653076171875 336.2613525390625 4047.25439453125
310.406982421875 214.3038330078125 4100.65380859375
298.3696594238281 254.0341796875 4029.40185546875
321.02008056640625 341.1216125488281 4119.35595703125
328.6895446777344 117.53094482421875 4088.671142578125
328.2447509765625 153.51780700683594 4095.7919921875
352.5657653808594 152.4249267578125 4087.722900390625
360.3243408203125 191.1407470703125 4151.0556640625
365.94818115234375 232.79159545898438 4051.96142578125
304.0194091796875 154.60635375976562 4103.86083984375
295.45599365234375 196.24734497070312 4160.22998046875
287.9310302734375 236.31576538085938 4057.791259765625
329.36669921875 183.35379028320312 4091.8974609375
351.7235412597656 212.39559936523438 4080.971435546875
346.8425598144531 277.11163330078125 4093.822265625
335.7229309082031 333.27996826171875 4047.96826171875
309.3309326171875 214.09471130371094 4095.03466796875
302.3436279296875 263.0899963378906 4052.325927734375
320.87255859375 341.152587890625 4120.7177734375
329.8615417480469 118.05099487304688 4087.685302734375
328.29278564453125 153.5260009765625 4095.516845703125
352.635009765625 153.00897216796875 4092.977783203125
360.37969970703125 191.379638671875 4155.779296875
363.9010314941406 234.3816375732422 4019.911865234375
303.9806823730469 154.04241943359375 4098.0556640625
295.4260559082031 195.05458068847656 4152.00048828125
288.4465026855469 235.95938110351562 4045.79541015625
328.8499755859375 184.72718811035156 4086.749755859375
351.1259765625 215.63587951660156 4075.727294921875
346.1123962402344 280.26025390625 4085.260498046875
335.2817077636719 341.39208984375 4046.88232421875
307.7171936035156 216.4886932373047 4080.238037109375
304.21429443359375 264.8731384277344 4072.8544921875
319.7499084472656 337.79541015625 4123.0458984375
330.83001708984375 118.37954711914062 4086.259033203125
328.3822021484375 153.48458862304688 4095.678466796875
352.7468566894531 152.96051025390625 4090.13818359375
360.2297668457031 190.40554809570312 4151.0810546875
364.53375244140625 233.23867797851562 4038.07421875
304.0833435058594 154.00723266601562 4101.21826171875
295.68597412109375 193.4899139404297 4152.36865234375
290.6275329589844 240.7146453857422 4048.00146484375
328.87762451171875 184.36569213867188 4090.529296875
350.84808349609375 214.93658447265625 4080.509033203125
346.0560607910156 279.07586669921875 4093.794189453125
335.16912841796875 341.14215087890625 4052.942138671875
307.95172119140625 215.71176147460938 4090.251220703125
318.9308166503906 270.8431091308594 4184.87158203125
319.53228759765625 338.4429931640625 4119.75390625
331.06793212890625 117.54246520996094 4083.3984375
328.45147705078125 153.4940643310547 4096.1298828125
352.8512878417969 153.30911254882812 4093.217529296875
360.1805114746094 190.48915100097656 4155.5634765625
363.93914794921875 235.19044494628906 4023.9150390625
304.0863342285156 153.6787567138672 4099.0419921875
296.1025390625 193.46438598632812 4152.802734375
289.9873046875 238.81887817382812 4065.7001953125
328.57879638671875 184.59283447265625 4089.1875
350.5592956542969 215.6714324951172 4079.6455078125
345.6524353027344 277.98846435546875 4093.744384765625
335.2071228027344 341.36566162109375 4060.931640625
306.88153076171875 215.9231719970703 4084.8447265625
318.01470947265625 270.5223388671875 4181.80615234375
319.5109558105469 337.62396240234375 4125.76171875
331.4665832519531 116.71446990966797 4079.1328125
328.7958679199219 152.79635620117188 4096.6748046875
352.5193176269531 150.56524658203125 4071.060791015625
360.1080627441406 187.73263549804688 4134.17822265625
366.04315185546875 229.14151000976562 3995.62890625
305.3671875 154.99974060058594 4122.28857421875
297.469482421875 194.09234619140625 4172.2412109375
292.8669128417969 244.24285888671875 4067.60302734375
331.283935546875 182.9572296142578 4108.18896484375
350.3016357421875 211.6592559814453 4101.73046875
339.93341064453125 271.5542907714844 4127.44140625
334.9714660644531 336.94036865234375 4085.0615234375
317.3583068847656 214.22854614257812 4137.67578125
317.6737976074219 275.12725830078125 4150.3876953125
318.8001708984375 342.9820251464844 4109.13427734375
331.5594177246094 116.418212890625 4078.31396484375
328.9413757324219 153.124755859375 4095.9345703125
352.8409423828125 151.11260986328125 4071.816162109375
360.4140625 188.2248077392578 4137.072265625
363.01776123046875 236.27232360839844 3998.150146484375
305.32159423828125 155.11334228515625 4120.05322265625
297.62615966796875 193.6692352294922 4166.0693359375
292.1475830078125 244.1142120361328 4078.85498046875
331.1579284667969 183.39468383789062 4106.96240234375
349.7760009765625 212.36746215820312 4101.32470703125
340.7922668457031 271.4415588378906 4136.3740234375
334.5933532714844 336.8099670410156 4084.80615234375
317.08154296875 214.62835693359375 4134.65576171875
316.89227294921875 274.9833679199219 4146.40380859375
318.8258056640625 342.605224609375 4112.7119140625
331.60614013671875 116.30706024169922 4078.118408203125
328.92694091796875 153.28416442871094 4095.757568359375
352.897705078125 151.48074340820312 4073.201416015625
361.2098693847656 190.780517578125 4139.271484375
363.62384033203125 229.89126586914062 4084.573486328125
305.2187805175781 155.06784057617188 4118.3134765625
296.07269287109375 195.01661682128906 4184.595703125
292.1105651855469 243.9457550048828 4083.9794921875
330.89886474609375 183.6862335205078 4106.36328125
349.3184509277344 212.92494201660156 4101.3896484375
341.70306396484375 272.1998291015625 4135.5595703125
333.6509704589844 337.796875 4084.08837890625
316.52685546875 214.93077087402344 4132.548828125
316.18145751953125 274.9976501464844 4143.142578125
319.02972412109375 343.21142578125 4108.97216796875
331.637939453125 116.24137115478516 4077.939208984375
329.1465759277344 153.48939514160156 4095.52001953125
353.40216064453125 152.078857421875 4079.84423828125
361.54736328125 191.8162384033203 4146.8076171875
364.0155334472656 235.1088409423828 3998.330810546875
305.07598876953125 154.88919067382812 4111.19580078125
296.4122009277344 194.69754028320312 4169.99658203125
290.413818359375 240.04595947265625 4088.724365234375
330.80780029296875 184.1627960205078 4111.78466796875
349.05718994140625 213.79017639160156 4117.2275390625
341.4664001464844 273.3543701171875 4125.705078125
329.7370910644531 339.53521728515625 4071.6103515625
315.9414367675781 215.3945770263672 4138.87109375
315.8818359375 274.70159912109375 4156.25244140625
319.1978759765625 343.16546630859375 4118.4951171875
331.6617126464844 116.27564239501953 4081.002685546875
329.23388671875 153.45791625976562 4097.57275390625
353.5899353027344 153.37515258789062 4083.950927734375
361.2685546875 192.02919006347656 4148.04248046875
365.3497619628906 231.07989501953125 3963.7109375
305.0392150878906 153.54014587402344 4111.1943359375
296.39959716796875 192.95196533203125 4164.91455078125
290.30035400390625 237.79708862304688 4078.39111328125
329.17218017578125 184.78875732421875 4108.44189453125
348.6327819824219 216.0550079345703 4108.32763671875
341.66949462890625 276.2156677246094 4123.57080078125
329.1659240722656 340.97857666015625 4060.270751953125
309.692626953125 215.85406494140625 4130.29443359375
315.41778564453125 272.7233581542969 4156.38720703125
319.13214111328125 340.9841613769531 4120.54052734375
331.6379699707031 116.2539291381836 4083.28662109375
329.6820983886719 152.810302734375 4102.412109375
354.4552917480469 153.0591278076172 4086.73974609375
361.469970703125 192.3372802734375 4141.94775390625
365.6330871582031 230.50570678710938 4001.840576171875
305.0975036621094 152.5634002685547 4118.08447265625
296.65155029296875 192.03720092773438 4172.0263671875
289.584716796875 239.24966430664062 4130.3916015625
329.0500793457031 183.83969116210938 4105.25390625
348.2685852050781 215.2161407470703 4095.5087890625
341.8113098144531 277.5060729980469 4124.6337890625
332.6552429199219 375.285888671875 4143.12939453125
308.6905212402344 214.4385223388672 4120.6826171875
314.7529602050781 270.3779602050781 4154.078125
319.1985778808594 342.4814758300781 4117.0517578125
331.656005859375 116.17835235595703 4084.505615234375
329.54205322265625 152.96511840820312 4099.74951171875
354.18927001953125 153.3136444091797 4084.28662109375
361.8615417480469 191.7003936767578 4142.2001953125
366.009033203125 232.33375549316406 4006.14892578125
305.080078125 152.61920166015625 4115.21240234375
296.67218017578125 191.62408447265625 4169.4560546875
290.3946838378906 237.48077392578125 4082.263427734375
328.82232666015625 184.05044555664062 4104.9248046875
348.2149963378906 215.53379821777344 4097.43994140625
347.38726806640625 273.1358642578125 4112.044921875
332.9296569824219 374.3572082519531 4144.16162109375
308.11724853515625 214.58412170410156 4122.76025390625
313.81878662109375 270.825439453125 4159.28076171875
319.1161804199219 343.3651123046875 4126.548828125
331.6571960449219 116.0544662475586 4082.63720703125
329.4070129394531 153.09292602539062 4098.84814453125
353.9580078125 153.588134765625 4083.52294921875
361.72857666015625 191.42593383789062 4143.2880859375
365.3380432128906 234.55142211914062 4014.4560546875
305.0389099121094 152.60140991210938 4114.17333984375
296.0025329589844 190.89788818359375 4191.24951171875
292.6671142578125 239.1669921875 4057.893310546875
328.52154541015625 184.25033569335938 4105.33935546875
347.79193115234375 215.90768432617188 4099.19873046875
349.61761474609375 275.64599609375 4113.88427734375
331.1864013671875 354.1755676269531 4103.796875
307.60919189453125 214.71470642089844 4124.46240234375
313.6180725097656 271.2862854003906 4161.0771484375
318.70904541015625 342.9847412109375 4132.74609375
