-303.567941 40.016125 4083.829761
-299.984851 76.467355 4094.794580
-274.942899 76.482780 4102.125317
-270.378912 127.575335 4176.888257
-268.506012 173.768008 4025.007959
-325.116669 76.451863 4087.463843
-335.211169 123.978951 4176.335034
-329.261777 176.953168 3991.822119
-300.096637 117.183930 4117.581982
-283.351917 157.365326 4145.355371
-286.641913 244.329443 4244.679517
-296.898151 313.561230 4253.337720
-317.103064 157.539584 4135.383398
-327.926825 250.990808 4148.546875
-320.635095 324.814847 4279.138843
-303.301904 38.944760 4077.780566
-299.987436 76.451645 4094.949268
-275.094044 76.599803 4106.874976
-270.110291 126.357867 4182.025439
-268.023016 176.053543 4003.674243
-325.026266 76.302614 4083.023560
-335.188409 121.979595 4174.165112
-329.184265 176.904341 4027.883105
-300.017413 117.012550 4115.091406
-283.783350 157.121982 4143.093604
-283.393224 223.682506 4171.668359
-310.784207 301.046783 4196.766406
-316.372763 157.234892 4127.373486
-329.148816 251.293889 4154.858447
-310.161496 295.508850 4184.996191
-303.803027 41.143753 4076.938379
-300.003667 76.296252 4087.671973
-275.422923 76.029259 4094.777930
-269.877219 128.280694 4168.913794
-267.065619 174.889879 3976.493018
-324.669995 76.564102 4080.566016
-335.021301 122.295097 4174.221777
-329.131393 177.255527 4026.437207
-299.601254 115.987402 4107.141650
-283.131953 155.039861 4131.298682
-283.716547 230.360957 4178.902417
-307.005341 303.587109 4184.648145
-315.309891 155.568829 4121.923975
-325.081857 252.300801 4143.686841
-306.248856 296.002386 4150.042188
-304.508940 44.943802 4094.358716
-299.692311 76.013196 4088.849854
-275.171858 75.761359 4094.235986
-268.729684 128.920886 4157.046094
-266.919257 170.411948 3987.966211
-324.277469 76.265721 4083.463721
-334.638980 125.145091 4160.587256
-333.656171 158.374001 4030.263306
-299.280634 114.975890 4103.074390
-282.834412 153.437814 4120.844653
-279.514102 236.574121 4186.008911
-308.036188 304.697583 4191.477759
-314.936801 153.901306 4113.753198
-325.855530 250.016106 4138.544556
-305.064865 295.829739 4139.818579
-304.362242 43.362334 4091.156470
-299.027319 75.741922 4087.447729
-275.044043 75.658032 4094.403027
-268.352080 129.790819 4153.025024
-265.318738 168.076126 4005.595483
-323.092371 75.826097 4080.492432
-334.260654 127.568965 4148.857593
-329.337778 174.985904 3991.572632
-298.791495 114.812802 4101.983252
-282.680328 153.464636 4121.153491
-277.792465 240.550090 4190.244824
-308.000302 305.606976 4186.850293
-314.470087 153.751184 4111.884058
-324.547098 247.346756 4145.412036
-304.514865 295.113101 4154.687646
-304.357492 42.864349 4090.526172
-299.530322 75.972795 4087.657739
-275.626505 75.232507 4094.848560
-268.956143 130.050880 4154.242383
-266.942184 169.787927 3980.422778
-323.518433 76.715735 4080.466919
-333.540625 129.469040 4145.024512
-319.444391 157.194324 3974.124365
-298.211232 116.001551 4103.120044
-280.589026 155.128836 4123.524829
-284.983588 255.678816 4160.859839
-303.151984 336.790070 4279.730469
-313.254272 156.332095 4113.639868
-324.710748 249.566914 4146.284570
-315.872009 323.647205 4213.736377
-305.402438 42.311244 4093.760913
-299.634018 76.096498 4088.293945
-275.741312 75.285295 4096.540723
-269.411411 130.226230 4154.976611
-265.199365 170.007085 3972.797437
-323.623303 76.910957 4080.047168
-333.209933 131.291049 4142.340576
-319.149921 159.633002 3971.639429
-298.117892 115.716472 4102.274365
-281.053088 154.435361 4121.659448
-284.516068 255.072923 4154.526782
-302.441858 337.153223 4281.284058
-312.211978 155.700908 4110.850122
-325.229462 249.070541 4146.598779
-315.991281 324.630753 4213.085938
-305.919221 41.441446 4096.589600
-299.560468 76.151015 4087.929517
-275.800343 75.386977 4099.214990
-269.944626 130.388773 4157.080469
-265.989319 172.159114 3983.538550
-323.452133 76.919266 4076.644043
-333.083746 131.435229 4139.596484
-319.494443 158.948288 3974.644824
-297.847458 116.110828 4099.406738
-280.836986 155.213666 4118.190796
-284.426270 252.164644 4151.821899
-301.918428 336.659619 4280.372583
-311.505511 156.483560 4103.577124
-324.523163 249.491518 4149.099023
-316.019949 326.873990 4213.115747
-305.550009 41.887448 4094.981494
-299.474664 76.146382 4087.199585
-275.727313 75.439513 4098.077930
-269.854224 130.619948 4154.460181
-267.831839 174.278229 3991.222974
-323.348773 76.857045 4076.321240
-333.172034 131.254056 4139.081665
-333.544720 162.697664 4005.501489
-297.879282 116.724391 4099.653809
-281.176389 156.469662 4119.070850
-282.443228 254.093001 4176.174707
-301.722081 336.440613 4286.413184
-311.462006 157.645529 4105.145215
-324.863690 252.398991 4156.548462
-316.286523 329.696500 4208.808398
-303.777246 38.441422 4076.395630
-299.670642 75.976488 4084.474292
-276.082661 75.506886 4095.861279
-269.898518 130.145026 4154.246411
-267.099994 174.931454 3995.153003
-323.390533 76.448724 4073.087305
-333.265222 130.504990 4137.118799
-319.201215 156.701727 3970.021118
-298.464127 116.963254 4098.470825
-281.542395 157.206459 4120.104785
-281.878122 248.524368 4208.798999
-306.104306 317.401965 4255.400757
-313.047754 158.137320 4104.829932
-328.282593 250.570889 4212.623755
-316.590527 330.698981 4224.601294
-304.141507 39.635634 4082.549829
-299.560165 76.107878 4083.464795
-275.819612 76.056920 4092.682129
-271.132997 126.584712 4161.668188
-267.708405 173.216129 3989.948413
-323.408157 76.159071 4074.247461
-333.618842 129.513150 4144.020654
-319.403033 156.467749 3967.337988
-299.246057 117.941959 4099.722021
-281.201163 159.267281 4122.915479
-282.877582 249.185953 4249.048096
-305.336038 317.988556 4261.112646
-316.727557 159.624442 4109.043018
-328.978049 249.356535 4219.424634
-317.709930 330.839536 4235.408203
-302.154102 38.015913 4061.691992
-299.692731 75.964386 4084.200903
-275.906909 76.463210 4097.246484
-271.281458 126.714944 4165.766602
-268.092522 176.140807 3996.202783
-323.630991 75.462373 4071.155322
-334.837778 123.511943 4131.535547
-319.407297 158.071373 3959.222534
-299.894919 117.827144 4093.909424
-280.836969 159.680368 4114.224243
-280.414566 252.435968 4249.988306
-304.782262 318.766324 4263.982959
-319.455167 159.302277 4093.011646
-329.311426 247.635435 4228.353540
-318.649872 328.041498 4248.699243
-302.020529 37.896994 4064.135034
-299.759802 75.837276 4083.932617
-275.796751 76.315421 4095.146387
-271.223383 126.381559 4163.128320
-267.981659 176.069287 4011.226001
-323.854831 75.356496 4072.718848
-334.662244 122.016706 4127.980420
-318.593173 158.513280 3953.904614
-300.066156 117.414980 4094.416187
-281.251097 158.980582 4113.887476
-280.298651 254.279529 4254.226367
-304.180330 320.249854 4275.737329
-319.574707 158.579160 4095.912036
-328.482935 240.456029 4224.863403
-318.737152 327.854047 4248.168311
-302.885880 38.974553 4073.485840
-299.646036 75.630992 4083.708643
-275.503842 76.129832 4093.056226
-271.106326 126.030885 4161.001099
-268.754425 175.669711 3992.064087
-323.899008 75.129869 4074.361060
-334.609573 121.549924 4128.996094
-333.375128 160.157422 3984.718848
-300.126715 117.516174 4095.003784
-281.757877 159.411411 4113.632349
-283.581279 256.694960 4236.378760
-303.822112 320.804419 4285.788794
-319.519116 158.929623 4098.965503
-326.482404 237.676740 4215.837549
-318.752863 327.702313 4256.030249
-302.046310 38.704538 4067.387231
-299.484517 75.293066 4083.168579
-275.279733 75.837041 4091.139551
-270.786444 124.617406 4161.559961
-266.934497 173.965329 3989.317310
-323.784000 74.746960 4075.197607
-334.215268 120.992514 4129.729248
-333.524512 161.836946 3986.277539
-300.169415 117.189410 4096.086865
-281.696243 159.123973 4115.349487
-288.270999 252.488101 4220.295825
-303.519199 322.035977 4295.498926
-320.062973 158.519742 4102.660815
-328.838132 238.377197 4183.495508
-319.346973 328.001953 4257.848096
-302.136763 39.501105 4070.446069
-299.352086 75.135727 4081.830908
-275.114539 75.792041 4089.786841
-270.460519 124.248144 4157.206958
-267.634418 173.721985 3980.870996
-323.684299 74.476845 4073.874976
-334.224399 120.379798 4132.235400
-319.163751 159.937845 3951.055786
-300.175827 116.807391 4092.867700
-281.607066 158.650494 4110.299585
-284.819031 245.886557 4216.430249
-302.633170 321.932852 4299.832324
-320.443784 157.858090 4097.509399
-331.236023 244.202803 4190.509082
-320.068210 329.475009 4257.016382
-302.196198 40.015286 4070.646143
-299.433609 75.134602 4082.027222
-275.100742 75.759697 4089.926221
-270.309793 124.022600 4155.723193
-266.887299 172.178568 3988.846802
-323.860806 74.507124 4074.128223
-334.307281 121.656792 4137.319141
-333.566071 163.362756 3986.940332
-300.198151 116.490279 4092.914697
-281.926630 157.990773 4110.010083
-286.688188 244.368199 4212.968311
-301.144403 321.966959 4306.857178
-320.048303 157.261143 4097.594263
-318.275439 242.689883 4072.856885
-320.245020 330.387256 4258.514380
-302.352748 40.471745 4069.689282
-299.520486 75.131313 4081.724023
-275.206888 75.688614 4089.822290
-269.753180 123.863951 4151.111841
-268.402048 173.954956 3980.882544
-323.930765 74.571796 4073.625757
-334.104959 122.651057 4138.958936
-320.273822 161.345844 3935.209180
-300.161594 116.504092 4092.688843
-281.968289 157.960812 4109.956104
-282.113712 245.339578 4224.320386
-300.797598 322.333771 4311.054688
-319.688171 157.349783 4097.351221
-320.633517 242.213165 4109.322314
-320.686053 331.097986 4256.719092
-302.370557 40.879126 4068.826953
-299.662384 75.222806 4080.405151
-275.132616 75.812837 4087.034961
-269.778055 124.887153 4148.431396
-268.329018 173.732492 3979.578979
-324.271964 74.630844 4073.775342
-333.815726 122.691425 4137.982471
-329.122363 175.775606 3968.142847
-300.434882 116.596433 4090.989429
-282.465048 158.104926 4106.662012
-287.615356 243.174255 4241.598657
-300.766312 323.332526 4307.213818
-319.988281 157.407220 4096.485400
-322.151624 245.851175 4145.018066
-321.063574 331.331595 4256.017627
-302.621051 41.064093 4071.452612
-299.659430 75.242075 4079.442920
-275.085501 75.966803 4086.057959
-269.816962 124.843454 4148.266235
-267.526257 175.795093 3980.682739
-324.313187 74.514980 4072.827881
-334.233731 124.513644 4139.035474
-321.645129 167.071262 3930.237158
-300.697914 117.244699 4091.309546
-282.241107 159.471567 4108.450586
-282.836258 250.474394 4244.363965
-300.853642 324.384656 4307.394287
-321.269858 158.536006 4097.901758
-326.800943 249.949084 4170.920435
-321.028427 329.134213 4247.410718
-302.317299 41.144206 4071.482153
-299.782495 75.362756 4079.113135
-275.036272 75.935164 4085.548242
-269.860803 124.662247 4148.422266
-268.781717 175.936487 3980.581763
-324.606885 74.788519 4072.678027
-334.363712 124.130005 4137.116382
-322.433505 170.999327 3936.866162
-300.577417 117.116884 4091.328076
-282.088971 158.966214 4108.584058
-282.476009 251.797983 4244.066675
-300.853290 324.844690 4307.490430
-320.693741 158.277841 4098.501978
-330.055020 249.857927 4198.960767
-321.216986 330.507266 4256.181445
-302.347562 41.989348 4071.796631
-299.797534 75.442937 4078.857471
-274.987143 75.950237 4085.630151
-269.919214 125.068755 4147.642114
-267.601100 176.284668 3992.852832
-324.690506 74.933992 4072.084790
-334.442062 124.114185 4137.738892
-322.878232 173.015082 3941.454956
-300.457138 117.168463 4090.849243
-281.944589 158.935397 4108.101733
-287.716920 249.714418 4224.046729
-300.147092 325.144531 4308.504761
-320.330420 158.364014 4097.580298
-331.072876 250.133447 4177.681030
-320.785452 332.047964 4257.178320
-302.383347 42.256694 4072.571411
-299.726971 75.412624 4078.000244
-274.893652 76.057843 4087.561060
-269.758971 125.657292 4143.825952
-268.491644 173.954503 3990.243823
-324.676978 74.764349 4068.439429
-334.349008 123.611795 4133.536011
-320.481415 170.242657 3923.202368
-300.463281 117.338928 4090.544165
-282.339885 159.350281 4110.386865
-286.543538 247.405066 4193.941479
-300.687558 325.403922 4311.265234
-320.117456 158.666272 4095.789307
-331.278857 249.998700 4168.123438
-321.010770 331.053070 4267.018164
-302.464920 42.405490 4072.340186
-299.774640 75.346660 4077.334766
-274.821814 75.984763 4087.293042
-269.758652 125.372322 4145.268896
-268.479391 173.757468 3989.592310
-324.849658 74.705351 4067.376489
-335.001764 122.894746 4129.646802
-320.404272 171.533466 3929.671851
-300.488643 117.274777 4090.448560
-282.405563 159.262094 4111.104712
-288.487320 248.331731 4197.280688
-299.468169 324.879031 4315.294629
-320.059784 158.606552 4096.019995
-331.487222 249.104463 4179.008228
-320.195471 308.354224 4301.742822
-302.428598 43.503123 4073.051050
-299.859319 75.359399 4076.181055
-274.806641 76.579510 4088.753442
-269.804608 125.818249 4148.121753
-268.529578 174.575418 3984.147900
-325.067020 74.131752 4063.608667
-335.040738 123.248264 4129.626660
-320.633014 171.755762 3931.949463
-301.638863 118.844278 4096.987598
-284.434729 162.611609 4127.397656
-290.984039 255.550732 4199.278467
-309.599747 308.857495 4251.372168
-322.454788 161.164384 4108.190625
-331.636673 248.267429 4186.114185
-317.704291 316.334259 4300.342847
-302.251872 44.588135 4074.588257
-299.884076 75.539717 4075.326245
-274.610915 76.579057 4085.052759
-269.807999 125.798485 4145.779688
-268.652122 176.666721 3980.192090
-325.278171 74.495375 4065.599731
-335.011600 123.321798 4132.720947
-320.495682 172.343292 3936.200952
-301.577112 120.718227 4097.361694
-285.092587 166.006274 4126.454492
-290.667212 251.692877 4201.445703
-308.375607 306.575150 4256.024878
-321.473792 164.818524 4112.339795
-328.112262 253.556445 4153.264038
-317.896643 319.958640 4297.991919
