310.467213 40.925583 4176.644073
306.802689 78.205250 4187.858093
332.505684 78.189405 4180.360748
342.829605 126.796655 4271.251740
336.744999 180.974831 4082.545349
281.191601 78.221025 4195.355438
276.523888 130.474774 4271.817535
274.608421 177.717281 4116.485413
306.917015 119.847201 4211.163391
324.309952 161.120029 4229.369385
335.379707 256.695145 4242.832031
327.922256 332.197002 4376.391998
289.791733 160.941811 4239.567993
293.156502 249.882385 4341.149506
303.645836 320.687622 4350.004486
310.195129 39.829868 4170.457397
306.805332 78.189182 4188.016296
332.413227 78.036764 4175.819550
342.806328 124.751859 4269.032501
336.665726 180.924894 4119.425903
281.346182 78.340708 4200.213043
276.249161 129.229637 4277.071472
274.114449 180.054760 4094.666840
306.835991 119.671926 4208.616211
323.563053 160.808413 4221.177429
336.629471 257.005114 4249.287048
317.210621 302.224960 4280.109741
290.232971 160.692936 4237.254822
289.833979 228.766199 4266.479004
317.847485 307.888756 4292.147461
310.707642 42.078838 4169.596069
306.821932 78.030258 4180.573608
332.048859 78.304195 4173.306152
342.635422 125.074531 4269.090454
336.611652 181.284061 4117.947144
281.682535 77.757196 4187.841064
276.010792 131.196164 4263.661835
273.135292 178.864649 4066.867859
306.410374 118.623479 4200.485779
322.476025 159.104485 4215.604065
332.470081 258.034910 4237.861542
313.209057 302.729713 4244.361328
289.566771 158.563494 4225.191833
290.164650 235.596434 4273.877472
313.982735 310.486816 4279.753784
311.429598 45.965252 4187.412323
306.503500 77.740768 4181.778259
331.647411 77.999033 4176.269714
342.244411 127.989298 4255.146057
341.239265 161.973410 4121.860199
281.425764 77.483208 4187.286804
274.837177 131.850906 4251.524414
272.985603 174.284946 4078.601807
306.082466 117.588979 4196.326080
322.094456 157.399063 4207.247589
333.261337 255.698290 4232.602386
311.998158 302.553143 4233.905365
289.262466 156.925037 4214.500214
285.866695 241.950806 4281.145477
315.037010 311.622528 4286.738617
311.279566 44.347841 4184.137299
305.823395 77.463329 4180.344269
330.435379 77.549417 4173.230896
341.857487 130.468260 4243.149811
336.822727 178.962856 4082.290192
281.295044 77.377533 4187.457642
274.450991 132.740610 4247.411957
271.348709 171.896038 4096.631744
305.582211 117.422184 4195.210144
321.617134 157.245529 4205.335968
331.923168 252.968273 4239.625946
311.435658 301.820217 4249.112366
289.104881 156.952469 4214.816071
284.105930 246.017138 4285.477661
315.000309 312.552589 4282.005981
311.274708 43.838539 4183.492676
306.337830 77.699450 4180.559052
330.871124 78.459274 4173.204803
341.121094 132.411518 4239.229614
326.704491 160.766922 4064.445374
281.890743 76.942337 4187.913300
275.068783 133.006582 4248.656982
273.009052 173.646744 4070.886932
304.988760 118.637950 4196.372772
320.373688 159.885098 4207.131683
332.090538 255.238890 4240.518311
323.050919 331.002823 4309.503113
286.966049 158.654491 4217.241302
291.460487 261.489698 4255.424835
310.041801 344.444389 4376.997070
312.343403 43.272863 4186.800934
306.443882 77.825964 4181.209717
330.978378 78.658934 4172.775513
340.782887 134.274937 4236.484680
326.403328 163.261024 4061.903961
282.008160 76.996325 4189.643921
275.534397 133.185917 4249.407898
271.226624 173.870882 4063.088287
304.893299 118.346392 4195.507874
319.307705 159.239565 4204.278534
332.621040 254.731236 4240.839661
323.172901 332.008724 4308.837891
287.440659 157.945255 4215.333527
290.982342 260.870035 4248.947845
309.315536 344.815796 4378.585968
312.871931 42.383297 4189.693909
306.368660 77.881720 4180.837006
330.803318 78.667431 4169.295044
340.653831 134.422394 4233.678223
326.755680 162.560749 4064.977661
282.068533 77.100317 4192.378967
276.079731 133.352154 4251.559570
272.034531 176.071821 4074.073517
304.616718 118.749710 4192.575073
318.585182 160.040005 4196.840240
331.898689 255.161779 4243.396729
323.202221 334.302944 4308.868378
287.219645 158.741249 4211.786041
290.890503 257.895658 4246.181488
308.780210 344.310974 4377.653778
312.494328 42.839436 4188.049255
306.280907 77.876982 4180.090485
330.697609 78.603796 4168.964905
340.744125 134.237103 4233.151703
341.125282 166.395338 4096.535614
281.993843 77.154047 4191.216064
275.987274 133.588583 4248.879730
273.918926 178.239098 4081.932587
304.649265 119.377218 4192.827759
318.540688 161.228382 4198.443970
332.246956 258.135332 4251.015472
323.474854 337.189602 4304.463135
287.566761 160.025791 4212.686096
288.862392 259.867842 4271.087769
308.579401 344.086990 4383.831665
310.681274 39.315090 4169.040985
306.481339 77.703226 4177.303253
330.740318 78.186195 4165.657471
340.839432 133.471012 4231.144226
326.455788 160.263130 4060.248871
282.357267 77.222952 4188.949036
276.032576 133.102867 4248.661102
273.170448 178.907169 4085.951935
305.247402 119.621510 4191.617889
320.162476 161.731350 4198.121521
335.743561 256.265682 4308.365204
323.785767 338.214867 4320.614960
287.941086 160.779333 4213.743530
288.284443 254.172649 4304.453522
313.061222 324.615646 4352.114410
311.053814 40.536444 4175.335052
306.368351 77.837603 4176.270813
330.758343 77.889959 4166.843994
341.201088 132.456631 4238.202942
326.662193 160.023834 4057.504761
282.088240 77.785486 4185.697632
277.295111 129.461637 4256.251556
273.792686 177.152859 4080.629059
306.047104 120.622458 4192.897522
323.925911 163.252270 4202.430359
336.454823 255.023729 4315.320648
324.930611 338.358616 4331.667480
287.592098 162.886992 4216.618103
289.306618 254.849270 4345.617371
312.275494 325.215569 4357.956116
309.021240 38.879911 4154.003174
306.503929 77.690849 4177.023651
330.986240 77.177427 4163.681580
342.447727 126.319033 4225.434082
326.666553 161.663904 4049.204865
282.177521 78.201010 4190.365723
277.446945 129.594830 4260.443115
274.185534 180.144007 4087.025574
306.710712 120.505033 4186.952820
326.715511 162.922783 4186.034637
336.795776 253.263514 4324.452484
325.891914 335.496986 4345.260590
287.219627 163.309467 4207.729340
286.787624 258.173149 4346.578949
311.709131 326.011013 4360.891663
308.884632 38.758289 4156.501740
306.572525 77.560850 4176.749268
331.215168 77.069143 4165.280640
342.268204 124.789813 4221.798157
325.833927 162.115854 4043.766083
282.064859 78.049862 4188.217896
277.387550 129.253867 4257.744873
274.072151 180.070862 4102.390228
306.885841 120.083502 4187.471100
326.837769 162.183231 4189.000946
335.948456 245.920938 4320.883026
325.981178 335.305275 4344.717590
287.643167 162.593777 4207.384918
286.669075 260.058609 4350.913330
311.093519 327.528259 4372.913177
309.769650 39.860338 4166.065063
306.456173 77.349878 4176.520203
331.260349 76.837366 4166.960175
342.214336 124.312423 4222.836914
340.951836 163.797363 4075.280640
281.765293 77.860056 4186.080231
277.267834 128.895224 4255.569305
274.862480 179.662205 4082.792816
306.947777 120.186996 4188.072052
326.780914 162.541660 4192.123810
333.902458 243.078484 4311.652039
325.997246 335.150093 4352.758209
288.161465 163.034397 4207.123993
290.026308 262.528936 4332.660095
310.727160 328.095428 4383.193085
308.910999 39.584187 4159.827850
306.290983 77.004272 4175.967865
331.142727 76.445755 4167.815735
341.811069 123.742344 4223.586731
341.104614 165.515059 4076.874756
281.536091 77.560610 4184.119995
276.940681 127.449620 4256.140869
273.001190 177.919086 4079.983612
306.991447 119.852806 4189.179749
327.337132 162.122463 4195.903107
336.311726 243.794861 4278.574951
326.604858 335.456543 4354.617371
288.098431 162.740427 4208.880157
294.822613 258.226467 4316.211639
310.417362 329.354977 4393.123901
309.003508 40.398857 4162.956207
306.155542 76.843357 4174.599792
331.040760 76.169500 4166.463043
341.820408 123.115703 4226.149841
326.417473 163.572796 4040.852509
281.367142 77.514587 4182.736542
276.607349 127.071965 4251.688934
273.717018 177.670212 4071.345337
306.998005 119.462105 4185.887421
327.726597 161.445774 4190.634613
338.764114 249.752867 4285.747925
327.342487 336.963078 4353.766754
288.007227 162.256187 4203.715485
291.292191 251.474888 4312.258209
309.511196 329.249508 4397.555786
309.064293 40.924725 4163.160828
306.238918 76.842207 4174.800568
331.221279 76.200468 4166.722046
341.905174 124.421720 4231.349121
341.147118 167.075546 4077.552612
281.353031 77.481508 4182.879089
276.453197 126.841295 4250.171448
272.952919 176.091717 4079.502411
307.020836 119.137785 4185.935486
327.322128 160.835260 4190.721405
325.508972 248.205563 4165.421814
327.523315 337.896057 4355.298798
288.334053 161.581472 4203.419403
293.203829 249.922022 4308.717590
307.988594 329.284389 4404.740295
309.224401 41.391558 4162.182220
306.327770 76.838842 4174.490479
331.292828 76.266609 4166.208160
341.698254 125.438581 4233.026184
327.552773 165.012794 4024.645752
281.461590 77.408810 4182.772797
275.883934 126.679041 4245.455292
274.502094 177.908478 4071.357147
306.983448 119.151913 4185.704498
326.953812 160.925915 4190.472839
327.920643 247.718010 4202.716003
327.974373 338.622940 4353.462708
288.376659 161.550831 4203.364197
288.525387 250.915478 4320.327667
307.633907 329.659538 4409.033203
309.242615 41.808197 4161.300293
306.472893 76.932415 4173.141632
331.641781 76.327000 4166.361145
341.402447 125.479866 4232.027527
336.602417 179.770506 4058.327911
281.385630 77.535856 4179.922119
275.909374 127.725497 4242.713928
274.427404 177.680958 4070.023956
307.262947 119.246352 4183.966461
327.260742 160.984657 4189.587341
329.473251 251.438702 4239.223022
328.360474 338.861858 4352.745300
288.884708 161.698219 4199.995239
294.152069 248.700943 4337.998627
307.601910 330.680992 4405.105042
309.498802 41.997368 4163.985626
306.469872 76.952122 4172.157532
331.683941 76.208502 4165.392151
341.829952 127.343499 4233.104462
328.955246 170.868336 4019.560730
281.337444 77.693321 4178.922913
275.949165 127.680805 4242.545013
273.606400 179.790436 4071.152802
307.531958 119.909351 4184.293854
328.571445 162.139097 4191.035889
334.228237 255.629745 4265.714081
328.324528 336.614536 4343.942780
288.655678 163.095921 4201.824463
289.264355 256.166994 4340.826782
307.691225 331.757034 4405.289612
309.188147 42.079302 4164.015839
306.595734 77.075546 4171.820251
331.984314 76.488258 4165.238892
341.962887 126.951141 4231.141754
329.761539 174.885675 4026.340393
281.287096 77.660963 4178.401611
275.994003 127.495480 4242.704590
274.890392 179.935043 4071.049530
307.408722 119.778631 4184.312805
327.982235 161.875065 4191.649750
337.556271 255.536516 4294.391693
328.517372 338.018795 4352.912842
288.500084 162.579082 4201.960968
288.895918 257.520664 4340.522736
307.690865 332.227524 4405.387939
309.219097 42.943651 4164.337463
306.611115 77.157549 4171.558777
332.069836 76.637037 4164.632172
342.043018 126.934962 4231.778412
330.216373 176.947243 4031.033478
281.236851 77.676378 4178.485382
276.053741 127.911226 4241.906708
273.682943 180.291138 4083.599487
307.285709 119.831383 4183.823090
327.610657 161.963196 4190.707123
338.597260 255.818298 4272.628326
328.076031 339.594509 4353.932373
288.352421 162.547565 4201.467682
294.255941 255.389746 4320.047791
306.968616 332.534180 4406.425323
309.255695 43.217073 4165.129852
306.538948 77.126547 4170.682068
332.056000 76.463539 4160.903961
341.947849 126.421154 4227.480011
327.765083 174.111809 4012.366058
281.141235 77.786430 4180.460175
275.889856 128.513140 4238.003815
274.593727 177.908014 4080.931183
307.291992 120.005722 4183.511078
327.392853 162.272324 4188.875427
338.807922 255.680489 4262.853516
328.306469 338.577003 4363.995850
288.756701 162.971878 4203.804749
293.055891 253.027908 4289.258331
307.521366 332.799465 4409.248535
309.339123 43.369251 4164.893372
306.587700 77.059084 4170.001465
332.232605 76.403200 4159.816864
342.615440 125.687808 4223.502411
327.686188 175.431953 4018.982574
281.067764 77.711689 4180.186066
275.889530 128.221693 4239.479553
274.581196 177.706501 4080.264862
307.317930 119.940113 4183.413300
327.333870 162.211246 4189.111359
339.021023 254.765928 4273.985687
327.472641 315.362274 4399.509705
288.823872 162.881687 4204.538910
295.043850 253.975634 4292.673431
306.274263 332.262646 4413.369507
309.301975 44.491831 4165.620392
306.674303 77.072113 4168.821533
332.454906 75.816565 4155.963409
342.655300 126.049361 4223.481812
327.920128 175.659302 4021.311951
281.052246 78.319954 4181.679657
275.936531 128.677754 4242.397247
274.632523 178.543041 4074.696716
308.494291 121.545284 4190.100952
329.783306 164.827211 4201.558594
339.173870 253.909870 4281.253143
324.924843 323.523674 4398.077911
290.899155 166.307327 4221.202148
297.597313 261.358704 4294.716614
316.636105 315.876984 4347.994263
309.121233 45.601501 4167.192535
306.699623 77.256529 4167.947296
332.670856 76.188452 4157.999725
342.625500 126.124566 4226.646423
327.779675 176.260185 4025.660065
280.852072 78.319490 4177.894867
275.939999 128.657541 4240.001953
274.757853 180.681873 4070.651001
308.431137 123.461823 4190.483551
328.780014 168.564400 4205.802063
335.569359 259.319092 4247.656403
325.121567 327.230427 4395.673553
291.571964 169.779144 4220.237549
297.273285 257.413170 4296.933105
315.384144 313.542767 4352.752716
