381.850631 53.715874 3134.651697
381.923077 93.226093 3120.393036
410.875729 93.772783 3128.508704
422.759761 151.770788 3174.962024
430.207058 202.316976 3073.589624
352.819402 92.676510 3112.277368
338.970109 148.020958 3149.415100
335.578519 205.126498 3089.589734
382.085610 133.605910 3099.115027
401.461639 174.766848 3083.144196
400.350774 256.506187 3158.970172
402.325794 333.610004 3119.318988
362.972745 174.320491 3072.529840
363.088670 256.662903 3139.688361
361.463585 334.120346 3139.023462
381.656598 51.718770 3133.038373
382.816073 95.338935 3126.186438
411.624710 96.522668 3136.662158
422.591409 153.139905 3176.767535
427.811408 203.581976 3062.174487
353.813715 94.147226 3115.710718
339.387860 147.904672 3148.830530
335.794604 205.043370 3089.786176
382.445837 135.233654 3097.581531
401.287782 176.482287 3075.829059
400.695047 258.213541 3155.363153
402.136203 336.118733 3119.161584
362.763572 175.259125 3062.124188
362.887975 257.974370 3126.053558
362.005864 335.253921 3133.549622
381.794545 53.263198 3131.733600
382.619975 94.956750 3124.827863
411.443408 95.759267 3135.526801
421.856004 151.082053 3178.834052
426.150288 201.711698 3061.474054
353.598505 94.148696 3114.128925
339.487864 148.890353 3150.451361
335.411043 205.893888 3089.396045
382.664050 135.216043 3102.734308
401.848923 176.401943 3087.636829
401.238264 257.221667 3180.192877
402.724433 333.390165 3138.742438
363.481429 175.702010 3073.644678
363.830081 257.806143 3145.444226
362.820628 332.988367 3157.889368
382.373391 53.586639 3132.618213
382.558697 94.258788 3124.228278
411.458360 94.958252 3132.642236
421.618773 149.500823 3180.386316
425.662656 200.436282 3064.396655
353.502975 93.555571 3115.814319
339.317854 149.321555 3152.602460
335.283981 206.136218 3088.184363
382.507397 134.632833 3104.034326
401.619073 175.854659 3089.342493
400.370011 256.627399 3182.801172
402.024688 333.334392 3126.268768
363.223177 175.215411 3078.338257
363.001429 257.468407 3142.930273
361.574818 333.289942 3147.136627
382.376237 53.453556 3132.028137
382.420218 93.832732 3123.837396
411.359264 94.473263 3131.101733
424.184526 148.316668 3201.328247
425.089065 197.125693 3068.720874
353.346228 93.189229 3116.573059
339.329334 148.631366 3155.427966
334.843739 205.191171 3087.878064
382.322873 134.293612 3105.190454
401.391414 175.542480 3091.293646
400.380740 256.763939 3173.330182
402.458987 333.134791 3124.792828
362.998176 174.943286 3081.793378
362.910278 257.183692 3144.589893
361.265141 333.662931 3142.417023
382.922176 53.315140 3118.933362
382.516906 93.983207 3118.026477
411.570313 94.577130 3122.924255
422.950635 147.178620 3192.329718
425.150813 196.993486 3066.897095
353.372097 93.387422 3113.128699
339.169647 148.577829 3159.029480
334.214000 205.122620 3093.218024
382.173383 134.814386 3106.224463
400.983547 176.263840 3097.625574
400.226527 257.330617 3179.497949
402.469247 333.775072 3129.856769
362.631255 175.649569 3091.219324
362.582802 257.733291 3151.050696
361.353603 334.103924 3143.070160
382.333039 54.176073 3125.203979
382.267037 94.347421 3120.637775
411.278998 94.795421 3126.361108
422.315953 147.518045 3183.524377
425.452013 197.883776 3061.069159
353.148473 93.897795 3114.914441
339.168208 149.067698 3159.487677
333.373242 205.832969 3100.227112
382.237571 135.043906 3106.223712
401.367985 176.316845 3095.552301
401.184149 257.718714 3170.264941
402.901794 334.286602 3119.731390
363.001273 175.922366 3088.066998
363.237034 258.403570 3136.617865
362.164863 335.244505 3131.407281
382.286462 54.775502 3129.880292
382.331413 94.491312 3122.740826
411.312312 94.911237 3128.973657
425.778081 147.394909 3198.033032
424.868130 195.767305 3062.010327
353.234619 94.069728 3116.507996
338.578946 149.978539 3157.497485
332.080669 206.654505 3096.458435
382.413586 135.089075 3106.574054
401.658581 176.281732 3094.483008
400.779567 257.767199 3168.125354
402.935889 333.307553 3124.995026
363.283986 175.940993 3086.331555
363.140752 258.382862 3138.275482
362.503537 334.757311 3137.886603
382.343737 53.182385 3131.060443
382.364382 93.209311 3125.957715
411.337930 93.457240 3131.294421
423.536519 147.029881 3185.685486
427.695670 197.351476 3064.384143
353.291737 92.960537 3120.621008
334.584518 150.590996 3173.940527
325.087627 207.515955 3124.819604
382.611217 133.788525 3110.296686
402.009611 174.850414 3098.125562
400.884451 256.206395 3173.815155
402.964605 332.138162 3127.903113
363.668298 174.706289 3091.145752
362.910934 256.733034 3153.088934
362.461308 334.815993 3142.861456
381.554905 53.698185 3131.199829
381.454839 93.659829 3125.356628
410.434643 93.931625 3130.790680
422.502103 149.922985 3182.059698
426.542577 200.738155 3056.950641
352.374092 93.387094 3119.922577
331.997494 152.897731 3185.903198
318.242856 209.795335 3138.995184
381.662041 134.273405 3110.196338
401.018081 175.370828 3098.589514
399.559908 257.031512 3164.922729
401.624422 334.455360 3126.694434
362.680522 175.198691 3091.482581
361.751334 257.477792 3144.482288
361.375562 336.839061 3140.551453
381.233154 53.572141 3130.806696
381.123390 93.644360 3125.237512
410.118053 93.969068 3130.159564
422.100587 149.273383 3187.741492
424.726054 200.292830 3062.540094
352.037232 93.318621 3120.315460
329.440092 155.183617 3184.787109
314.400169 212.265886 3149.575256
381.207785 134.270574 3110.310449
400.446648 175.418312 3098.602026
399.847220 257.106085 3164.334406
402.034385 333.653297 3127.853314
362.099487 175.158636 3092.164746
362.406161 257.240154 3150.903552
361.546322 335.305158 3141.651276
380.848059 53.939249 3131.691809
380.741580 93.842335 3125.028308
409.741498 94.190925 3129.855267
421.801420 148.963612 3186.023315
423.291811 200.833936 3068.459369
351.651919 93.492634 3120.201349
328.269763 156.191257 3186.327362
312.603979 213.492473 3159.645581
380.790534 134.447043 3109.538446
400.003998 175.605494 3097.205164
400.239915 257.199927 3166.212488
402.023812 334.084561 3129.743909
361.636848 175.310816 3090.892004
362.422083 257.581612 3144.658459
361.439249 336.796207 3143.630457
381.493095 53.601122 3132.630225
381.003054 93.591371 3125.868628
410.071257 94.038213 3126.591083
421.604008 149.222833 3188.535016
422.264371 201.209427 3071.810138
351.921400 93.144279 3125.146173
326.522778 156.042487 3183.486090
311.710170 214.060527 3167.777264
380.577733 134.160701 3110.013660
399.361183 175.428697 3094.631152
399.648026 257.081280 3164.154980
401.832970 333.850082 3125.553070
360.929095 174.862801 3093.686230
362.456429 256.984498 3149.989661
360.819081 334.682645 3143.963531
381.474483 53.522670 3135.124408
380.992731 93.287137 3127.190167
410.037505 93.813322 3128.712653
421.545420 149.304882 3190.061005
422.002647 201.111190 3071.066412
351.919680 92.760435 3125.667682
327.060271 154.068670 3181.511163
311.496837 211.093476 3158.794501
380.526996 133.815239 3110.832458
399.250826 175.093323 3095.470221
400.487814 256.605566 3167.680920
402.284066 333.663995 3126.967950
360.849517 174.450055 3093.479279
362.704639 256.791247 3142.351459
362.369688 335.351766 3145.258795
381.624754 53.833317 3133.285614
381.259742 93.676079 3126.471216
410.331855 94.208911 3127.044275
421.446355 149.339901 3187.089856
421.946155 201.307710 3068.980627
352.176931 93.143043 3125.898157
327.797865 152.502126 3180.028967
311.692653 208.784583 3154.736792
380.702667 134.231160 3110.466351
399.347858 175.547938 3094.836102
400.494382 256.924189 3170.816479
402.570752 333.998039 3128.118823
360.927155 174.863489 3094.086871
362.864076 257.067047 3147.093335
362.265617 334.988036 3140.545947
381.601482 53.286628 3134.419470
381.115914 93.154023 3127.451923
410.139073 93.762460 3129.954865
421.402468 149.538516 3190.793219
421.876368 201.225630 3070.067438
352.046241 92.544600 3124.948981
328.093060 151.610053 3182.344226
311.833478 207.425366 3152.913263
380.609013 133.704725 3111.659015
399.276288 175.028150 3097.502954
400.695923 256.479411 3169.941626
402.610322 333.215150 3128.624817
360.897314 174.309793 3094.229260
362.985351 256.528803 3146.994238
361.825938 334.586457 3138.887830
382.001716 53.482037 3133.449774
381.515929 93.442914 3126.721210
410.522385 94.007042 3130.367017
421.398308 149.187580 3189.052771
422.262651 200.963875 3068.895544
352.441783 92.877456 3123.075403
328.314807 151.381064 3180.936353
311.202706 207.044823 3151.358496
381.167245 134.011993 3111.041663
399.983384 175.302120 3097.746191
402.004199 256.896944 3165.345392
403.283510 334.456987 3125.839850
361.617141 174.681577 3092.978040
363.742183 257.051125 3141.356989
362.776772 335.690315 3138.415369
381.957172 54.187851 3135.540314
381.341071 93.895965 3127.530750
410.358694 94.518948 3130.335236
421.425678 149.447193 3186.594122
422.051445 201.079519 3064.374634
352.271367 93.271856 3124.726263
327.877318 152.072958 3182.313196
309.041003 207.734386 3150.997144
380.854753 134.392177 3110.514648
399.553777 175.697615 3095.332587
401.010386 257.233616 3166.517035
401.995409 333.501743 3124.028583
361.149685 174.969687 3091.664508
362.636385 257.474226 3136.711957
361.423984 335.622249 3140.347504
382.173759 53.484555 3132.974060
381.402944 93.421393 3126.769757
410.397012 94.193380 3130.828967
421.435219 149.882539 3187.912408
422.831550 201.005603 3060.228088
352.333490 92.647372 3122.710547
327.660700 152.430588 3183.480334
308.181039 208.057123 3156.241760
380.782839 134.012588 3111.721826
399.311259 175.438378 3099.328485
400.727547 256.810484 3172.412286
401.996348 333.078361 3130.836725
360.969353 174.557394 3094.019305
362.811243 256.940768 3141.300684
362.000296 334.433464 3142.962805
381.946287 54.113778 3131.692310
381.305599 94.013846 3125.669183
410.290940 94.872465 3130.498895
421.372689 149.815943 3186.376410
423.225903 200.914983 3058.018433
352.230546 93.152521 3120.839471
327.912696 152.071894 3181.491895
309.377957 207.799497 3153.383972
380.619336 134.634804 3110.901776
399.073371 176.127222 3099.292700
400.457065 257.520865 3171.529175
402.116528 334.510946 3126.522266
360.740630 175.158292 3092.976038
362.537164 257.537068 3141.233868
362.110748 334.956599 3136.494495
381.995397 55.048909 3131.578448
381.129834 94.682467 3125.245520
410.117302 95.683991 3130.027435
421.484798 149.964494 3186.479510
422.924672 200.982612 3057.310992
352.053498 93.677877 3120.463605
327.755793 154.235583 3180.015204
309.979888 210.586669 3143.804877
380.237807 135.296356 3110.226367
398.489020 176.883632 3098.334265
399.864174 258.250483 3171.503400
402.035699 334.705917 3124.438232
360.146550 175.723954 3092.080164
362.326114 258.010530 3143.660986
361.444785 335.833643 3135.094379
382.463385 55.079001 3133.560632
381.310510 94.698889 3126.401898
410.285716 95.849058 3131.051685
421.448920 150.647927 3190.571503
422.368004 201.308305 3058.404810
352.248970 93.545279 3121.752112
327.311453 155.733498 3180.807227
310.425604 212.587746 3147.586066
380.193983 135.299390 3111.558167
398.208559 176.968824 3099.755151
400.589725 258.241975 3173.251355
402.382693 333.707819 3125.187213
359.887328 175.608044 3093.673718
362.587713 257.937459 3141.747119
361.619956 335.334218 3135.782800
382.791643 54.559494 3133.537610
381.546897 94.261259 3126.007513
410.538557 95.483780 3129.966125
421.536630 150.684040 3190.478912
422.519683 201.140250 3056.218927
352.481728 93.035641 3122.048901
327.264470 156.351976 3179.688635
310.622390 213.633564 3145.390924
380.277784 134.846370 3110.860486
398.151253 176.568121 3098.302234
400.629202 257.773518 3174.605676
402.824437 333.166978 3121.507123
359.809190 175.087911 3093.124683
363.141472 257.429401 3140.724872
361.336211 334.682613 3133.776593
382.172289 55.180428 3133.015601
381.572704 94.701110 3125.338611
410.563362 95.461055 3129.994904
421.460712 150.724767 3190.239429
422.666733 201.156578 3055.575299
352.495523 93.938898 3120.682318
328.626799 156.670599 3175.530829
311.391484 213.754385 3147.202191
381.029674 135.277103 3109.475635
399.647275 176.691413 3096.658130
402.189192 257.770953 3176.823090
404.302598 333.928941 3125.505774
361.277028 175.846245 3090.567187
364.471363 258.125642 3142.384741
363.112037 336.728922 3131.831195
382.178419 54.391956 3133.243823
381.838995 94.239660 3126.495990
410.828527 94.841356 3130.928314
421.507727 150.234633 3191.509668
422.638987 200.955007 3060.151263
352.767194 93.636259 3122.063666
329.773167 156.900011 3172.403027
311.758655 213.698439 3142.958301
381.492250 134.841772 3111.470081
400.292373 176.159081 3099.342499
401.198413 257.325612 3177.132892
403.768671 332.889583 3128.862299
361.956034 175.516157 3093.545844
363.522656 257.637197 3149.345032
361.978994 335.045718 3137.392371
382.358126 54.422361 3133.908972
381.968715 94.187390 3127.315039
410.943420 94.734048 3132.122729
421.482046 149.734629 3190.372809
422.646025 200.359097 3058.049213
352.904766 93.639011 3122.507349
330.387923 156.694373 3177.011273
311.930041 213.627714 3155.931958
381.741493 134.753013 3111.659515
400.661264 176.007465 3099.147809
400.719852 257.288607 3174.855670
403.426368 333.354443 3127.569788
362.323768 175.449796 3092.860175
363.191427 257.818874 3141.173309
361.881180 334.706105 3135.300330
382.098904 54.166861 3133.192273
381.822228 93.970960 3126.512756
410.772191 94.550135 3132.595441
421.409882 149.734833 3194.153748
423.078760 200.553349 3064.286047
352.759406 93.389534 3120.430072
331.195868 157.066048 3183.392499
312.069896 213.541646 3160.031207
381.650217 134.557588 3111.076697
400.610339 175.827101 3099.618518
400.439923 257.140556 3174.585406
403.115440 333.537246 3126.438684
362.293426 175.270183 3091.662756
362.837050 257.697725 3139.682104
361.587800 333.239956 3136.552551
381.429095 54.374423 3134.363416
381.184825 94.046065 3126.922656
410.132755 94.663542 3133.002588
421.473006 149.568201 3195.908960
422.868398 200.561858 3068.260925
352.124098 93.426179 3120.842725
331.397033 156.880758 3179.928119
312.128078 213.476082 3157.141138
380.954319 134.628501 3111.500110
399.853257 175.918690 3100.053442
399.611302 257.274812 3173.707050
402.239804 333.291975 3127.578296
361.540566 175.310973 3092.101685
362.252667 257.729537 3140.197357
361.601626 332.779413 3136.019281
381.619562 53.605986 3134.835626
381.288958 93.468048 3127.678644
410.230318 94.084649 3133.753320
423.728268 149.713468 3218.443695
422.142878 197.787276 3071.293884
352.234988 92.849053 3121.603967
331.465506 154.620443 3177.569818
312.981285 211.005046 3153.363702
381.055480 134.053409 3112.594678
399.943157 175.337014 3101.483087
400.604427 256.659994 3174.936499
402.906048 332.601614 3126.594836
361.647139 174.730359 3093.538336
362.841617 257.156040 3140.142804
362.379760 333.237234 3142.097711
381.692445 53.528489 3133.105688
381.434287 93.634851 3127.443164
410.374178 94.220516 3133.669739
422.751378 148.957011 3208.498993
422.450866 198.455052 3071.312903
352.378941 93.046871 3121.216589
331.503762 152.858896 3177.486487
313.621566 209.316414 3155.339380
381.245885 134.255246 3113.044116
400.170160 175.532845 3102.717041
400.519626 257.006488 3171.282434
403.071272 333.748483 3126.036542
361.891002 174.972721 3094.573096
363.205628 257.559966 3133.089673
362.702387 333.716045 3143.325659
382.017950 53.129302 3131.729346
381.644398 93.361272 3126.857593
410.581880 93.946280 3133.371948
422.028172 149.522970 3196.749280
422.631136 200.034656 3066.006976
352.586111 92.773839 3120.343237
331.542081 152.057145 3180.489667
313.940408 208.414143 3150.758160
381.477298 134.000858 3112.738818
400.418715 175.285010 3102.879950
401.064564 256.776733 3170.938849
403.078716 333.864503 3126.759247
362.145969 174.735818 3094.360138
363.477456 257.222011 3137.464441
362.327897 332.513841 3144.340649
381.535323 52.725737 3133.680249
381.390901 92.706508 3128.191644
410.317685 93.245893 3134.682227
421.694190 149.312733 3195.271838
422.209255 200.203336 3067.579260
352.343813 92.164886 3121.701062
331.544427 153.764264 3179.547247
313.301723 210.241958 3141.309192
381.298311 133.298109 3113.449011
400.315239 174.520702 3102.950769
400.598578 256.062192 3170.265692
402.842986 333.080081 3126.046301
362.042087 174.030536 3094.461987
363.167278 256.499337 3138.882574
361.609790 333.057278 3140.129291
381.403226 53.308680 3132.565411
381.394780 93.268744 3127.775488
410.287781 93.855222 3135.608130
421.704388 148.142733 3198.261755
422.344950 198.851501 3069.300940
352.356731 92.679294 3119.942847
331.568450 155.068005 3182.097986
312.781465 211.699786 3142.100464
381.337161 133.883337 3113.358923
400.366476 175.128607 3104.064606
400.264752 256.330641 3179.196906
402.792625 334.013836 3125.136914
362.128327 174.622207 3093.820111
362.929922 257.000732 3142.070184
362.278161 333.770348 3139.122308
381.240817 54.149907 3133.021356
381.082976 93.832215 3127.547266
409.992993 94.408262 3134.883173
421.544701 148.932660 3196.588123
422.503104 199.548525 3065.784009
352.037076 93.253448 3120.211359
331.582777 155.907511 3183.408014
312.530939 212.512329 3145.393427
380.993138 134.460415 3113.312378
399.997022 175.716165 3103.874670
400.101030 256.950809 3178.054791
402.470529 334.273558 3122.393488
361.748676 175.206746 3094.280310
362.655936 257.622151 3140.470874
361.774982 334.041519 3138.074036
381.862580 54.014494 3132.253107
381.048849 93.962296 3127.526245
409.991836 94.886087 3133.208789
421.403813 149.592944 3192.096741
423.102220 200.898827 3067.225415
352.000478 93.035125 3121.843701
331.378546 156.333614 3180.475403
312.385798 212.902898 3143.677502
380.322359 134.595938 3113.692499
398.702040 176.104528 3103.575378
399.264683 257.575825 3171.037195
401.682573 334.364803 3122.057410
360.430859 175.078840 3096.142126
361.685802 257.499969 3140.184094
360.825462 333.242552 3138.440393
382.380523 53.566385 3131.858221
381.182604 93.717416 3127.714679
410.163347 94.749814 3131.561432
421.202742 150.754499 3192.050946
422.965837 201.933180 3065.168658
352.130479 92.682453 3123.867926
331.253643 156.553344 3175.414716
312.308066 213.192352 3139.138074
380.142996 134.378820 3114.744275
398.214971 175.995171 3104.289325
400.245171 257.425459 3171.131036
402.312218 333.958720 3126.023529
359.943414 174.764377 3099.258417
362.196268 257.128920 3141.413043
361.901512 333.141391 3143.230817
381.824606 54.054064 3132.182288
380.922507 94.044016 3127.682397
409.923676 94.972875 3130.851239
421.375974 149.795126 3195.467029
422.779155 201.059734 3070.525385
351.862531 93.113295 3124.513556
331.213291 156.671225 3176.997009
312.241782 213.326874 3135.931195
379.984811 134.679801 3113.985034
398.178091 176.233060 3102.359692
400.828552 257.692313 3169.143097
402.488203 334.426801 3124.350897
359.873909 175.115454 3098.215649
362.676143 257.587367 3136.128137
362.078967 333.525172 3137.263995
381.934181 54.089254 3132.848437
380.942558 94.072403 3127.223700
409.916919 95.075381 3131.728345
421.320576 150.076056 3194.822400
422.340289 201.510377 3071.536121
351.884615 93.066515 3122.719055
331.169342 156.533121 3173.655750
312.239655 213.401493 3142.325183
380.016467 134.684900 3112.836914
398.216379 176.259382 3101.395752
400.682973 257.747774 3168.434155
402.620363 333.970262 3125.791553
359.910726 175.088678 3095.504504
362.476917 257.538226 3137.628101
362.267432 333.904855 3133.150732
381.960113 53.263636 3131.117999
381.097334 93.522476 3127.386859
410.043417 94.531789 3133.031116
421.335184 150.087865 3195.955756
421.741017 201.924781 3077.620056
352.046616 92.509519 3121.742603
331.145381 156.557583 3171.971106
312.258142 213.386291 3139.873541
380.238371 134.180908 3114.100397
398.477008 175.756751 3104.504785
400.761487 257.001358 3176.381158
402.750771 333.013766 3131.150781
360.221498 174.617421 3097.123083
362.599068 256.850398 3146.046564
362.565879 333.149868 3137.786505
381.144129 54.186521 3131.802417
380.606511 94.026092 3127.535004
409.555660 94.867913 3133.213794
421.310660 149.890891 3193.815417
421.501346 201.924124 3077.409601
351.552040 93.181221 3121.856213
331.113694 156.415945 3168.590308
312.254701 213.407796 3139.073010
379.989847 134.678237 3113.985535
398.477477 176.143644 3104.149689
400.984142 257.627938 3169.116321
402.569063 334.660623 3127.318793
360.212239 175.226640 3096.722443
362.573887 257.656998 3138.096057
362.360085 333.743009 3137.472198
381.325118 54.080042 3131.634003
380.761068 94.001756 3127.480951
409.694296 94.815440 3133.846161
421.376161 149.740338 3198.623608
421.669510 201.297591 3077.854535
351.709850 93.184771 3121.115741
331.044908 156.967702 3173.031891
312.255671 213.482307 3127.319043
380.243313 134.648458 3113.743799
398.823909 176.083070 3104.168958
401.294913 257.315571 3175.939978
402.767757 333.644100 3126.976459
360.566710 175.226562 3095.844336
363.280170 257.683899 3136.960699
362.002955 333.373242 3140.403058
381.300657 53.199887 3130.513660
380.912278 93.544341 3128.774463
409.898589 94.131664 3132.384235
424.939794 149.524221 3217.876642
421.160701 198.150286 3078.590753
351.858996 92.955657 3125.164691
330.985162 157.319576 3170.650067
312.143374 213.693716 3119.835242
380.479137 134.229737 3116.341333
399.160925 175.566347 3106.269006
401.220560 256.887591 3175.143451
402.853403 333.435178 3124.097150
360.895061 174.915321 3101.547400
363.175161 257.205119 3144.228040
362.193172 332.315179 3147.136877
381.252016 53.049568 3131.493365
381.014534 93.407786 3129.501672
410.036066 93.810867 3131.269897
423.464855 147.766835 3213.167047
421.866327 197.694592 3082.954260
351.960188 93.004267 3127.733447
331.360873 154.961088 3174.081165
313.076284 211.278844 3134.998035
380.700916 134.076838 3116.879108
399.521339 175.312005 3105.412921
401.231539 256.759560 3172.008893
402.764003 334.178778 3122.760095
361.233829 174.841077 3103.100165
363.166715 257.194547 3141.933801
362.213692 333.419694 3142.578931
381.803804 53.540281 3133.538611
381.301314 93.655809 3130.020679
410.333732 94.107406 3131.059943
422.412547 148.259956 3202.316211
422.281482 199.346703 3079.968597
352.249564 93.203931 3128.981415
331.384427 153.402395 3179.403107
313.653816 209.504629 3130.713354
380.873271 134.271919 3116.352594
399.595537 175.525917 3103.363922
400.868685 257.015121 3170.595514
402.909739 334.024565 3121.855963
361.278967 174.965683 3102.005096
363.179415 257.289514 3143.306641
361.559710 333.476906 3137.676398
381.551151 53.881020 3135.076611
381.023355 93.804814 3129.883295
410.062624 94.360512 3130.607001
421.901799 149.016069 3198.074323
422.019852 200.526761 3078.067993
351.970667 93.248834 3129.159589
331.393655 152.800011 3181.547699
314.089335 208.647168 3122.571411
380.434280 134.361678 3114.901428
399.014251 175.665068 3100.392773
400.601487 257.211563 3167.874860
402.063288 335.242003 3122.596686
360.658894 174.955970 3099.446350
362.634946 257.251727 3144.387195
360.429764 334.141492 3135.067102
381.631073 53.601888 3132.750592
381.111785 93.703512 3128.737677
410.111046 94.341916 3131.779895
421.602069 149.405949 3196.511548
422.367628 200.822456 3074.238257
352.056094 93.063872 3125.695459
331.397440 152.229235 3183.103967
314.222934 208.263653 3131.358984
380.579234 134.330742 3114.982507
399.182822 175.687387 3103.217029
400.875473 256.923251 3176.755273
402.799694 333.822211 3129.225653
360.876512 174.948854 3099.237646
363.189081 257.246034 3144.051117
361.973551 334.162606 3137.862579
381.980476 53.683468 3132.090198
381.135027 93.804282 3128.849036
410.075636 94.723225 3134.103662
421.396775 149.857468 3196.346387
422.572891 201.026045 3070.818170
352.097041 92.882226 3123.594409
331.494722 152.226044 3183.874219
314.375208 208.036509 3125.469238
380.364400 134.469580 3116.098346
398.682271 175.984974 3106.784009
400.385307 257.355766 3174.004590
402.364770 334.097449 3128.360559
360.450253 174.951966 3099.911304
362.647427 257.196924 3146.199213
361.411691 333.544440 3138.468170
381.640332 52.775285 3131.764630
381.010311 93.063356 3130.433582
409.969314 93.849373 3134.481781
421.455051 149.677777 3194.561395
422.647652 201.035773 3070.633240
351.976329 92.275322 3126.385382
331.446237 152.308344 3183.764111
314.302950 208.058359 3116.617352
380.324204 133.738164 3118.398340
398.725719 175.176810 3109.010181
401.155684 256.659931 3171.030688
402.809579 333.533211 3127.249475
360.507339 174.278747 3103.716016
363.287114 256.530492 3145.311597
362.019189 333.555701 3141.986353
381.912910 51.531994 3130.575720
381.201748 92.125535 3131.152783
410.184649 92.838981 3133.899213
421.389612 149.139502 3197.218488
422.658537 200.279050 3071.575409
352.167922 91.410853 3128.406354
331.492657 152.526494 3179.602301
314.428666 208.170046 3111.626984
380.486519 132.890540 3121.636499
398.842271 174.327200 3113.916217
401.263101 255.918489 3169.086542
403.020441 333.203076 3130.031689
360.669623 173.481985 3110.324213
363.395000 255.571557 3152.154773
362.103928 333.042263 3141.914532
381.304630 52.296083 3131.023157
380.670354 92.896474 3131.441315
409.691918 93.569662 3132.084692
421.347195 148.409743 3199.332550
422.646088 199.539798 3074.211481
351.636842 92.223021 3130.797937
331.542331 151.904606 3182.152539
314.336764 208.140595 3132.572919
379.861096 133.617609 3120.912793
398.155914 175.046637 3110.805182
400.063400 256.670567 3167.929163
402.046178 335.163583 3120.020172
359.931653 174.182106 3109.963361
362.547079 256.418571 3145.394427
361.007765 335.411043 3134.015826
382.037000 53.714217 3132.789880
381.048911 93.813291 3131.446570
410.084895 94.612195 3131.152283
425.022844 148.570150 3214.930267
421.873021 197.536093 3077.321014
352.018370 93.014511 3131.740857
331.292056 151.808778 3184.453284
314.273827 207.884423 3141.213599
380.006738 134.454472 3119.112036
398.093728 175.950002 3106.585065
400.209636 257.662847 3163.765601
402.766756 335.286359 3118.409100
359.821201 174.886840 3106.969940
362.863263 257.168396 3143.042633
361.730752 335.705893 3128.341791
381.248356 52.566128 3133.653473
380.841678 92.836259 3133.039874
409.874252 93.254965 3132.514111
423.206509 149.487060 3204.162012
422.569794 199.913287 3075.815295
351.818800 92.417726 3133.565637
331.320333 151.723836 3180.455634
314.217178 207.754594 3139.937854
380.314288 133.493269 3121.430548
398.909993 174.738711 3109.477386
401.343774 256.353069 3167.743732
404.041499 332.154115 3126.293292
360.660270 174.169046 3110.165057
363.778593 256.309746 3149.015460
362.418204 334.593120 3137.100836
380.985193 53.721943 3132.553650
381.015973 93.816450 3131.877991
410.073322 93.945920 3130.754645
422.343324 148.191530 3200.279224
422.148915 199.656302 3081.511853
351.979457 93.687058 3133.001337
331.428376 151.493095 3178.469696
314.175043 207.713241 3139.258942
380.857568 134.478167 3119.819977
399.844717 175.560028 3107.027246
401.589951 257.182816 3167.218970
403.767169 334.621929 3123.407727
361.560273 175.350871 3108.496680
363.572111 257.583238 3145.988507
362.557183 336.736742 3130.976611
381.615933 52.611000 3131.973083
381.481302 92.824091 3132.278131
410.529986 92.959677 3131.537408
421.809177 149.209070 3193.761615
422.063738 201.316500 3079.477118
352.446381 92.688553 3133.018854
331.391872 151.576833 3177.924915
314.228533 207.626344 3144.398956
381.341916 133.497366 3120.653540
400.337354 174.576866 3108.544476
401.567398 256.254129 3166.891150
403.147221 333.242239 3127.056036
362.071647 174.372792 3109.513422
363.500385 256.654301 3144.826373
361.912773 334.935329 3136.106366
381.424496 51.839779 3132.196301
381.381361 92.197652 3133.287866
410.418095 92.294981 3132.747339
421.585803 148.496938 3196.111407
422.456684 200.996203 3086.567786
352.354636 92.100370 3133.828394
331.490343 151.336583 3181.263171
314.222183 207.648740 3143.631458
381.302565 132.898642 3122.665002
400.339825 173.950833 3111.688544
401.514784 255.588136 3169.219922
402.560899 333.229258 3129.088770
362.111060 173.804143 3112.395734
363.085417 256.066133 3145.838361
361.320758 334.386105 3137.665387
381.574424 51.908220 3132.356708
381.670330 92.369898 3133.225555
410.701247 92.372870 3133.057642
425.158445 147.282002 3219.337317
422.081599 196.836661 3089.448096
352.642510 92.366927 3133.393469
331.538452 150.654261 3182.979346
316.523241 207.413824 3142.775122
381.762608 133.041453 3121.852710
400.978730 174.015287 3110.370007
401.428200 255.747291 3166.303827
403.384671 333.890810 3122.250598
362.733730 174.005605 3110.589722
363.495067 256.397144 3139.948364
362.121727 335.518710 3133.348926
381.326807 52.730085 3130.885773
381.598416 93.019157 3131.516888
410.618822 93.058820 3132.669513
423.352402 147.466745 3211.408582
422.778154 197.902263 3085.337085
352.556645 92.979477 3130.364264
331.747938 150.283399 3182.794666
317.650153 207.263959 3146.292303
381.745622 133.699908 3119.765173
401.018175 174.694653 3108.767194
401.072697 256.421104 3166.049829
402.707573 334.712611 3119.706116
362.760506 174.681968 3107.259723
363.236909 257.186476 3135.236267
361.335460 335.744180 3138.111572
381.853477 54.810208 3119.375043
382.022048 95.392628 3125.909167
411.039233 95.615487 3129.449872
426.107715 147.896477 3224.826172
422.090952 196.079969 3083.751038
352.939050 95.169270 3122.368463
331.670362 151.182902 3184.752325
316.438220 207.748494 3141.857227
382.026897 136.336167 3118.961639
401.101569 177.547936 3114.329871
401.277928 259.028930 3173.164771
402.733223 336.285959 3129.857770
362.933550 177.376941 3109.698352
363.131994 259.766243 3139.151837
361.787276 336.846287 3139.859027
381.159269 55.023572 3125.406677
381.629634 95.390845 3128.511456
410.686357 95.329489 3128.872058
425.122472 150.379258 3209.704419
422.381580 199.984435 3075.481470
352.566217 95.452218 3128.150854
331.635297 152.200488 3185.738037
315.668219 208.189549 3137.162146
381.824168 136.248941 3120.118018
401.127469 177.280894 3111.960559
401.086742 259.002060 3165.152454
402.672382 333.649261 3123.936743
362.909151 177.374017 3111.488599
362.778649 259.845383 3133.594165
361.927287 335.205592 3141.323456
381.279230 54.613938 3128.451398
381.894080 94.942908 3129.951862
410.946548 94.802005 3130.039697
423.326814 150.297569 3200.202899
422.056606 201.155155 3074.904657
352.839953 95.083812 3129.864026
331.616184 154.017323 3185.744293
316.011648 210.478783 3145.181720
382.196093 135.727667 3120.159558
401.615977 176.675022 3110.424561
401.712133 258.347077 3166.833093
403.104961 333.159846 3121.157532
363.383364 176.863456 3110.309949
363.240819 259.275921 3137.582306
362.292018 334.348131 3140.950342
381.598479 54.448245 3129.960620
382.195467 94.752785 3130.655298
411.213434 94.641630 3132.178033
422.323335 149.894207 3196.639923
421.751371 201.415784 3076.641351
353.149255 94.864035 3129.132562
331.543019 153.630102 3190.332520
315.269830 209.910118 3140.299457
382.574243 135.494940 3120.020673
402.064039 176.416426 3110.381769
401.832469 258.308727 3159.400592
403.351138 333.709164 3125.429950
363.834930 176.615229 3108.390326
363.575864 259.043945 3137.761230
362.497813 334.125977 3140.965356
381.318456 54.062666 3130.708099
381.961771 94.357932 3131.110992
410.990122 94.214714 3131.995355
421.880747 149.452995 3195.611670
422.421744 200.969552 3074.459973
352.916997 94.501243 3130.226630
331.954639 153.627756 3189.071790
317.033645 209.036407 3123.493561
382.336761 135.093674 3120.467358
401.828121 175.998737 3110.402039
400.888204 257.822784 3162.202576
402.520578 333.286095 3127.417889
363.593413 176.217795 3109.245410
362.781245 258.489185 3144.702753
361.555581 333.645946 3138.994934
381.789040 53.776918 3131.054938
382.288496 94.207676 3132.113220
411.310966 94.134182 3132.886975
421.705608 148.929969 3191.886536
422.625505 201.067460 3076.875830
353.251698 94.281185 3131.339465
331.788071 153.324382 3187.880627
316.030541 208.945990 3124.561353
382.553066 134.945623 3121.832190
401.924997 175.891132 3112.057153
401.034315 257.660220 3164.543610
402.854279 333.350157 3131.021155
363.707524 176.014471 3111.045166
363.622754 258.308008 3143.659485
361.485606 334.089128 3140.163824
382.288402 54.441723 3131.249878
382.456722 94.539937 3130.829468
411.448476 94.712825 3133.518341
421.592747 149.026517 3195.151971
422.189330 200.936160 3078.002179
353.415108 94.366753 3128.140594
331.695355 154.294312 3186.777301
317.717656 210.948053 3139.235919
382.524132 135.273818 3120.010162
401.690080 176.358870 3110.949323
401.141608 258.065208 3166.205981
402.552484 333.568307 3127.233459
363.472388 176.223441 3107.432391
362.816874 258.578397 3141.549927
361.306557 334.232581 3132.313165
382.058021 54.635225 3130.839728
382.237008 94.839605 3131.016650
411.262576 94.914209 3132.042651
421.484611 149.930758 3194.078174
422.055762 201.909344 3076.964417
353.192390 94.764938 3129.990649
331.835899 155.156904 3186.249286
317.371005 211.877366 3139.943860
382.317086 135.567918 3120.083234
401.514690 176.614182 3109.820721
401.139418 258.442420 3161.857990
402.721399 334.050778 3127.202179
363.272537 176.551151 3108.478912
363.119701 258.747906 3147.973694
361.250033 334.968111 3133.670990
381.914506 53.929364 3134.234540
382.195937 94.145130 3133.067651
411.222818 94.168841 3133.115698
421.408943 150.153648 3192.562195
421.727911 202.537957 3079.865247
353.168148 94.121420 3133.019604
332.207292 154.159962 3189.073792
318.073816 210.184355 3144.908203
382.283585 134.800043 3121.080957
401.499832 175.783230 3109.125793
401.243176 257.610265 3162.320691
402.847803 333.024183 3127.100580
363.243603 175.753608 3109.062732
363.298125 258.008059 3146.068835
361.257634 334.169425 3138.740186
381.766611 55.433441 3132.810651
382.185645 95.385872 3132.346448
411.225821 95.361426 3132.099207
421.437971 149.389777 3188.147638
421.622495 202.024456 3077.873053
353.150068 95.410302 3132.593689
332.351214 153.586903 3183.778125
318.507864 208.667860 3124.429974
382.310955 136.088973 3121.178302
401.563238 177.072566 3109.848499
401.391351 258.761607 3166.154431
402.716957 335.003020 3128.237939
363.313077 177.096277 3110.171814
363.266406 259.465950 3139.476654
361.754619 335.565131 3141.507135
381.882787 55.682653 3133.124457
382.186427 95.797523 3132.623969
411.229137 95.779756 3132.131738
421.477573 150.222496 3193.937286
421.668916 202.120503 3076.085059
353.152821 95.815275 3133.116199
332.106538 154.162215 3189.392603
316.963670 208.593568 3117.893347
382.282521 136.503268 3121.564929
401.505494 177.495213 3110.184076
401.200259 259.190431 3165.867902
402.823311 334.211654 3125.193219
363.257053 177.501704 3110.827704
362.835455 259.876131 3139.187872
361.830161 335.171497 3142.220331
382.100375 56.082903 3133.344922
382.269102 96.262649 3132.483331
411.319600 96.203998 3131.650018
423.581062 150.696239 3224.383990
421.179563 198.615521 3078.604517
353.234056 96.321284 3133.316644
331.944473 155.000939 3187.616119
316.534064 210.577097 3126.710199
382.400230 136.960432 3121.141266
401.666620 177.930779 3109.254169
401.800500 259.389532 3172.076459
402.936953 334.190289 3123.583649
363.404697 177.979404 3110.344232
363.462285 260.285844 3142.379486
361.649548 334.278438 3139.655328
381.955108 56.113589 3133.410236
382.220617 96.004491 3132.845685
411.276558 95.876335 3131.510883
422.584465 150.607778 3210.616559
421.574730 200.596032 3079.715601
353.189419 96.132553 3134.180487
331.854073 154.061789 3185.131696
317.651779 209.614987 3126.951184
382.409489 136.707842 3121.778387
401.733404 177.639354 3109.838239
401.116677 258.922482 3177.535535
403.342567 333.643130 3121.296667
363.476768 177.762255 3111.583942
363.422778 260.051959 3143.204291
362.352859 333.573813 3140.577728
381.297591 55.114051 3145.251538
381.871526 94.612774 3139.720142
410.859808 94.357478 3138.562262
421.969490 150.509933 3202.604242
421.552239 201.466772 3078.260931
352.904610 94.867882 3140.878021
331.704677 153.537824 3181.842737
316.316257 209.100829 3129.787701
382.286744 135.036555 3124.542834
401.845920 175.706186 3108.608289
401.048517 257.200240 3172.490363
403.210814 333.007291 3120.198846
363.575489 176.003648 3110.122766
363.316956 258.340540 3142.251862
362.197770 333.122185 3135.976489
381.300813 55.378997 3138.343048
381.929739 95.209121 3136.826068
410.930220 94.910361 3136.433435
421.632755 149.462567 3198.642377
421.668634 200.843883 3077.276221
352.936516 95.507803 3137.218701
331.757478 153.229445 3185.803101
315.633623 208.910096 3137.692413
382.449277 135.770741 3123.865674
402.095476 176.480098 3110.648529
400.935406 257.656904 3181.368024
403.341629 334.920627 3124.329376
363.854011 176.860609 3111.162030
363.472357 259.142885 3144.189752
362.000390 335.616587 3136.466217
381.606361 54.811975 3149.253192
382.363631 94.257771 3141.545673
411.267612 94.093189 3143.640967
421.575856 149.693026 3197.217987
422.407230 201.478189 3079.100751
353.421051 94.422557 3139.450378
331.702049 153.188718 3188.315552
315.308681 208.803977 3141.650024
382.953019 134.521772 3123.611676
402.675291 175.106179 3107.048016
401.470366 256.584795 3172.831445
403.731853 333.063377 3115.559821
364.406206 175.395555 3104.307343
363.700455 257.761162 3142.060925
362.281883 333.053086 3124.503296
381.985043 55.513847 3140.858752
382.514341 95.454110 3137.280261
411.484605 95.220132 3138.121832
421.479012 149.389027 3197.172192
422.113443 200.997642 3076.951654
353.528531 95.688198 3136.438690
331.678964 151.888121 3191.102521
317.044312 208.109237 3141.785406
383.061406 135.927409 3122.515356
402.739635 176.616418 3108.300739
401.224032 258.094831 3172.386761
403.371627 335.283919 3122.417511
364.480904 176.954232 3107.200165
363.127302 259.093743 3149.811987
361.793845 336.508739 3137.326306
381.641521 54.777895 3135.121405
382.293000 95.001043 3135.568341
411.277027 94.717392 3136.555804
421.449670 150.517534 3198.396637
422.148915 201.663276 3072.838141
353.290705 95.284851 3134.580878
331.839840 151.183183 3190.437122
317.995615 207.393429 3141.704828
382.888393 135.624723 3123.810370
402.586517 176.351566 3112.698279
401.266667 257.910558 3171.037695
403.049500 333.078736 3126.060815
364.382120 176.759276 3111.406519
363.344326 258.846721 3152.159027
361.156473 334.065636 3136.095605
381.694635 54.937035 3133.775092
382.458130 94.953012 3135.022559
411.454419 94.624504 3135.666187
421.373659 150.262035 3195.271088
422.012595 202.108101 3076.948651
353.449954 95.281661 3134.378931
331.773431 150.630676 3196.762543
317.394403 206.306290 3141.543921
383.078735 135.635515 3124.432727
402.795440 176.367410 3114.263806
401.874510 257.971117 3170.026959
403.311193 333.839228 3126.560553
364.606620 176.822150 3113.421985
363.642054 259.009067 3147.429663
361.509505 335.904430 3139.294727
381.678713 54.899717 3132.588184
382.491819 95.083640 3134.558105
411.499901 94.712778 3134.819110
421.353671 150.094856 3195.534094
421.750057 201.969074 3077.567755
353.478889 95.454548 3134.297101
331.818350 150.569053 3197.363129
318.293718 206.191741 3144.956000
383.132194 135.818694 3125.069849
402.862161 176.553372 3115.752258
401.743163 258.184293 3169.331531
403.162892 333.782954 3125.594110
364.688763 177.050357 3115.410925
363.594914 259.196562 3149.024219
361.405966 334.916811 3135.321100
381.902431 55.397140 3132.519867
382.419154 95.660953 3134.376678
411.432992 95.332241 3134.471521
421.469158 149.877065 3197.208228
422.202780 201.490920 3076.551013
353.403565 95.989680 3134.281836
331.639738 151.158018 3193.089709
316.905051 207.053238 3147.411145
382.986301 136.405266 3124.956488
402.645262 177.178075 3115.598358
401.558483 258.901274 3165.838373
402.876644 334.476412 3123.507574
364.467703 177.613844 3115.474237
363.161804 259.797993 3146.950195
361.111742 335.915222 3134.499799
381.948820 55.598195 3132.441040
382.570490 95.807471 3134.429730
411.585390 95.515389 3134.471021
421.471129 150.266367 3197.978479
422.004462 201.600699 3074.328845
353.554807 96.099584 3134.388440
331.805682 151.469775 3187.806305
317.884319 207.210406 3138.764709
383.077766 136.569645 3125.437457
402.671788 177.374236 3116.472211
401.724833 259.076476 3166.644159
402.851401 333.882395 3127.871082
364.503801 177.759862 3116.418158
363.116885 259.805907 3152.743848
361.264484 335.000111 3134.911700
382.025677 54.281270 3134.538086
382.470486 94.611069 3135.923688
411.475909 94.367394 3135.763782
421.440630 150.855676 3197.469983
421.585052 202.473426 3076.718677
353.468003 94.854697 3136.083594
331.658882 152.154224 3194.473059
316.597845 207.726613 3142.007874
382.904034 135.308618 3125.868628
402.430615 176.111206 3115.708966
401.390632 257.848997 3166.063092
402.699753 331.872684 3124.888922
364.251398 176.426467 3115.918170
362.694317 258.574080 3148.860309
360.930127 334.795380 3133.772339
381.873653 54.944902 3132.946783
382.228468 95.113403 3135.263544
411.242963 94.873528 3134.953992
421.377350 149.920983 3196.961487
421.384106 201.884241 3080.473840
353.219698 95.353231 3135.573096
331.737271 152.348508 3192.097491
315.802006 208.193741 3145.877399
382.638212 135.848566 3125.883643
402.138017 176.676445 3116.301294
401.725427 258.394843 3166.407178
402.303710 334.411192 3127.025507
363.965244 176.981415 3116.706189
362.417891 259.095526 3150.126044
361.263734 336.060739 3135.124908
382.058678 54.430149 3132.724066
382.375581 94.772821 3135.477502
411.380253 94.573407 3135.588611
421.407661 150.055740 3199.630090
421.760536 201.570670 3078.449115
353.368844 94.972265 3135.366394
331.655003 154.020217 3186.304089
317.295557 210.984948 3156.024048
382.760738 135.500633 3125.995251
402.231546 176.343136 3116.585571
401.669654 258.131148 3164.155981
403.037801 333.234263 3124.618658
364.064028 176.609364 3116.440430
363.094301 258.766643 3148.695648
361.536938 334.485828 3135.722742
381.003930 54.005767 3144.900946
381.550119 94.061705 3142.225836
410.546471 93.602319 3138.518469
421.396619 149.976960 3198.899628
422.223238 201.760683 3080.365735
352.622115 94.520027 3145.933203
331.616904 155.106714 3186.009552
316.934861 212.262570 3152.829181
382.038533 134.497655 3128.156860
401.663742 175.059180 3111.662518
401.075825 257.085159 3155.754535
402.457172 332.977544 3118.336530
363.428752 175.538413 3116.513251
362.471099 257.772329 3145.409192
360.658237 334.873612 3136.279535
381.713372 54.651506 3138.678125
381.902463 94.842420 3138.564264
410.927217 94.658709 3135.556580
421.422519 148.887756 3200.809991
422.402538 200.508274 3081.165015
352.933294 95.025771 3141.571948
331.533447 155.919585 3188.922394
317.857073 213.552782 3160.482898
382.043006 135.438541 3127.003485
401.298073 176.266436 3113.476038
401.069569 258.089732 3162.465332
402.490173 335.369127 3126.562305
363.095177 176.405353 3117.409375
362.312538 258.492719 3151.688318
360.798624 336.379112 3136.230737
381.513114 54.592276 3135.052338
381.597227 94.916774 3137.087573
410.623734 94.864426 3134.962500
423.923146 149.387369 3232.567224
422.189111 196.708379 3083.192993
352.610010 94.969059 3139.212646
331.657600 156.237020 3186.777551
317.228429 213.613169 3150.735138
381.607050 135.600965 3127.133612
400.714128 176.546960 3115.790045
401.090714 258.326964 3163.887970
402.150373 334.030227 3128.848285
362.536726 176.543034 3118.569257
362.216788 258.668266 3149.762689
360.384939 336.245920 3141.192328
381.588313 54.457520 3133.734802
381.484524 94.854525 3136.995483
410.508340 94.867804 3135.175958
423.699146 150.017093 3221.834753
422.284641 198.461731 3077.986163
352.494366 94.841262 3138.815009
331.935464 156.589426 3189.784485
316.810677 213.555941 3152.664270
381.417302 135.576739 3127.915875
400.435387 176.575925 3117.646606
401.631023 258.285705 3165.939972
402.309560 333.623142 3128.780219
362.278505 176.496144 3120.025928
361.961383 258.567042 3152.192310
361.447350 335.540450 3142.296906
381.070776 54.883498 3136.191199
381.328590 95.278376 3137.709680
410.357755 95.130732 3135.174707
422.673270 149.343435 3214.314417
422.369756 198.537195 3074.516278
352.346315 95.425801 3140.244653
331.903465 154.323810 3194.937762
317.789695 211.066418 3151.264655
381.441200 135.966776 3127.947156
400.651598 176.856230 3116.527014
402.104547 258.740430 3158.919873
402.738541 334.045367 3125.505774
362.477699 176.963616 3119.842249
362.714243 259.054330 3151.045190
361.617078 335.451958 3139.536212
380.388173 54.392144 3147.145636
380.870988 94.354381 3143.644971
409.869154 93.934268 3139.226910
422.008466 149.911161 3207.843103
422.573079 199.875438 3073.018817
351.954182 94.773321 3148.063031
331.662323 152.386858 3191.867517
318.387434 209.030276 3150.180096
381.243695 134.774456 3129.590759
400.747129 175.357471 3112.647229
401.960876 257.280224 3158.510974
402.785649 332.612563 3122.541382
362.527905 175.760536 3118.425867
362.820346 257.875242 3150.888538
361.806044 333.196132 3138.742938
381.132743 54.808722 3141.337720
381.133494 94.795781 3141.316699
410.133443 94.623706 3138.361816
421.623371 149.047975 3208.836823
422.608551 199.264076 3076.356573
352.188036 94.967542 3144.271582
331.531508 152.022064 3188.261749
316.420109 208.241053 3140.346503
381.255519 135.377935 3130.303955
400.470985 176.183855 3117.358826
401.791679 257.782526 3169.638831
402.279405 334.646109 3132.577673
362.309535 176.309353 3121.223596
362.232397 258.405384 3150.758911
361.989661 335.280978 3145.237024
381.295089 53.290882 3136.901141
381.259273 93.758143 3140.264673
410.229224 93.778397 3139.626801
421.526057 149.448413 3207.499518
422.691976 199.891673 3076.560773
352.301115 93.737889 3140.902545
331.377733 151.960035 3187.480487
315.318440 207.928310 3145.072614
381.266749 134.441100 3131.434808
400.325999 175.378351 3122.187787
401.633619 257.025882 3168.826538
402.946963 332.676437 3131.385010
362.227580 175.329913 3123.022101
362.492745 257.434374 3150.113782
362.068707 332.631612 3143.332666
380.901048 51.963321 3134.172229
381.312856 92.783130 3140.650800
410.276645 92.456436 3140.098761
421.498750 148.418580 3207.821832
422.649654 199.204064 3080.780640
352.359265 93.109682 3141.202838
331.399754 151.757087 3187.596851
314.803938 207.792881 3149.592273
381.794263 133.562226 3134.647443
401.289752 174.292823 3128.283234
402.749927 256.021558 3165.230280
403.940526 332.064497 3131.997607
363.269659 174.702785 3129.004938
363.430754 256.683298 3154.746802
363.045097 334.511259 3151.669299
381.116102 53.880332 3133.849414
381.805681 94.159707 3138.199658
410.777571 93.534143 3138.178137
421.486300 147.264391 3207.152930
422.636797 198.130720 3081.225574
352.834197 94.785270 3138.221179
331.407543 151.926471 3187.174939
314.564298 207.742519 3135.178210
382.765899 134.908180 3130.626270
402.768539 175.443602 3123.038867
403.014059 257.463653 3152.675531
404.284017 335.171309 3121.870978
364.693142 176.264997 3123.066895
364.021330 258.507546 3140.387793
363.274539 336.694983 3137.203687
381.133244 54.631862 3132.653748
381.957360 94.849927 3137.627100
410.913329 94.117072 3138.571021
421.345006 148.878341 3203.502869
422.743996 199.608897 3074.767273
352.984000 95.583236 3136.683179
331.523625 152.842318 3190.013959
314.466422 207.865702 3127.199677
383.138137 135.614745 3130.288440
403.349918 176.073466 3123.566882
401.984868 258.000927 3156.710468
403.389582 334.310563 3128.222925
365.291476 177.069047 3122.332678
363.424748 259.232159 3144.281091
362.098986 334.196389 3139.079266
381.429845 54.495526 3133.548621
382.194216 94.705067 3138.691888
411.147307 93.935973 3139.326758
421.258984 149.568499 3207.714478
423.203319 199.490156 3071.423511
353.229427 95.474458 3138.057019
331.406386 152.694689 3193.480090
314.463606 207.801264 3132.018127
383.399736 135.474358 3131.806921
403.627908 175.907273 3125.337109
401.350968 257.718996 3161.633020
403.186665 333.143330 3129.774438
365.588140 176.939468 3124.506799
362.754219 258.929114 3151.557190
361.795753 333.987779 3146.985229
380.972681 53.023637 3134.556854
381.614150 93.546531 3139.713135
410.548035 92.856091 3140.943835
421.154320 149.699986 3203.434552
423.042036 199.827923 3068.279694
352.657587 94.237533 3138.482434
331.444110 152.885000 3194.692773
314.384029 207.759708 3123.921228
382.751479 134.298679 3132.714307
402.901512 174.758715 3126.520264
400.512369 256.507251 3165.227026
402.249689 332.450936 3128.334283
364.876414 175.708220 3124.910693
361.942865 257.779711 3147.540271
360.689423 333.078455 3149.322009
381.201936 54.027960 3134.551349
381.620625 94.224911 3138.743439
410.579534 93.730460 3139.385065
421.218789 148.678239 3205.107684
423.273481 198.792115 3070.414026
352.649892 94.719581 3138.101813
331.372415 152.712550 3195.846899
314.293847 207.877901 3126.531274
382.442365 134.976544 3131.190570
402.298768 175.589338 3124.057361
400.814288 257.508540 3158.080804
402.409470 334.476131 3123.738049
364.232192 176.261259 3123.218042
362.267995 258.472199 3141.269403
360.618761 333.670720 3143.044635
381.224645 55.486633 3135.581854
381.509892 95.541305 3137.813031
410.486193 95.185677 3138.138098
421.228861 149.273398 3203.879987
423.050920 199.492283 3069.773901
352.527586 95.896996 3137.487964
331.579899 152.938427 3190.280469
314.261628 207.746601 3124.493286
382.121739 136.269993 3129.175354
401.791335 176.984746 3120.750385
400.613374 258.869556 3159.573260
402.395675 334.755935 3124.444739
363.680029 177.463620 3120.324969
362.278192 259.756483 3138.690637
360.922369 335.003270 3141.819940
381.009779 55.684545 3133.498071
381.262025 95.661125 3137.553778
410.251746 95.324281 3137.344324
421.187102 150.565565 3204.047650
423.073786 200.058382 3062.706006
352.276215 95.997922 3137.763232
331.402851 152.783526 3187.978973
314.233163 207.674938 3123.450018
381.794170 136.447713 3130.310461
401.373897 177.205790 3122.930011
400.550562 258.961739 3164.800861
402.478756 333.433614 3127.624591
363.285362 177.641199 3123.204279
362.086098 259.698083 3150.225641
361.476879 334.201863 3147.571051
381.295746 55.300467 3133.488562
381.398158 95.546450 3138.332538
410.371675 95.381023 3138.662610
421.204181 150.706797 3201.261682
423.388374 200.213455 3059.406287
352.418542 95.711909 3138.002466
331.134058 152.824097 3187.843842
314.276768 207.710394 3124.943976
381.718846 136.350791 3131.790405
401.068192 177.211686 3125.463983
400.956208 258.924516 3166.450470
402.417102 332.829837 3131.470093
363.010907 177.440269 3125.032562
361.825532 259.456941 3152.325439
361.886779 333.828968 3147.061554
380.912215 55.487572 3135.564087
380.913654 95.539991 3139.217401
409.891676 95.458802 3138.895087
421.230144 150.762241 3202.495886
423.524507 199.678715 3055.517993
351.941576 95.621164 3139.539716
331.216576 153.058638 3192.434070
314.191528 207.828072 3121.172797
381.077314 136.292421 3131.577948
400.283990 177.196312 3123.727789
399.906184 258.973814 3164.115942
402.015585 333.061344 3124.849884
362.202087 177.291999 3124.149200
361.721086 259.381837 3149.266205
360.435707 333.083022 3149.216656
381.445861 55.231025 3135.561334
381.090108 95.278111 3139.102789
410.060841 95.435342 3139.189624
421.265929 150.833827 3203.971576
423.565391 200.031184 3059.617743
352.117748 95.120863 3139.015955
331.346890 153.617543 3193.675781
314.293597 207.972791 3119.867773
380.948313 136.017325 3131.116248
399.848627 177.066748 3123.186511
399.801926 258.897427 3162.023151
402.411346 333.500429 3124.317365
361.762283 176.863018 3123.072900
361.327953 258.841872 3155.130176
361.025345 333.922622 3146.824072
381.100462 55.676021 3135.013049
380.716274 95.635334 3139.255188
409.687195 95.858567 3139.267200
421.293706 150.550175 3204.501343
423.140445 199.969186 3062.427234
351.745166 95.412101 3139.243176
331.304349 153.062157 3191.200366
314.488255 207.910308 3122.815649
380.471285 136.386263 3131.598718
399.263119 177.483420 3123.950006
399.578520 259.147233 3168.038770
402.457329 333.295354 3125.807068
361.186940 177.190447 3123.934491
360.649290 259.175260 3154.797601
360.343242 334.100327 3144.081146
380.950722 56.296204 3134.263818
380.551176 96.117711 3138.236945
409.552063 96.318892 3137.048785
421.286543 150.874132 3203.495612
423.079542 200.444681 3062.501056
351.572247 95.916687 3139.425104
331.270972 152.590478 3189.495703
314.478214 207.786860 3129.895306
380.252728 136.873848 3130.335986
399.011592 177.988788 3121.658020
400.209698 259.718665 3164.625690
402.702068 333.883803 3122.357703
360.903413 177.683756 3123.212036
360.873165 259.754575 3150.565222
360.911234 334.988756 3145.324860
381.242444 56.017120 3134.901440
380.583614 95.834841 3139.572998
409.564606 96.251060 3138.672119
421.228705 151.183934 3206.150952
422.712746 199.948275 3058.429584
351.619231 95.418857 3140.473877
331.393717 152.710720 3195.273840
314.459102 207.680584 3133.500073
379.996322 136.587756 3132.178784
398.446103 177.822376 3124.195496
399.404444 259.467983 3168.305780
402.697907 332.790424 3128.997430
360.373615 177.244765 3125.373645
360.032376 259.301289 3150.826227
360.913673 334.294829 3148.053772
380.945998 55.860999 3135.751270
380.130828 95.678626 3139.914581
409.133311 96.139420 3137.264496
421.267805 151.129475 3204.191040
422.505482 200.414573 3060.887482
351.177268 95.218646 3142.564667
331.409295 152.414087 3191.529687
314.439270 207.612095 3136.709454
379.358856 136.389845 3131.644763
397.643945 177.664816 3121.642004
399.327963 259.417215 3163.578918
402.220973 333.505152 3125.862622
359.542742 176.968856 3125.107886
360.056931 258.979601 3153.191534
360.640157 334.287384 3145.549829
380.725158 54.998063 3133.585406
379.905733 95.182502 3138.886078
408.904337 95.727580 3137.081067
421.249162 150.798871 3205.463782
421.901236 200.187524 3063.593872
350.940506 94.638033 3140.691089
331.511050 152.922552 3189.610815
314.386062 207.673468 3121.586450
379.066978 135.947288 3131.732349
397.269830 177.287620 3123.398218
399.797953 258.875217 3168.787500
402.652926 333.170357 3129.074255
359.193276 176.510127 3125.759021
361.030819 258.462659 3154.790094
360.841415 333.851584 3148.466425
381.077470 53.253517 3145.861884
380.034609 93.411242 3145.521301
408.994926 94.073498 3141.657281
421.252353 150.421503 3205.463531
422.377951 199.708353 3062.593396
351.145362 92.750598 3149.385321
331.397878 153.198728 3193.300665
314.184146 207.926887 3118.824005
378.899596 133.882852 3133.774341
396.828869 175.161014 3119.500165
399.801237 256.946148 3161.744128
402.519546 332.169756 3121.885742
358.713996 174.157785 3124.554596
360.641752 256.229261 3150.174591
360.663492 332.151112 3150.700104
380.237338 54.765039 3139.161346
379.326700 94.744043 3141.288672
408.314512 95.375612 3138.438391
421.239278 149.181856 3210.843530
422.312700 198.084910 3065.822546
350.391408 94.113599 3144.138953
331.318175 152.670885 3191.021442
314.175450 208.006652 3123.835645
378.299979 135.381439 3131.985095
396.328693 176.725008 3120.817700
400.025143 258.366940 3165.062866
402.292637 335.858417 3128.348297
358.228429 175.797525 3124.545337
360.685701 257.857725 3149.446631
360.732497 335.456243 3152.882483
380.860040 54.968534 3135.300330
379.626930 95.168597 3138.828522
408.628693 96.102462 3135.935199
421.215755 150.410773 3204.478070
422.375417 199.663247 3061.103693
350.678594 94.236438 3141.721844
331.276572 153.226004 3188.869843
314.336357 208.022464 3116.158905
378.162877 135.873184 3130.713855
395.747814 177.452515 3120.707092
399.658755 259.275389 3156.753510
402.336899 334.875927 3126.544037
357.657684 176.126972 3124.491284
360.950772 258.200997 3146.713965
360.301389 334.007236 3154.896198
380.037080 55.364248 3147.730707
378.940135 95.003092 3144.202765
407.922536 95.769277 3138.975916
421.205620 151.254534 3201.004932
422.572516 200.505287 3056.670117
350.053954 94.239441 3149.429614
331.247794 153.230431 3188.320557
314.351340 208.103231 3117.220691
377.557724 135.361419 3129.712628
395.279169 176.689724 3111.804156
400.178731 258.445580 3156.861615
402.176305 333.400519 3115.504016
357.087659 175.501956 3118.640826
361.465900 257.742018 3136.787531
360.144360 332.894994 3143.985303
380.263676 55.224346 3139.583508
379.078114 94.935573 3139.763434
408.082536 95.839846 3135.942206
421.264427 150.619696 3203.686798
422.617466 199.902574 3060.293402
350.144167 94.033490 3143.584662
330.758316 153.102728 3186.488770
314.404048 208.002633 3110.689319
377.598420 135.504403 3128.817505
395.197934 177.018623 3115.372638
400.734492 258.294495 3171.215619
402.456203 334.722840 3129.400824
357.049341 175.698616 3120.370514
361.629153 257.576888 3153.068665
360.792055 333.943048 3146.435944
379.659587 55.476561 3136.538538
378.663334 95.253743 3138.309265
407.669758 96.088292 3135.635657
421.223950 150.605948 3201.105029
422.371695 200.523695 3063.386920
349.706271 94.420586 3140.982874
330.339001 152.717305 3187.615118
314.428322 208.057373 3114.273065
377.361470 135.912191 3128.755945
395.129023 177.414384 3117.454169
400.407047 258.828484 3168.116095
402.823936 334.077179 3127.619086
356.995601 176.225724 3120.951080
361.482103 258.231621 3147.467450
361.206334 335.349733 3147.342328
380.039520 55.896424 3136.048059
379.046864 95.706528 3137.418646
408.073026 96.359431 3134.383685
421.221886 150.807833 3200.669354
421.562124 201.014925 3065.918140
350.076788 95.054893 3140.453607
330.392397 153.121621 3185.642694
314.566832 207.997862 3109.595001
377.978572 136.381931 3127.686401
395.995525 177.792722 3115.969470
401.197287 259.310173 3164.888446
403.724784 334.081590 3125.447467
357.835983 176.830424 3119.938843
362.662849 258.925798 3142.353961
362.038052 334.561433 3141.643268
380.006488 56.370011 3135.325604
378.974419 96.170810 3136.261517
408.016690 96.753863 3133.020355
421.230613 151.030753 3201.359528
421.786217 200.963937 3063.852374
349.992112 95.588961 3139.502679
330.309660 152.426224 3182.651276
314.558668 207.860525 3123.004584
377.992523 136.848792 3126.060815
396.112045 178.232307 3113.740546
400.294437 259.850075 3163.320917
403.169899 334.323920 3124.354651
357.922255 177.354498 3117.979681
362.202337 259.515186 3141.609735
361.247718 335.802550 3143.771344
380.398151 56.214562 3133.912726
379.284315 96.235482 3134.915704
408.329214 96.849941 3132.389240
421.365839 150.877885 3202.684821
421.913936 200.007911 3058.211371
350.286243 95.621962 3137.442169
330.274219 152.071237 3181.083496
314.511653 207.683321 3129.801465
378.313837 136.922489 3124.459253
396.451845 178.330544 3112.350690
400.436607 260.021336 3161.245392
403.497093 334.222164 3124.465009
358.242098 177.435467 3115.654913
363.009781 259.628171 3139.614789
361.453794 335.476638 3146.963708
380.702229 55.196272 3131.643262
379.501933 95.327800 3135.665436
408.526562 95.994403 3133.972284
421.247285 151.266843 3199.164886
422.449521 200.813979 3057.469647
350.508616 94.661916 3137.358588
330.262739 152.484703 3181.319476
314.368107 207.592873 3120.490881
378.506525 136.080574 3127.221948
396.584943 177.521223 3117.671130
400.243638 258.821415 3175.291846
403.164863 332.615315 3128.818506
358.440010 176.587124 3119.885791
362.826759 258.655847 3146.171936
361.112054 333.940421 3156.835840
379.938297 55.132475 3145.398431
379.336647 94.949947 3141.371252
408.283513 95.472644 3141.303687
421.305217 150.311082 3201.732391
422.194866 199.799254 3060.307916
350.391001 94.427265 3141.438818
330.257390 152.106600 3180.464642
314.378899 207.658125 3123.274847
378.723987 135.329560 3126.107861
397.222065 176.451789 3110.800427
400.416932 258.186671 3161.441083
403.822192 333.050396 3115.973224
358.989108 175.759066 3110.888513
363.578461 258.102213 3134.929468
360.804379 333.191565 3140.692090
379.500244 54.722466 3138.928619
379.102231 94.702752 3137.993207
408.084882 95.003780 3137.874841
421.240216 150.054160 3201.118292
422.516837 199.275712 3057.135822
350.121738 94.401771 3138.111572
330.345351 151.736551 3180.501178
314.434140 207.606027 3129.892053
378.773817 135.263840 3125.666681
397.545506 176.346498 3113.262579
400.040283 258.011562 3165.469012
403.276816 332.946075 3123.909717
359.341045 175.945670 3113.417731
363.571986 257.839301 3153.718549
360.261193 333.385035 3150.745648
380.256107 54.329270 3148.542749
379.405120 94.087543 3142.993585
408.376729 94.616919 3139.951617
421.272842 149.764158 3202.765399
423.023331 198.914813 3058.341748
350.489535 93.559199 3146.035553
330.228143 151.856622 3185.170734
314.385405 207.618085 3128.322772
378.540433 134.435594 3127.567035
396.797682 175.585099 3110.150793
399.350110 257.448044 3158.861066
401.840821 332.977512 3122.802887
358.561066 174.782692 3114.130176
361.948965 256.759716 3153.546381
359.747942 333.403115 3146.664166
379.404432 55.101961 3143.061652
378.882391 94.871104 3140.975366
407.898043 95.210826 3136.371625
421.223919 149.700862 3202.691577
422.965775 198.744991 3057.309991
349.951666 94.532399 3145.579108
330.176248 151.639535 3187.472980
314.485065 207.548080 3125.137415
378.148112 135.386929 3128.533978
396.521663 176.528754 3113.082153
399.889918 258.272442 3161.549689
402.409313 334.000854 3131.039673
358.331216 175.924415 3119.103027
362.684182 257.886378 3150.679584
360.497017 335.256204 3149.237177
379.129476 55.523810 3140.325232
378.707283 95.199346 3139.485413
407.733914 95.523975 3135.360138
421.232021 150.043822 3205.087915
422.910627 198.730368 3056.798743
349.756820 94.875562 3143.610687
330.112092 151.881145 3183.980322
314.427509 207.645675 3125.730493
378.031280 135.747468 3127.150879
396.470613 176.901165 3112.118964
400.496197 258.783941 3154.840643
402.791874 333.951118 3127.253729
358.262274 176.332798 3117.513727
362.437473 258.425967 3145.691718
361.049243 334.250004 3142.904498
379.722398 56.177401 3141.011902
378.968163 95.705746 3138.960150
407.970770 96.271204 3136.618866
421.276877 149.743982 3204.916748
422.901118 198.452722 3056.912854
350.008816 95.141117 3141.301434
330.020221 152.106741 3186.365399
314.410961 207.664662 3119.392560
378.095968 136.222900 3125.738501
396.338609 177.497168 3110.985858
400.011192 259.175510 3162.023901
402.813739 333.415377 3126.131635
358.112941 176.671785 3114.047845
361.940738 258.785880 3146.560315
361.066541 334.842707 3143.677502
379.751364 54.399870 3132.037396
379.393390 94.363406 3130.107764
408.481894 94.653267 3127.421143
421.244783 149.281766 3185.992535
423.330443 200.304247 3050.069678
350.354778 94.074045 3132.794385
331.394186 151.708602 3184.432263
314.310113 207.551865 3136.306812
378.888741 134.970288 3116.272266
397.566682 176.176770 3100.679553
399.514896 257.884282 3162.648761
402.401180 334.393863 3123.982288
359.214172 175.702182 3104.193481
362.011213 258.103809 3137.178412
360.856086 334.754840 3144.901947
377.982951 54.705183 3119.451617
377.904906 95.169880 3121.688300
407.045805 95.272918 3120.873254
420.768537 150.603461 3182.293927
422.937560 202.165141 3050.562659
348.779210 95.066889 3122.503345
328.888586 153.085602 3176.855121
313.549558 209.545669 3123.934741
377.775186 136.079479 3112.528113
396.810945 177.312441 3102.834906
398.688871 259.152801 3158.369086
402.083933 334.412068 3122.718304
358.485085 177.148734 3103.900946
360.025526 259.421626 3143.371954
360.215398 335.890385 3147.644122
377.546807 55.273582 3114.690222
377.330346 95.938129 3117.985937
406.371929 96.314121 3123.003833
420.014020 151.633607 3176.305334
422.939906 204.430929 3056.911102
348.195171 95.560933 3112.968042
326.154199 155.214616 3177.689685
312.286232 211.381648 3113.041614
377.218487 136.972804 3110.605237
396.209671 178.363044 3106.507990
398.495432 260.057527 3162.768878
401.945580 334.982875 3127.597064
357.962106 178.041949 3099.941083
359.303790 260.164475 3148.518475
360.612911 334.923254 3143.877698
377.476614 54.135049 3124.107410
377.129681 94.827640 3123.088165
406.181806 95.222118 3125.888147
419.254091 152.253571 3176.489014
422.635765 206.114149 3070.230096
348.025412 94.432457 3120.288184
324.788273 156.845364 3178.116351
311.571316 212.649948 3100.074963
376.883535 135.610256 3111.293909
395.778844 176.914850 3101.329938
398.132672 258.870682 3154.335651
401.962909 332.941665 3116.835315
357.469626 176.491390 3097.669366
358.898770 258.493595 3153.251843
360.626049 333.318814 3147.066559
377.268786 55.088401 3127.800763
376.728790 95.402091 3124.045099
405.784262 95.874739 3126.591583
417.870647 151.143207 3175.262067
422.637267 205.297884 3073.408698
347.625897 94.928676 3121.498615
324.202107 157.557339 3177.830573
311.167703 213.462209 3093.349152
376.371410 136.094118 3110.290930
395.181168 177.415573 3098.201636
398.210905 259.491225 3148.733936
401.749920 334.906019 3119.966870
356.819930 176.879456 3094.871887
358.263056 258.926768 3151.545679
360.399547 334.461366 3144.208521
375.962167 55.316608 3118.843274
375.739732 95.919189 3119.051978
404.903059 96.009261 3118.120319
417.436724 151.590706 3172.593463
422.746686 206.041000 3073.925201
346.593797 95.829195 3119.983636
323.729646 157.552929 3178.151886
311.587206 213.963557 3096.755975
375.622086 136.819029 3108.624805
394.704108 178.069601 3097.588287
398.311253 260.165789 3146.723224
401.669967 334.929041 3121.986841
356.310683 177.918751 3098.806976
358.599384 259.863869 3154.333649
360.275363 335.668200 3153.866693
374.933257 55.301155 3112.321411
374.949586 96.072495 3116.383875
404.173566 95.919424 3113.153723
417.074809 151.268438 3176.525049
422.736864 205.707847 3078.847003
345.786134 96.225238 3119.614026
323.558917 157.191592 3175.247302
311.799476 213.938877 3099.771167
374.987122 137.148022 3109.585742
394.211127 178.359165 3100.675549
398.408910 260.404866 3147.514246
401.828809 333.688456 3125.998755
355.864622 178.447908 3104.899670
358.448988 260.225066 3160.329248
360.484348 334.250692 3155.475012
373.617505 54.934954 3110.091986
373.754983 95.969598 3115.911664
403.015936 95.568300 3109.185602
415.976612 151.427828 3178.295026
422.769270 205.374584 3075.378119
344.620121 96.369144 3122.637726
323.380524 156.737821 3174.320648
312.216664 213.671132 3107.469177
373.892336 137.087744 3109.974121
393.226511 178.216886 3099.637787
398.495714 260.474684 3136.218225
401.258409 333.053430 3127.146375
354.888170 178.509108 3108.435370
357.483702 260.418035 3156.066840
360.056587 333.971638 3150.076746
373.045103 54.841566 3108.466901
373.220305 95.929715 3116.340582
402.494021 95.378427 3107.451160
416.040768 151.150120 3174.245825
422.558909 205.109795 3070.161530
344.113126 96.477859 3125.230005
323.039317 156.976523 3177.448700
312.385579 213.467605 3101.681281
373.420219 137.081050 3111.421533
392.804662 178.155983 3100.689813
398.162389 260.258129 3142.371979
401.677380 331.965494 3131.860724
354.508518 178.568682 3112.315155
357.846994 260.406555 3158.018494
360.596552 331.740462 3147.461945
373.184801 55.070790 3107.662866
373.317462 95.889222 3114.501788
402.593243 95.420984 3107.969916
415.308648 151.290538 3179.476678
422.461783 204.604614 3068.942841
344.164239 96.355505 3121.033661
323.254683 155.327789 3180.030219
313.339291 210.942329 3098.071759
373.562952 137.057558 3109.338000
393.003887 178.169527 3099.902795
398.029415 260.347028 3140.761658
402.146432 331.820915 3130.307208
354.667361 178.555701 3108.445630
357.373907 260.618387 3150.437848
361.118467 333.610536 3141.308191
373.005721 55.203717 3107.779230
373.038815 96.052851 3113.098669
402.313188 95.652147 3108.277716
415.708382 153.604467 3180.557233
421.528904 205.662365 3060.013129
343.854968 96.452319 3117.919623
323.218773 155.307269 3175.688232
314.960654 211.493742 3095.137897
373.309048 137.192565 3106.627356
392.793244 178.324991 3097.003467
396.842382 260.511439 3142.325183
401.820614 331.910815 3125.263538
354.406638 178.682731 3103.308618
356.355570 260.774101 3149.860284
360.419535 333.911830 3135.180463
372.654221 55.111893 3107.315778
372.628040 95.967721 3113.788593
401.858150 95.647831 3111.836688
415.175111 153.182540 3184.116455
420.502121 204.191352 3055.560284
343.434558 96.287204 3115.740497
324.632465 156.195073 3175.562360
315.746764 211.848760 3092.020856
372.979101 137.162192 3109.123792
392.501303 178.304596 3103.182495
396.701495 260.405773 3145.648425
401.931691 331.868587 3133.383459
354.176882 178.656142 3105.735486
355.317026 260.602058 3155.726257
360.563644 334.594434 3145.944714
371.453738 55.678617 3107.076044
371.451454 96.383001 3113.689996
400.701585 96.006775 3110.397284
414.206667 156.646857 3183.859955
420.652612 205.345243 3037.792450
342.263134 96.758430 3116.982709
325.515639 157.441867 3173.464313
316.273591 212.470272 3087.150354
371.787000 137.604060 3109.701855
391.292217 178.741710 3103.560614
395.146384 260.860185 3145.695721
401.316372 332.546999 3123.009338
352.981091 179.120001 3107.866815
353.334623 261.015931 3157.782013
359.297440 334.694844 3145.722748
370.335334 53.812703 3105.926422
370.413942 94.908187 3115.488000
399.634387 94.519495 3113.263080
412.693816 156.534904 3192.975348
418.905376 204.755715 3048.997382
341.235225 95.296347 3117.712921
322.368881 156.323542 3163.161761
316.661813 212.340177 3089.251904
370.828596 136.183956 3113.945245
390.365876 177.284898 3110.947571
394.952100 259.258685 3150.284448
401.510468 331.342980 3127.725439
352.139332 177.716179 3113.857410
353.439538 259.548750 3160.916071
359.776783 333.620859 3146.054071
369.217118 54.420390 3106.381116
369.139574 95.363929 3115.901904
398.350322 95.056097 3114.215509
411.538876 152.478244 3197.655414
417.512141 201.843358 3070.910760
339.960450 95.671416 3117.588300
318.840251 155.629959 3152.864215
317.673738 212.129143 3083.827112
369.474150 136.640996 3114.490027
388.924501 177.783322 3111.975323
393.965701 259.955428 3138.611560
401.152431 333.476343 3116.139636
350.707122 178.127549 3114.180975
352.232016 259.990556 3159.678363
359.457159 336.656226 3141.687561
368.508521 53.958533 3107.079547
368.457377 94.950994 3116.110107
397.666217 94.667734 3114.474512
410.617571 151.318378 3199.588300
416.365523 200.538491 3072.851654
339.279160 95.233942 3117.745703
316.851342 155.831750 3154.369934
317.627631 212.106011 3080.549164
368.756419 136.256746 3115.652411
388.158472 177.417778 3114.125171
394.624562 259.588445 3131.811426
401.937290 332.799776 3117.223193
349.965774 177.731412 3116.264258
352.871421 259.542056 3160.209131
360.258878 335.800298 3143.051892
367.848158 53.521482 3106.947668
367.952572 94.504684 3116.328571
397.171860 94.130444 3113.578638
410.484003 153.559814 3203.379248
416.769636 201.648637 3062.915961
338.784834 94.878283 3119.078503
316.142338 155.555730 3155.168463
317.400471 212.203716 3077.488428
368.305666 135.848269 3117.183655
387.750793 176.972343 3116.240234
394.968929 259.161465 3124.859644
402.058690 333.208675 3117.700409
349.588312 177.365774 3119.837244
352.927663 259.172852 3159.994672
360.572340 335.370065 3147.990460
366.211123 54.046603 3106.381616
366.376503 94.859483 3116.675909
395.575146 94.423136 3115.156427
409.318429 151.479332 3201.110785
416.534875 199.928740 3063.402185
337.206326 95.295409 3118.195392
315.874608 155.594393 3155.040839
316.985129 212.452943 3072.637946
366.893195 136.221274 3118.337781
386.480930 177.280347 3119.005933
394.488742 259.432887 3116.117615
400.708466 334.012710 3117.541504
348.349885 177.797508 3120.993372
351.932286 259.456190 3165.254553
359.718445 335.190390 3142.663263
364.835406 55.115787 3107.138354
364.877415 95.766087 3116.721704
394.080219 95.442865 3114.906433
408.840994 154.391751 3207.754767
416.861413 201.162881 3050.576172
335.708614 96.088902 3118.536975
315.650076 156.546400 3154.507068
315.868696 213.495241 3070.255872
365.217685 137.121277 3118.127576
384.633659 178.259552 3118.346539
394.382420 260.287783 3100.781152
399.446391 333.888776 3112.180023
346.496139 178.618731 3120.720355
351.696337 260.159564 3165.627167
358.633793 334.164076 3139.239172
363.283173 54.955975 3107.497705
363.627634 95.772655 3117.653613
392.840884 95.245125 3113.282849
408.885757 156.291448 3210.549243
415.958813 203.600150 3047.601270
334.496181 96.298716 3122.024377
315.435273 156.838138 3154.215784
315.276431 214.074509 3077.295740
364.101158 137.131177 3119.624036
383.647853 178.168823 3118.735919
395.423654 259.946043 3095.691937
399.069180 333.232292 3112.739319
345.535201 178.705613 3124.452997
352.862600 259.936847 3170.529449
359.448338 334.892912 3141.734857
362.327490 54.474224 3107.162628
362.923572 95.508789 3118.697632
392.136604 94.849348 3112.772351
408.464877 151.947335 3216.389441
415.105669 201.096004 3070.935034
333.821304 96.165711 3124.622913
315.262761 156.464023 3148.433392
313.909190 213.674150 3075.011511
363.492220 136.881668 3121.674286
383.115553 177.848276 3120.776160
395.980197 259.436578 3095.946686
398.883717 332.522412 3115.705212
345.051198 178.502430 3128.525720
353.273407 259.754513 3166.556824
359.702054 334.145777 3142.361969
362.368655 53.656707 3107.017987
362.724659 94.725853 3118.743427
391.944009 94.124970 3111.935034
408.722691 149.715720 3212.218372
415.789648 200.715398 3085.520264
333.632620 95.324124 3125.551819
315.387758 155.930878 3147.108850
313.371384 213.225900 3077.299243
363.153296 136.087237 3121.256628
382.644437 177.108023 3119.317737
395.250954 258.790479 3096.751971
397.404587 330.855880 3111.839941
344.572324 177.655322 3128.221924
352.934858 258.948539 3165.494537
360.006664 333.420100 3137.620593
362.443322 52.621760 3105.379388
362.668354 93.863778 3118.145343
391.893335 93.354140 3111.678284
408.699137 147.983984 3213.340466
415.941171 198.739423 3083.520813
333.564366 94.371320 3124.612402
315.318221 155.090902 3142.783630
312.916566 212.625377 3077.801233
362.986946 135.241693 3120.882764
382.369575 176.326745 3119.391058
394.758224 258.042749 3099.619269
396.132001 330.787814 3113.674231
344.291957 176.766862 3127.849310
352.944743 257.999050 3167.608099
360.241299 333.755615 3138.889581
363.194649 53.606330 3105.610364
363.687849 94.413830 3116.967194
392.887617 93.979578 3114.293085
408.133147 147.002026 3214.650244
416.573288 197.279061 3081.161761
334.538129 94.847331 3119.641302
315.234702 154.700740 3145.282819
312.678802 212.340896 3079.345490
364.130968 135.785130 3119.013190
383.643849 176.864957 3119.309979
396.170195 258.572891 3095.844086
396.235728 332.254651 3116.293036
345.524535 177.339154 3122.808392
354.619939 258.827702 3154.100922
362.165614 336.283269 3135.403180
364.486941 54.381211 3107.269232
364.722608 94.952340 3115.910413
393.931167 94.661978 3113.915216
409.570518 148.893700 3218.650897
418.565012 197.239100 3063.700226
335.551461 95.242310 3117.905609
315.289474 154.789983 3146.535541
311.623054 212.035770 3074.163434
365.006479 136.287432 3116.311304
384.379504 177.456738 3115.407672
395.354524 259.481590 3093.092902
394.076559 332.626920 3117.916119
346.217023 177.766884 3118.016718
354.258305 259.375643 3154.239307
361.443253 336.598576 3134.693237
365.490170 54.759502 3107.041010
365.550322 95.320449 3116.240985
394.676488 95.407283 3119.041467
410.000907 148.477825 3218.077588
419.184085 197.510130 3071.072418
336.371761 95.233442 3113.440503
315.184090 155.138323 3144.056873
312.187073 212.363622 3070.970819
365.603280 136.645625 3116.429919
384.714519 177.974071 3118.450891
394.407288 260.042325 3105.292554
392.734218 332.944699 3127.580548
346.575497 177.957523 3114.786816
354.069434 259.540867 3157.479718
360.549380 335.053788 3133.715033
366.128918 55.386833 3106.441174
366.178153 95.807205 3115.114136
395.361938 95.839346 3115.128400
412.001234 148.797981 3211.470392
419.227909 198.548409 3069.079974
336.994118 95.775111 3115.099872
315.039919 154.752494 3143.367200
312.366998 212.396560 3072.909711
366.137144 137.117117 3114.337378
385.187949 178.468397 3113.569879
393.267832 260.799313 3106.950671
391.863462 332.801184 3121.559674
347.004166 178.426872 3113.551361
353.985977 260.077296 3156.741498
360.598585 335.186230 3137.552026
367.737362 54.782384 3106.625604
367.386457 95.308234 3117.087561
396.516971 95.805015 3119.237909
413.807152 148.964785 3209.890100
419.582724 198.827290 3067.552234
338.215748 94.810764 3114.937213
314.986867 154.865932 3136.323578
312.641891 212.453803 3066.246710
366.816057 136.616378 3117.304272
385.297087 178.206438 3118.927106
392.292881 260.372835 3123.998804
391.228499 332.311331 3133.740808
347.177209 177.630892 3116.114862
354.008218 259.288464 3157.568805
360.727398 334.054594 3140.716864
369.297509 54.618302 3109.830231
368.800149 95.023690 3118.114563
397.914772 95.690247 3120.728864
416.571599 152.943494 3208.582574
422.455151 200.893791 3040.406500
339.636665 94.356008 3115.500262
315.964758 153.464252 3128.220923
313.718629 210.252656 3065.144385
368.032087 136.262689 3116.686169
386.323182 177.930591 3116.967194
392.822961 260.199228 3123.471039
392.214211 332.721669 3128.454401
348.182534 177.147952 3113.548358
354.813566 259.076695 3146.822571
361.762689 334.919219 3136.831573
371.129202 54.586036 3108.335022
370.398145 95.207119 3117.243213
399.548585 95.868655 3118.211407
417.776274 154.846695 3211.986896
423.918329 203.329292 3042.914447
341.229626 94.545161 3116.275018
318.979293 153.739615 3135.957471
315.021181 210.906684 3065.338824
369.525200 136.484374 3116.653638
387.723517 178.193253 3116.697180
394.439757 260.429171 3125.894653
392.496893 332.791612 3132.150256
349.572609 177.361035 3115.430945
356.408372 259.075444 3154.923975
361.849962 334.138770 3137.759729
372.832771 54.498779 3106.582062
371.792287 95.378474 3116.763745
400.975508 96.169918 3115.395410
418.635863 154.050543 3214.735077
424.654047 204.251488 3068.625781
342.634653 94.587718 3118.132080
321.053692 154.697800 3149.574756
315.991941 211.710985 3071.146240
370.585172 136.660046 3116.378870
388.464490 178.493171 3115.099121
394.649868 260.834379 3123.111938
391.777785 331.680528 3133.882196
350.302039 177.410740 3116.888867
357.266740 259.146670 3153.698029
361.523268 334.979778 3139.196130
375.416635 54.274388 3106.174414
374.042732 95.275061 3117.665375
403.109934 96.537667 3121.208832
418.944883 154.539552 3221.713135
426.715057 203.840713 3070.469830
344.909372 94.009592 3114.121918
321.980878 155.823742 3155.817096
317.211568 212.216791 3061.467047
372.471043 136.551831 3117.906860
389.923038 178.587091 3120.466608
395.544522 260.791743 3131.264392
392.404177 331.406980 3138.777472
351.847891 177.056144 3115.830084
358.963271 258.799519 3153.262103
362.326646 334.258043 3134.003815
377.184297 54.282490 3107.020239
375.521206 95.238071 3118.588275
404.540361 96.751345 3123.826886
419.501801 154.302430 3228.311072
428.506993 202.814430 3071.886963
346.404362 93.719731 3113.349664
322.907626 154.258152 3157.416656
319.976704 210.324038 3064.629382
373.700961 136.488691 3118.688873
390.867084 178.636029 3122.214563
395.736960 260.874981 3130.582477
391.641370 331.977068 3136.735980
352.852934 176.835335 3115.364380
358.766485 258.618092 3155.424963
361.974928 335.654405 3130.732123
379.037230 54.197016 3106.407642
376.976219 95.176840 3118.837769
405.953458 96.986605 3125.278302
421.706671 153.144816 3219.804773
429.555798 202.047651 3066.221686
347.879082 93.359598 3112.397235
323.727457 153.218810 3155.653436
321.397215 208.830722 3066.348309
374.786958 136.451154 3120.421313
391.547216 178.755442 3126.216217
395.663951 260.913393 3136.001013
391.328190 332.919737 3139.757928
353.601414 176.608864 3117.793500
359.064119 258.444516 3154.538849
361.247218 336.088141 3130.641034
379.928412 53.866615 3105.595349
377.838154 94.903996 3118.903583
406.784644 96.807399 3126.459204
423.512089 152.977340 3213.522144
431.240379 201.625552 3062.155969
348.751089 92.991333 3111.347961
325.218380 152.900922 3158.860815
322.217828 207.990511 3071.643976
375.573820 136.192511 3121.057434
392.237045 178.537683 3128.151855
396.024240 260.708037 3134.200256
391.431103 332.349368 3137.055792
354.328155 176.306944 3118.270715
358.719846 258.424121 3142.153516
360.894530 336.404418 3127.209937
380.854941 54.324734 3106.128619
378.826994 95.152801 3119.563226
407.765883 97.025550 3127.238715
424.882394 153.809965 3213.905768
432.387029 199.421980 3045.716931
349.745340 93.270855 3111.887738
327.761267 152.411773 3161.895526
322.671082 207.643767 3078.890295
376.606984 136.444320 3122.001605
393.307246 178.762746 3129.459131
396.466359 260.920494 3136.068079
392.302140 332.381869 3138.676624
355.412744 176.576504 3119.420837
358.066114 258.870932 3134.022833
360.887867 336.574397 3128.152856
381.895706 54.082498 3118.289233
379.775106 94.592942 3125.432953
408.713370 96.497190 3130.514410
426.838928 153.155076 3208.020776
432.460725 198.341660 3042.689728
350.742563 92.682484 3120.351495
329.369305 151.842076 3169.708398
322.855981 207.476932 3083.194745
377.419402 135.654393 3123.552869
394.025571 177.925539 3124.996277
396.304295 260.183525 3135.301331
392.427950 331.437729 3132.080438
356.055746 175.602617 3118.349292
356.523640 258.079222 3119.662573
360.476215 335.734827 3126.648889
383.446344 53.957548 3125.393164
381.230463 94.261056 3128.592786
410.159593 96.094657 3132.941278
427.711874 152.764695 3213.782397
433.017268 197.755698 3049.038171
352.220786 92.422356 3124.244293
330.238715 151.063942 3169.014471
323.329850 207.216960 3091.698541
378.960749 135.209756 3124.478021
395.664827 177.394521 3123.206781
396.974511 259.586411 3142.049664
393.587738 332.230846 3133.695514
357.670666 175.136349 3117.519733
356.444814 257.691813 3112.479315
361.440031 336.410205 3128.700641
384.571973 53.878549 3128.427875
382.294345 94.116305 3130.616260
411.231983 95.881668 3133.822638
426.726975 153.890731 3213.572693
433.295102 197.625868 3045.100580
353.297399 92.347314 3127.409882
330.701167 150.689280 3172.772137
323.816606 206.903388 3091.499847
380.056099 135.014737 3125.725238
396.803125 177.144824 3122.931012
396.377178 259.307295 3144.606158
393.165639 332.566205 3137.233466
358.792979 174.936420 3118.737421
355.355595 257.414761 3111.132001
360.951366 336.921329 3129.608777
384.953033 52.679332 3117.642102
382.897778 93.552990 3127.544513
411.821058 95.259858 3132.745337
426.788848 154.644404 3213.485608
434.874049 195.442472 3036.726910
353.878122 91.840429 3122.343689
330.926668 150.402562 3174.611182
324.100665 206.853089 3096.298779
380.802577 134.664098 3127.728442
397.636282 176.797861 3131.313690
396.551442 258.711777 3155.388928
392.567430 331.994272 3144.340649
359.737745 174.740682 3124.511053
355.185804 257.028009 3105.876373
359.709311 336.174225 3137.194427
385.196927 52.708657 3112.237830
383.233011 93.741940 3126.014520
412.150692 95.386513 3132.192548
427.294623 155.383125 3209.328052
436.742340 193.926822 3019.241602
354.200812 92.090876 3119.836493
331.235532 149.709996 3176.037073
325.820624 206.197231 3100.719843
381.245040 134.959809 3128.687378
398.156164 177.075491 3135.400177
396.451907 259.005063 3150.346759
392.191720 333.269234 3139.811481
360.315871 175.136599 3127.320294
354.407013 257.230707 3098.132068
357.972085 336.602924 3128.562006
385.167148 53.405196 3109.008179
383.435646 94.330342 3124.177228
412.366715 95.925680 3130.623267
427.153767 155.863155 3204.157007
438.070417 192.652031 2999.133234
354.384960 92.728420 3117.731189
331.390495 149.081649 3176.738757
326.457745 205.465673 3106.102844
381.502510 135.627570 3128.552246
398.459335 177.739686 3137.142377
396.089929 259.691107 3145.467249
392.024181 333.687486 3137.869836
360.639312 175.876728 3128.712152
353.575671 257.838612 3094.507031
356.551199 336.791045 3120.735870
