340.1343078613281 106.8733901977539 3843.872314453125
335.9853820800781 146.92001342773438 3867.527587890625
361.9261169433594 147.28866577148438 3838.004638671875
370.2808837890625 191.17684936523438 3846.5390625
369.9761047363281 235.14663696289062 3723.601806640625
310.43768310546875 146.55694580078125 3897.050537109375
300.9208984375 190.5352783203125 3959.325439453125
294.0774841308594 232.67428588867188 3812.529541015625
334.0886535644531 183.6627197265625 3850.189697265625
350.0374450683594 221.38343811035156 3812.634033203125
345.27008056640625 302.1614990234375 3795.44287109375
341.7472229003906 376.74072265625 3926.245849609375
314.49951171875 220.0990447998047 3853.069580078125
318.29888916015625 296.39031982421875 3864.0673828125
323.27056884765625 368.6409912109375 3911.01806640625
339.2296447753906 106.94096374511719 3841.125244140625
334.8924255371094 146.68856811523438 3867.701171875
360.2221374511719 146.71328735351562 3828.54736328125
369.2511291503906 190.44308471679688 3836.21533203125
367.75103759765625 234.10610961914062 3755.146240234375
310.0704345703125 146.66432189941406 3906.85498046875
300.97662353515625 189.8855438232422 3967.6328125
296.14361572265625 236.23048400878906 3815.14990234375
333.28460693359375 184.51539611816406 3859.134765625
349.2842102050781 223.06768798828125 3823.342041015625
345.4643249511719 300.518798828125 3801.822265625
332.11474609375 362.44281005859375 3978.406982421875
314.3023986816406 221.96121215820312 3877.794677734375
322.6315002441406 297.36639404296875 3870.635498046875
323.00152587890625 367.9385681152344 3910.3046875
338.60589599609375 106.83662414550781 3839.677734375
333.4715881347656 146.07711791992188 3865.946044921875
357.563720703125 145.76522827148438 3827.730712890625
368.1242980957031 188.13067626953125 3841.09228515625
369.142822265625 232.32147216796875 3740.832763671875
309.85113525390625 146.3828887939453 3904.161376953125
300.4988098144531 189.3206329345703 3963.517333984375
294.57171630859375 234.41409301757812 3780.211181640625
332.472900390625 184.63803100585938 3861.328369140625
349.0552978515625 223.62655639648438 3828.788818359375
345.86285400390625 297.6610412597656 3804.29443359375
334.0501708984375 364.7087707519531 3928.771240234375
314.1411437988281 222.9608154296875 3884.632568359375
317.72784423828125 296.0043640136719 3895.952392578125
322.24700927734375 367.70416259765625 3921.974853515625
337.4818420410156 106.28221893310547 3842.15576171875
333.1401062011719 145.97393798828125 3865.65966796875
357.5168151855469 145.63046264648438 3829.5771484375
367.2725830078125 187.17523193359375 3842.921142578125
368.5906982421875 233.34857177734375 3721.99462890625
309.21429443359375 146.3110809326172 3901.7421875
299.93035888671875 189.35679626464844 3959.727294921875
295.29156494140625 236.144287109375 3795.353759765625
332.26904296875 184.25198364257812 3860.490966796875
348.8653869628906 222.90431213378906 3829.447021484375
345.4665832519531 295.1597900390625 3804.18115234375
335.322021484375 364.84716796875 3907.50927734375
314.15887451171875 222.36463928222656 3881.197509765625
313.962158203125 293.5743408203125 3884.2578125
322.1275329589844 369.04180908203125 3930.89599609375
336.82574462890625 106.04895782470703 3842.875732421875
332.4220886230469 145.66622924804688 3865.99267578125
356.4968566894531 145.22323608398438 3832.6123046875
365.67120361328125 185.94110107421875 3844.017578125
365.99090576171875 235.6462860107422 3743.914794921875
308.759521484375 146.10162353515625 3899.373046875
299.81170654296875 189.33584594726562 3958.382080078125
293.2217712402344 231.8264923095703 3788.80615234375
331.7822570800781 184.06845092773438 3860.32568359375
348.74005126953125 222.74954223632812 3830.260009765625
345.5172119140625 293.37103271484375 3903.31787109375
336.26470947265625 364.58624267578125 3899.14208984375
313.76239013671875 222.41970825195312 3879.057373046875
315.6774597167969 292.8901672363281 3915.791015625
324.1021423339844 367.19891357421875 3903.541748046875
336.98211669921875 106.13044738769531 3841.30224609375
331.8337097167969 145.29022216796875 3868.708984375
355.8669738769531 144.9083251953125 3839.402099609375
364.62603759765625 185.691650390625 3842.9697265625
366.87481689453125 236.0552978515625 3738.060546875
308.1618347167969 145.66635131835938 3898.015869140625
298.72479248046875 188.31771850585938 3952.44287109375
290.95953369140625 230.24310302734375 3780.648193359375
331.3253173828125 183.92269897460938 3865.496826171875
348.5942687988281 222.77366638183594 3840.591796875
344.9758605957031 290.6267395019531 3862.300537109375
350.75970458984375 359.2232971191406 3807.0380859375
313.23651123046875 222.46697998046875 3883.9775390625
315.36212158203125 293.9901428222656 3916.3486328125
319.7897644042969 375.1120300292969 3895.903076171875
336.4150695800781 105.8330307006836 3842.093994140625
331.3269958496094 145.0374755859375 3870.718994140625
355.62249755859375 144.60809326171875 3843.560791015625
364.1434020996094 185.27969360351562 3844.0263671875
367.67596435546875 234.02349853515625 3747.922607421875
307.3700256347656 145.4608612060547 3897.877197265625
297.6387939453125 185.72311401367188 3944.974609375
291.9626159667969 227.5541229248047 3773.021484375
330.97381591796875 183.5858612060547 3867.3330078125
348.2812194824219 222.28604125976562 3844.197509765625
344.9990539550781 289.10467529296875 3850.294677734375
346.44482421875 357.0751953125 3812.778564453125
313.1384582519531 222.11842346191406 3883.696533203125
316.14288330078125 294.9794006347656 3892.363525390625
319.6510314941406 374.55096435546875 3898.4248046875
335.5090026855469 105.55535888671875 3842.114501953125
330.9517822265625 144.79391479492188 3871.502197265625
355.3815002441406 144.39816284179688 3845.634521484375
364.3836669921875 185.37315368652344 3847.359619140625
367.70562744140625 233.89608764648438 3742.873046875
306.8463134765625 145.1844482421875 3897.369873046875
297.5369873046875 185.99392700195312 3944.380126953125
291.1414489746094 241.4102325439453 3802.69287109375
330.5935363769531 183.23199462890625 3868.090576171875
348.0744934082031 221.82688903808594 3845.78466796875
345.065673828125 289.19970703125 3857.9052734375
342.9158020019531 355.6233825683594 3841.96826171875
312.5684509277344 221.64984130859375 3883.5732421875
315.45294189453125 295.3769226074219 3894.694580078125
319.5918884277344 374.6241455078125 3898.884765625
334.86279296875 105.36397552490234 3842.341552734375
330.43426513671875 144.05026245117188 3874.71923828125
355.115478515625 143.53810119628906 3844.23828125
364.0623779296875 184.2925262451172 3847.58203125
368.4541320800781 232.95053100585938 3727.313720703125
306.1383056640625 144.55441284179688 3905.2001953125
297.6703186035156 186.50735473632812 3948.463134765625
291.55029296875 228.17672729492188 3773.410888671875
329.770751953125 180.4317626953125 3860.728515625
346.3841247558594 217.12474060058594 3825.490234375
343.6629333496094 281.7781677246094 3891.456298828125
344.37554931640625 347.5899658203125 3820.36572265625
312.0106201171875 217.03155517578125 3867.9853515625
314.5225830078125 290.674072265625 3872.228271484375
325.0713195800781 372.26031494140625 3895.1904296875
334.86279296875 105.36397552490234 3842.341552734375
330.43426513671875 144.05026245117188 3874.71923828125
355.115478515625 143.53810119628906 3844.23828125
364.0623779296875 184.2925262451172 3847.58203125
368.4541320800781 232.95053100585938 3727.313720703125
306.1383056640625 144.55441284179688 3905.2001953125
297.6703186035156 186.50735473632812 3948.463134765625
291.55029296875 228.17672729492188 3773.410888671875
329.770751953125 180.4317626953125 3860.728515625
346.3841247558594 217.12474060058594 3825.490234375
343.6629333496094 281.7781677246094 3891.456298828125
344.37554931640625 347.5899658203125 3820.36572265625
312.0106201171875 217.03155517578125 3867.9853515625
314.5225830078125 290.674072265625 3872.228271484375
325.0713195800781 372.26031494140625 3895.1904296875
334.86279296875 105.36397552490234 3842.341552734375
330.43426513671875 144.05026245117188 3874.71923828125
355.115478515625 143.53810119628906 3844.23828125
364.0623779296875 184.2925262451172 3847.58203125
368.4541320800781 232.95053100585938 3727.313720703125
306.1383056640625 144.55441284179688 3905.2001953125
297.6703186035156 186.50735473632812 3948.463134765625
291.55029296875 228.17672729492188 3773.410888671875
329.770751953125 180.4317626953125 3860.728515625
346.3841247558594 217.12474060058594 3825.490234375
343.6629333496094 281.7781677246094 3891.456298828125
344.37554931640625 347.5899658203125 3820.36572265625
312.0106201171875 217.03155517578125 3867.9853515625
314.5225830078125 290.674072265625 3872.228271484375
325.0713195800781 372.26031494140625 3895.1904296875
334.86279296875 105.36397552490234 3842.341552734375
330.43426513671875 144.05026245117188 3874.71923828125
355.115478515625 143.53810119628906 3844.23828125
364.0623779296875 184.2925262451172 3847.58203125
368.4541320800781 232.95053100585938 3727.313720703125
306.1383056640625 144.55441284179688 3905.2001953125
297.6703186035156 186.50735473632812 3948.463134765625
291.55029296875 228.17672729492188 3773.410888671875
329.770751953125 180.4317626953125 3860.728515625
346.3841247558594 217.12474060058594 3825.490234375
343.6629333496094 281.7781677246094 3891.456298828125
344.37554931640625 347.5899658203125 3820.36572265625
312.0106201171875 217.03155517578125 3867.9853515625
314.5225830078125 290.674072265625 3872.228271484375
325.0713195800781 372.26031494140625 3895.1904296875
334.86279296875 105.36397552490234 3842.341552734375
330.43426513671875 144.05026245117188 3874.71923828125
355.115478515625 143.53810119628906 3844.23828125
364.0623779296875 184.2925262451172 3847.58203125
368.4541320800781 232.95053100585938 3727.313720703125
306.1383056640625 144.55441284179688 3905.2001953125
297.6703186035156 186.50735473632812 3948.463134765625
291.55029296875 228.17672729492188 3773.410888671875
329.770751953125 180.4317626953125 3860.728515625
346.3841247558594 217.12474060058594 3825.490234375
343.6629333496094 281.7781677246094 3891.456298828125
344.37554931640625 347.5899658203125 3820.36572265625
312.0106201171875 217.03155517578125 3867.9853515625
314.5225830078125 290.674072265625 3872.228271484375
325.0713195800781 372.26031494140625 3895.1904296875
334.86279296875 105.36397552490234 3842.341552734375
330.43426513671875 144.05026245117188 3874.71923828125
355.115478515625 143.53810119628906 3844.23828125
364.0623779296875 184.2925262451172 3847.58203125
368.4541320800781 232.95053100585938 3727.313720703125
306.1383056640625 144.55441284179688 3905.2001953125
297.6703186035156 186.50735473632812 3948.463134765625
291.55029296875 228.17672729492188 3773.410888671875
329.770751953125 180.4317626953125 3860.728515625
346.3841247558594 217.12474060058594 3825.490234375
343.6629333496094 281.7781677246094 3891.456298828125
344.37554931640625 347.5899658203125 3820.36572265625
312.0106201171875 217.03155517578125 3867.9853515625
314.5225830078125 290.674072265625 3872.228271484375
325.0713195800781 372.26031494140625 3895.1904296875
334.86279296875 105.36397552490234 3842.341552734375
330.43426513671875 144.05026245117188 3874.71923828125
355.115478515625 143.53810119628906 3844.23828125
364.0623779296875 184.2925262451172 3847.58203125
368.4541320800781 232.95053100585938 3727.313720703125
306.1383056640625 144.55441284179688 3905.2001953125
297.6703186035156 186.50735473632812 3948.463134765625
291.55029296875 228.17672729492188 3773.410888671875
329.770751953125 180.4317626953125 3860.728515625
346.3841247558594 217.12474060058594 3825.490234375
343.6629333496094 281.7781677246094 3891.456298828125
344.37554931640625 347.5899658203125 3820.36572265625
312.0106201171875 217.03155517578125 3867.9853515625
314.5225830078125 290.674072265625 3872.228271484375
325.0713195800781 372.26031494140625 3895.1904296875
334.86279296875 105.36397552490234 3842.341552734375
330.43426513671875 144.05026245117188 3874.71923828125
355.115478515625 143.53810119628906 3844.23828125
364.0623779296875 184.2925262451172 3847.58203125
368.4541320800781 232.95053100585938 3727.313720703125
306.1383056640625 144.55441284179688 3905.2001953125
297.6703186035156 186.50735473632812 3948.463134765625
291.55029296875 228.17672729492188 3773.410888671875
329.770751953125 180.4317626953125 3860.728515625
346.3841247558594 217.12474060058594 3825.490234375
343.6629333496094 281.7781677246094 3891.456298828125
344.37554931640625 347.5899658203125 3820.36572265625
312.0106201171875 217.03155517578125 3867.9853515625
314.5225830078125 290.674072265625 3872.228271484375
325.0713195800781 372.26031494140625 3895.1904296875
334.86279296875 105.36397552490234 3842.341552734375
330.43426513671875 144.05026245117188 3874.71923828125
355.115478515625 143.53810119628906 3844.23828125
364.0623779296875 184.2925262451172 3847.58203125
368.4541320800781 232.95053100585938 3727.313720703125
306.1383056640625 144.55441284179688 3905.2001953125
297.6703186035156 186.50735473632812 3948.463134765625
291.55029296875 228.17672729492188 3773.410888671875
329.770751953125 180.4317626953125 3860.728515625
346.3841247558594 217.12474060058594 3825.490234375
343.6629333496094 281.7781677246094 3891.456298828125
344.37554931640625 347.5899658203125 3820.36572265625
312.0106201171875 217.03155517578125 3867.9853515625
314.5225830078125 290.674072265625 3872.228271484375
325.0713195800781 372.26031494140625 3895.1904296875
334.86279296875 105.36397552490234 3842.341552734375
330.43426513671875 144.05026245117188 3874.71923828125
355.115478515625 143.53810119628906 3844.23828125
364.0623779296875 184.2925262451172 3847.58203125
368.4541320800781 232.95053100585938 3727.313720703125
306.1383056640625 144.55441284179688 3905.2001953125
297.6703186035156 186.50735473632812 3948.463134765625
291.55029296875 228.17672729492188 3773.410888671875
329.770751953125 180.4317626953125 3860.728515625
346.3841247558594 217.12474060058594 3825.490234375
343.6629333496094 281.7781677246094 3891.456298828125
344.37554931640625 347.5899658203125 3820.36572265625
312.0106201171875 217.03155517578125 3867.9853515625
314.5225830078125 290.674072265625 3872.228271484375
325.0713195800781 372.26031494140625 3895.1904296875
334.86279296875 105.36397552490234 3842.341552734375
330.43426513671875 144.05026245117188 3874.71923828125
355.115478515625 143.53810119628906 3844.23828125
364.0623779296875 184.2925262451172 3847.58203125
368.4541320800781 232.95053100585938 3727.313720703125
306.1383056640625 144.55441284179688 3905.2001953125
297.6703186035156 186.50735473632812 3948.463134765625
291.55029296875 228.17672729492188 3773.410888671875
329.770751953125 180.4317626953125 3860.728515625
346.3841247558594 217.12474060058594 3825.490234375
343.6629333496094 281.7781677246094 3891.456298828125
344.37554931640625 347.5899658203125 3820.36572265625
312.0106201171875 217.03155517578125 3867.9853515625
314.5225830078125 290.674072265625 3872.228271484375
325.0713195800781 372.26031494140625 3895.1904296875
334.86279296875 105.36397552490234 3842.341552734375
330.43426513671875 144.05026245117188 3874.71923828125
355.115478515625 143.53810119628906 3844.23828125
364.0623779296875 184.2925262451172 3847.58203125
368.4541320800781 232.95053100585938 3727.313720703125
306.1383056640625 144.55441284179688 3905.2001953125
297.6703186035156 186.50735473632812 3948.463134765625
291.55029296875 228.17672729492188 3773.410888671875
329.770751953125 180.4317626953125 3860.728515625
346.3841247558594 217.12474060058594 3825.490234375
343.6629333496094 281.7781677246094 3891.456298828125
344.37554931640625 347.5899658203125 3820.36572265625
312.0106201171875 217.03155517578125 3867.9853515625
314.5225830078125 290.674072265625 3872.228271484375
325.0713195800781 372.26031494140625 3895.1904296875
334.86279296875 105.36397552490234 3842.341552734375
330.43426513671875 144.05026245117188 3874.71923828125
355.115478515625 143.53810119628906 3844.23828125
364.0623779296875 184.2925262451172 3847.58203125
368.4541320800781 232.95053100585938 3727.313720703125
306.1383056640625 144.55441284179688 3905.2001953125
297.6703186035156 186.50735473632812 3948.463134765625
291.55029296875 228.17672729492188 3773.410888671875
329.770751953125 180.4317626953125 3860.728515625
346.3841247558594 217.12474060058594 3825.490234375
343.6629333496094 281.7781677246094 3891.456298828125
344.37554931640625 347.5899658203125 3820.36572265625
312.0106201171875 217.03155517578125 3867.9853515625
314.5225830078125 290.674072265625 3872.228271484375
325.0713195800781 372.26031494140625 3895.1904296875
321.3174133300781 115.09317016601562 4104.203125
319.70361328125 152.59744262695312 4083.68115234375
342.9262390136719 151.53167724609375 4069.501953125
352.6619567871094 196.35794067382812 4145.44287109375
359.876220703125 234.40419006347656 4031.24365234375
296.6417236328125 153.65582275390625 4097.8603515625
288.9166259765625 199.14234924316406 4130.09375
287.0577087402344 239.76889038085938 3981.31298828125
320.95355224609375 193.36871337890625 4074.814697265625
338.0743103027344 233.784423828125 4056.29638671875
337.3017578125 298.1026916503906 4008.8310546875
341.78875732421875 354.3330078125 3952.6953125
306.4187316894531 234.84866333007812 4075.60009765625
310.9323425292969 298.2783203125 4034.99267578125
322.0604553222656 362.8041687011719 4094.07470703125
321.45947265625 114.92697143554688 4102.66455078125
320.6196594238281 153.66432189941406 4080.71044921875
344.2966613769531 152.59796142578125 4068.85302734375
353.185546875 197.3192901611328 4116.7978515625
361.72418212890625 232.2083282470703 4039.54150390625
297.079833984375 154.7244873046875 4092.56787109375
288.84967041015625 200.37213134765625 4126.68017578125
287.2350769042969 239.806396484375 4021.748291015625
321.6672668457031 194.34629821777344 4053.194091796875
338.4959411621094 235.03341674804688 4017.8828125
336.0090026855469 299.61834716796875 4014.539306640625
339.7372131347656 351.5902099609375 3958.1708984375
307.0234680175781 236.1332550048828 4033.47265625
310.9246520996094 299.1982727050781 4039.101318359375
321.8612976074219 362.6253662109375 4097.37353515625
322.1094665527344 113.92131805419922 4093.314453125
320.4186706542969 153.2077178955078 4080.312744140625
343.7330017089844 151.72079467773438 4065.80517578125
355.5075988769531 194.3122100830078 4101.40625
361.8768005371094 234.15528869628906 3960.151123046875
297.26953125 154.68411254882812 4094.8203125
288.94903564453125 200.27178955078125 4130.7783203125
287.2835693359375 240.5521240234375 4072.757080078125
321.9540710449219 193.3404083251953 4047.497802734375
338.8193054199219 233.34298706054688 4005.305419921875
335.6913146972656 299.01275634765625 4025.37548828125
338.80560302734375 347.60809326171875 3961.875
308.28118896484375 234.91168212890625 4024.060302734375
310.6637878417969 299.8549499511719 4043.858642578125
320.9671630859375 363.4294128417969 4099.37548828125
322.4058532714844 113.52254486083984 4086.031982421875
320.4392395019531 153.00650024414062 4078.7412109375
343.62890625 151.23606872558594 4060.279296875
355.5270080566406 193.40298461914062 4089.782958984375
360.5418395996094 233.83763122558594 4003.76171875
297.45855712890625 154.760986328125 4097.203125
288.9383239746094 200.19598388671875 4131.82421875
285.1746826171875 241.52658081054688 4084.493896484375
322.2340393066406 192.35964965820312 4048.1708984375
339.4911193847656 231.37396240234375 4005.48681640625
336.5837707519531 296.71136474609375 4029.948486328125
341.53814697265625 350.25927734375 3944.0244140625
308.7139892578125 233.2437744140625 4029.71435546875
310.09881591796875 296.69293212890625 4045.197509765625
320.9090881347656 359.39508056640625 4101.4619140625
322.54498291015625 112.9068374633789 4080.089599609375
320.4108581542969 152.90576171875 4076.041259765625
343.5193176269531 151.1233367919922 4056.73095703125
353.398193359375 195.04368591308594 4108.10498046875
362.0906066894531 235.7098846435547 4041.6298828125
297.52032470703125 154.67140197753906 4095.3515625
288.356689453125 200.6444854736328 4120.9501953125
287.7457580566406 243.44749450683594 4021.032470703125
322.45184326171875 193.80259704589844 4053.834228515625
339.703857421875 234.23651123046875 4019.0634765625
341.42755126953125 297.02630615234375 4028.5888671875
340.1103515625 346.2689208984375 3949.173095703125
309.421142578125 236.05775451660156 4044.19091796875
310.83197021484375 297.737548828125 4049.032958984375
320.717041015625 358.97381591796875 4104.2421875
322.64251708984375 112.8163070678711 4072.4580078125
320.2852478027344 152.85760498046875 4074.931884765625
343.25054931640625 151.08758544921875 4055.335693359375
353.7160949707031 195.58578491210938 4099.607421875
361.55181884765625 236.62994384765625 3948.873046875
297.53973388671875 154.61068725585938 4094.528076171875
288.4757995605469 200.17176818847656 4123.6044921875
289.1361083984375 244.084716796875 4028.968994140625
322.27081298828125 193.7236785888672 4051.428466796875
339.3432922363281 234.1669921875 4015.209228515625
339.1946105957031 298.148681640625 4032.315185546875
334.52197265625 359.4923095703125 4000.9443359375
309.3106994628906 235.960693359375 4040.640869140625
311.4404602050781 298.9957275390625 4046.808837890625
321.1734619140625 360.7780456542969 4102.6455078125
322.71533203125 112.90312957763672 4072.7529296875
320.283935546875 152.96417236328125 4073.92724609375
343.1424865722656 151.25906372070312 4055.355712890625
353.6329040527344 196.45323181152344 4097.1640625
360.8626708984375 236.61911010742188 3959.066650390625
297.6328430175781 154.65380859375 4092.498779296875
288.3778076171875 200.70474243164062 4120.9892578125
289.25103759765625 240.71762084960938 4006.630126953125
322.2367858886719 193.91702270507812 4051.02734375
339.4193115234375 234.45277404785156 4015.90185546875
339.9446105957031 299.0650939941406 4029.915771484375
335.6611633300781 350.21240234375 4002.2099609375
309.09637451171875 236.212890625 4040.35302734375
311.67999267578125 300.1866760253906 4041.82861328125
321.3279724121094 361.87030029296875 4101.8251953125
322.71978759765625 112.78563690185547 4072.53271484375
320.24200439453125 152.77261352539062 4074.56201171875
343.14581298828125 151.1891326904297 4057.457763671875
353.050537109375 197.16384887695312 4107.1240234375
360.6485290527344 234.94699096679688 4013.122314453125
297.5296936035156 154.34288024902344 4091.666259765625
288.6128234863281 200.253173828125 4122.88134765625
287.5002746582031 238.06015014648438 3982.539794921875
322.14349365234375 194.28086853027344 4054.90673828125
339.3381042480469 235.37252807617188 4023.94677734375
340.55523681640625 298.35791015625 4048.3291015625
335.7610168457031 346.0404968261719 4002.443359375
308.87420654296875 237.00982666015625 4046.55615234375
311.71356201171875 301.03961181640625 4041.26220703125
325.0949401855469 355.2356872558594 4101.36376953125
322.87078857421875 113.03062438964844 4075.381591796875
320.34619140625 153.18194580078125 4071.9326171875
343.33160400390625 151.43975830078125 4057.745849609375
353.01324462890625 197.44920349121094 4113.10986328125
361.8421936035156 235.85986328125 3950.58935546875
297.5203857421875 154.91201782226562 4086.119384765625
289.3056945800781 206.6129150390625 4130.66796875
287.38043212890625 237.81402587890625 3992.634521484375
322.7132263183594 193.71641540527344 4057.875
341.8643493652344 233.47006225585938 4033.537353515625
341.544189453125 300.5934143066406 4039.119384765625
334.83001708984375 343.4583740234375 3979.13720703125
308.41412353515625 235.58998107910156 4054.097412109375
311.0377197265625 298.1278991699219 4040.797119140625
322.0501403808594 351.31005859375 4055.644287109375
322.7585754394531 113.3656997680664 4078.640625
320.3295593261719 153.1860809326172 4071.437255859375
343.3663024902344 151.59280395507812 4057.197265625
352.90362548828125 197.2251434326172 4116.29248046875
358.86553955078125 237.2273712158203 3995.565185546875
297.45343017578125 154.7682342529297 4085.67724609375
289.0057678222656 204.15248107910156 4124.6494140625
287.43023681640625 238.47044372558594 4017.72802734375
322.462158203125 194.1559600830078 4058.081787109375
340.79827880859375 234.4801025390625 4034.78076171875
338.7871398925781 301.8583984375 4006.159912109375
334.383544921875 345.8077392578125 3961.08642578125
308.49884033203125 236.3082275390625 4054.671875
311.13555908203125 298.7960205078125 4042.320068359375
321.0905456542969 349.6710205078125 4033.473388671875
323.14410400390625 113.40617370605469 4075.333740234375
320.28863525390625 153.14599609375 4071.461669921875
343.411376953125 152.1857147216797 4061.093505859375
352.8405456542969 197.68325805664062 4123.7109375
361.0323791503906 237.40724182128906 3966.649169921875
297.2833557128906 154.10137939453125 4081.829833984375
288.9485168457031 203.464599609375 4116.6552734375
285.4961853027344 236.39031982421875 4022.69140625
321.5613098144531 195.24862670898438 4062.640380859375
336.56121826171875 237.0926513671875 4047.6884765625
338.07806396484375 306.3077697753906 3984.366943359375
337.41973876953125 346.20660400390625 3944.3408203125
309.1593017578125 237.9750518798828 4059.94970703125
311.6374206542969 299.92449951171875 4044.59521484375
321.52203369140625 350.33294677734375 4029.91748046875
323.0450439453125 113.68089294433594 4079.135986328125
320.3404235839844 153.10826110839844 4070.775390625
343.4835510253906 151.8267059326172 4063.714599609375
352.9278869628906 197.33778381347656 4128.314453125
361.61004638671875 237.68707275390625 4014.546630859375
297.2774353027344 154.3853759765625 4077.836181640625
289.1092834472656 203.83238220214844 4110.2919921875
286.1767883300781 237.81886291503906 4019.430419921875
322.39532470703125 195.432373046875 4066.322021484375
339.42669677734375 237.11570739746094 4057.3095703125
338.7806701660156 302.0717468261719 3993.398193359375
331.11383056640625 346.9654541015625 3961.808349609375
309.516357421875 238.5812530517578 4066.427734375
312.1968078613281 301.14752197265625 4048.883544921875
321.2263488769531 349.2995300292969 4031.94677734375
323.27520751953125 113.75740814208984 4076.47998046875
320.41888427734375 153.00384521484375 4067.832763671875
343.42010498046875 151.54302978515625 4060.498779296875
353.15911865234375 197.22085571289062 4129.21728515625
363.0173034667969 234.4724884033203 3991.30078125
297.50048828125 154.45938110351562 4075.166748046875
289.1192932128906 203.50759887695312 4109.07470703125
287.0254821777344 237.47592163085938 3982.67919921875
322.80792236328125 195.15579223632812 4064.479736328125
340.8868103027344 236.48541259765625 4056.13232421875
337.9669189453125 301.682861328125 3987.534912109375
333.46044921875 347.11865234375 3955.333251953125
309.5535583496094 238.2671356201172 4066.12109375
312.5013122558594 301.3729248046875 4051.166259765625
322.422607421875 355.3583679199219 4036.5048828125
323.3880920410156 113.92088317871094 4077.2578125
320.5570373535156 153.37242126464844 4065.25439453125
343.70697021484375 151.68536376953125 4055.46435546875
353.2347717285156 196.84906005859375 4129.3740234375
361.65789794921875 236.81280517578125 3987.3017578125
297.5183410644531 155.05137634277344 4075.04443359375
289.7543640136719 205.3354034423828 4112.3857421875
287.87890625 240.5711212158203 3967.186767578125
323.2707824707031 195.47848510742188 4063.61669921875
341.74713134765625 236.60899353027344 4055.31787109375
338.3482666015625 300.7249450683594 3988.957763671875
335.20843505859375 347.5191345214844 3950.43798828125
310.27789306640625 238.62474060058594 4068.64013671875
312.6029357910156 301.4104919433594 4051.186279296875
320.1085510253906 358.21826171875 4042.819580078125
323.6101379394531 114.0415267944336 4075.396728515625
320.591796875 153.73464965820312 4064.99658203125
343.8762512207031 151.90696716308594 4053.265869140625
353.3736267089844 198.8202667236328 4111.7900390625
361.20098876953125 235.38490295410156 3943.1611328125
297.4413146972656 155.5518035888672 4076.727294921875
289.7098388671875 205.52157592773438 4114.1142578125
286.2015380859375 240.31765747070312 4042.510498046875
323.4488220214844 195.9324493408203 4060.978759765625
342.4566955566406 237.1168670654297 4048.841552734375
338.195556640625 298.0815124511719 3995.510498046875
340.2020263671875 347.2473449707031 3966.632568359375
310.2308349609375 239.3064422607422 4065.080322265625
312.5689392089844 302.07989501953125 4049.94873046875
320.4621276855469 359.055419921875 4043.80859375
323.9925537109375 114.50706481933594 4075.553466796875
320.5003967285156 153.6346435546875 4066.41064453125
343.7840881347656 151.8128662109375 4054.102783203125
353.35894775390625 198.03553771972656 4115.82568359375
360.21197509765625 237.941162109375 3968.5146484375
297.35723876953125 155.44540405273438 4078.718505859375
289.71368408203125 205.32232666015625 4115.56982421875
288.6005859375 240.55123901367188 4006.704345703125
323.2963562011719 195.80850219726562 4060.595703125
342.07244873046875 237.03033447265625 4046.360107421875
338.3857116699219 298.2878112792969 3999.343017578125
343.3298034667969 347.19732666015625 3982.400146484375
310.19439697265625 239.17189025878906 4063.201416015625
312.27490234375 301.9328308105469 4050.03662109375
320.9000549316406 362.8302001953125 4073.765380859375
324.0385437011719 114.51776885986328 4076.856201171875
320.3768005371094 153.56103515625 4067.395263671875
343.6904296875 152.20333862304688 4050.2294921875
353.3472900390625 198.45916748046875 4111.751953125
362.35107421875 235.8028564453125 4032.486083984375
297.25909423828125 154.90733337402344 4084.56103515625
289.827880859375 204.51275634765625 4122.728515625
287.2750244140625 237.6194305419922 4002.720458984375
322.0401611328125 195.27499389648438 4057.60009765625
337.39434814453125 236.6023712158203 4037.767333984375
337.1782531738281 291.9422912597656 3998.314697265625
346.5943603515625 348.6338806152344 3996.298828125
310.09649658203125 237.77638244628906 4057.842529296875
311.92022705078125 301.12493896484375 4044.66015625
320.6499328613281 362.21514892578125 4072.157470703125
324.0986022949219 114.39726257324219 4076.29638671875
320.3143005371094 153.68638610839844 4067.841796875
343.6445007324219 152.5186309814453 4049.613037109375
353.4432373046875 198.82318115234375 4109.26318359375
358.6325988769531 239.15585327148438 3935.319580078125
297.1922607421875 154.84371948242188 4086.070556640625
289.9764709472656 204.10879516601562 4131.00732421875
288.1026306152344 243.59490966796875 3968.164306640625
321.6720275878906 195.75083923339844 4061.3427734375
338.9520263671875 237.41246032714844 4042.43505859375
337.66082763671875 294.2312316894531 4001.061767578125
343.9748229980469 352.3432312011719 3997.1494140625
307.21331787109375 238.48452758789062 4067.25244140625
312.26556396484375 301.32025146484375 4042.493896484375
320.6982421875 362.07891845703125 4073.3359375
324.0669250488281 114.77762603759766 4075.049560546875
320.234130859375 153.98764038085938 4071.072509765625
343.548095703125 152.83822631835938 4053.44384765625
353.5253601074219 198.7555389404297 4107.05419921875
360.23687744140625 237.36834716796875 4008.19140625
297.1211853027344 155.1271209716797 4088.701171875
289.82415771484375 203.87811279296875 4131.599609375
287.79730224609375 243.6117706298828 3992.017333984375
321.54998779296875 196.7482452392578 4061.52001953125
338.453125 239.19171142578125 4040.230224609375
338.86126708984375 299.3440856933594 4036.554931640625
340.906005859375 357.90380859375 3972.3095703125
307.38104248046875 240.22621154785156 4063.704833984375
312.69927978515625 302.30926513671875 4050.6513671875
320.3258056640625 360.70892333984375 4073.586669921875
323.8370056152344 115.06816864013672 4073.416015625
320.1983337402344 154.01092529296875 4070.8251953125
343.59844970703125 152.9130859375 4061.310302734375
353.8914489746094 199.0870361328125 4126.828125
360.17919921875 239.9632110595703 3985.77001953125
296.9073486328125 155.10365295410156 4080.340087890625
289.5238037109375 203.86550903320312 4124.119140625
287.9678649902344 241.28834533691406 4046.376220703125
321.6435546875 196.49888610839844 4053.204833984375
337.8299560546875 238.79287719726562 4029.64404296875
339.6238098144531 293.9456481933594 4027.076904296875
342.81463623046875 355.1931457519531 3958.1904296875
308.41607666015625 239.9211883544922 4041.52490234375
312.6371154785156 301.4296569824219 4054.71630859375
320.4458312988281 361.27874755859375 4088.91650390625
323.59515380859375 114.91789245605469 4073.32763671875
320.1241760253906 153.96109008789062 4070.481201171875
343.5793151855469 152.92547607421875 4064.79541015625
353.7107238769531 198.9933319091797 4127.56298828125
358.89593505859375 236.36578369140625 4039.692626953125
296.73443603515625 154.99380493164062 4076.1669921875
289.3302001953125 203.70716857910156 4120.78466796875
289.9141845703125 240.7972869873047 4023.776123046875
321.58990478515625 196.037109375 4049.4638671875
337.8575439453125 237.97398376464844 4024.89794921875
339.939208984375 294.2707214355469 4051.318603515625
343.8066101074219 354.66864013671875 3963.4892578125
308.3103332519531 239.1293182373047 4031.9951171875
312.5125427246094 301.39923095703125 4057.5751953125
320.3998107910156 361.9112243652344 4100.0244140625
323.54705810546875 114.99454498291016 4072.4794921875
320.0206604003906 153.89947509765625 4070.310546875
343.4382629394531 152.74441528320312 4062.684814453125
352.903076171875 196.87252807617188 4130.0234375
360.3255920410156 238.2064666748047 4026.62158203125
296.690673828125 155.05023193359375 4077.936279296875
289.1754150390625 203.55897521972656 4122.3291015625
288.52117919921875 239.42575073242188 3997.1337890625
321.64190673828125 196.08233642578125 4052.183837890625
338.21063232421875 238.00929260253906 4029.235595703125
339.8948669433594 294.97674560546875 4064.633544921875
344.6996765136719 355.0503845214844 3971.726806640625
308.3804931640625 239.2777099609375 4038.878662109375
312.1927490234375 300.741943359375 4054.954833984375
320.2071838378906 362.07275390625 4101.82568359375
323.4064636230469 115.09672546386719 4071.10107421875
319.850830078125 153.77488708496094 4072.1591796875
343.25628662109375 153.18630981445312 4079.259033203125
352.6038513183594 195.1726531982422 4151.6298828125
358.8157043457031 237.72003173828125 4028.378173828125
296.36358642578125 154.3655242919922 4065.059326171875
288.5545654296875 202.41542053222656 4113.2998046875
289.7598571777344 243.87600708007812 3983.323486328125
321.1566467285156 195.88848876953125 4064.167236328125
337.1155700683594 237.7076873779297 4060.59912109375
339.995849609375 295.51922607421875 4052.408447265625
345.4870300292969 355.31634521484375 3961.009521484375
307.78765869140625 238.62942504882812 4051.75146484375
312.00299072265625 300.43426513671875 4067.798095703125
319.69403076171875 361.4834289550781 4118.814453125
323.3368835449219 114.91008758544922 4070.596923828125
319.64996337890625 153.9415283203125 4071.730224609375
343.31561279296875 153.17462158203125 4077.8818359375
352.9908752441406 196.8326416015625 4146.6953125
360.1874084472656 240.41336059570312 4032.979248046875
295.9126892089844 154.71078491210938 4065.57861328125
288.6309509277344 202.7310791015625 4111.55078125
289.70916748046875 242.85147094726562 4014.001708984375
321.2213439941406 196.05026245117188 4065.595947265625
337.8702697753906 237.71664428710938 4063.366455078125
338.8190612792969 295.31988525390625 4039.55029296875
345.8492431640625 355.2638854980469 3954.863037109375
307.6956787109375 238.85696411132812 4055.556884765625
311.6847229003906 300.38134765625 4068.130126953125
319.49365234375 361.32080078125 4121.10546875
323.1985778808594 115.07430267333984 4071.046142578125
319.75079345703125 154.2772216796875 4073.156982421875
343.4523010253906 153.31011962890625 4076.603759765625
353.722412109375 201.27696228027344 4133.94873046875
358.1658630371094 240.8341522216797 4012.44580078125
296.0091247558594 155.24594116210938 4069.710205078125
288.7188415527344 202.92483520507812 4117.6796875
287.1025085449219 243.24951171875 4003.66796875
321.60882568359375 197.28384399414062 4065.36181640625
338.4465637207031 239.79867553710938 4059.7353515625
342.6484375 297.5502014160156 4032.7099609375
345.15185546875 352.78997802734375 3956.71630859375
308.48541259765625 241.11346435546875 4055.39794921875
312.2053527832031 302.5152587890625 4064.70703125
320.1680603027344 363.50128173828125 4119.0205078125
322.40081787109375 115.22636413574219 4067.510498046875
319.8548278808594 154.24945068359375 4072.548095703125
343.66864013671875 153.22027587890625 4072.06298828125
354.0461730957031 202.7259979248047 4129.30078125
357.9777526855469 241.16944885253906 4008.638427734375
296.0467224121094 155.27838134765625 4073.033203125
288.7893371582031 202.97508239746094 4120.4306640625
286.13128662109375 239.0345458984375 4019.606689453125
321.64691162109375 197.10153198242188 4063.76513671875
338.4356689453125 239.4979248046875 4054.67822265625
340.2559814453125 303.5156555175781 4030.333984375
336.9919128417969 359.23486328125 4037.217529296875
308.4601135253906 240.78048706054688 4055.2861328125
312.0932922363281 302.83282470703125 4061.913818359375
320.08355712890625 363.24822998046875 4116.3154296875
322.5731506347656 115.14096069335938 4067.999267578125
319.85247802734375 154.1563720703125 4073.781982421875
343.6317443847656 152.73764038085938 4066.853759765625
354.42413330078125 202.71646118164062 4123.1435546875
359.8832092285156 237.13821411132812 4012.46044921875
296.15399169921875 155.57028198242188 4080.710205078125
288.7068786621094 203.0167694091797 4128.8623046875
287.1785888671875 240.0694580078125 4018.1259765625
322.01483154296875 196.86074829101562 4058.818359375
339.9349670410156 239.03890991210938 4039.30078125
339.9635009765625 302.43218994140625 4017.799560546875
337.4277648925781 365.2716979980469 4047.955810546875
308.4867858886719 240.7215118408203 4048.40869140625
312.32470703125 299.88238525390625 4064.037109375
320.5557556152344 363.129150390625 4107.68701171875
322.5147399902344 115.01004028320312 4066.8115234375
319.8943786621094 154.19805908203125 4073.56884765625
343.72821044921875 152.89346313476562 4061.705322265625
354.5992736816406 202.52947998046875 4126.55419921875
358.6099548339844 239.19552612304688 4027.802978515625
296.198974609375 155.4951171875 4085.432373046875
288.49761962890625 202.49208068847656 4135.33154296875
287.16131591796875 239.61813354492188 3995.177490234375
321.7292175292969 198.57469177246094 4060.964599609375
339.99774169921875 242.5082244873047 4040.23291015625
340.6773986816406 305.9789123535156 4025.402099609375
336.6472473144531 365.6848449707031 4127.39794921875
307.21905517578125 243.9441680908203 4056.48779296875
311.3605041503906 299.67144775390625 4057.497314453125
319.9994201660156 361.8492736816406 4103.60009765625
322.4161071777344 115.01220703125 4066.744873046875
319.8985900878906 154.20230102539062 4073.090576171875
343.7010803222656 152.8494873046875 4059.2548828125
354.2171936035156 198.921142578125 4118.23291015625
358.4729309082031 238.07595825195312 4025.326171875
296.2572326660156 155.5459747314453 4086.92626953125
288.4849548339844 202.53880310058594 4136.01171875
286.3480224609375 241.69427490234375 4040.9345703125
321.73223876953125 198.90504455566406 4059.3193359375
338.9652099609375 243.23562622070312 4036.65869140625
340.07879638671875 307.90606689453125 4022.479736328125
335.6627502441406 363.07720947265625 4129.6572265625
308.25897216796875 244.5856475830078 4054.4375
312.2085266113281 302.95184326171875 4051.969970703125
320.9049072265625 365.1426086425781 4100.7666015625
322.3031921386719 114.90379333496094 4067.271728515625
320.23016357421875 154.2898712158203 4075.464599609375
344.2469482421875 153.08143615722656 4064.69873046875
354.0348205566406 199.0792694091797 4120.66015625
360.0050048828125 238.36769104003906 4029.703125
296.3399658203125 155.49192810058594 4086.23046875
289.8677673339844 199.21351623535156 4129.2626953125
285.2539367675781 237.59326171875 4029.885986328125
321.8614196777344 198.0819549560547 4060.13134765625
339.41082763671875 241.56019592285156 4037.718017578125
338.4909362792969 306.0340576171875 4018.251953125
335.3232727050781 359.1424865722656 4126.99951171875
307.65478515625 242.84967041015625 4051.878173828125
312.74871826171875 306.35467529296875 4051.36376953125
321.5424499511719 369.6112976074219 4098.9609375
322.2350158691406 114.78070068359375 4067.736328125
320.3453674316406 153.79269409179688 4074.2451171875
344.0896911621094 152.78622436523438 4063.351806640625
354.04095458984375 199.7655792236328 4123.484375
358.1875915527344 240.42869567871094 4041.4560546875
296.7276611328125 154.79380798339844 4085.138427734375
290.2227478027344 196.98184204101562 4131.76708984375
287.0914611816406 239.80874633789062 4015.551025390625
321.6305236816406 196.81109619140625 4061.98681640625
338.89764404296875 239.56857299804688 4042.439697265625
338.3646240234375 306.0262451171875 4013.1298828125
335.2485046386719 359.0242919921875 4124.9833984375
307.0067138671875 240.6093292236328 4057.017333984375
311.79931640625 305.52288818359375 4041.527099609375
320.92291259765625 371.02203369140625 4094.885986328125
322.157470703125 114.64164733886719 4068.188720703125
320.4345703125 153.3568115234375 4074.667236328125
343.9931335449219 152.54649353027344 4062.23583984375
353.8599548339844 199.40469360351562 4123.84716796875
358.9093322753906 236.8082275390625 4004.05126953125
297.019287109375 154.16217041015625 4087.0986328125
290.4909973144531 196.30484008789062 4131.6162109375
285.7696228027344 238.08958435058594 4031.411865234375
321.30072021484375 195.4559326171875 4063.904541015625
337.625244140625 237.4166717529297 4045.0234375
340.4815979003906 301.00921630859375 4028.257568359375
335.3052673339844 360.75469970703125 4117.8232421875
306.77947998046875 238.13919067382812 4061.26025390625
312.05523681640625 304.1299133300781 4044.50439453125
321.30718994140625 368.08026123046875 4099.068359375
321.8712158203125 114.43074798583984 4069.70361328125
320.52423095703125 152.39175415039062 4077.72900390625
343.9275207519531 151.56961059570312 4069.515380859375
353.50567626953125 197.96453857421875 4133.515625
358.8819580078125 235.92311096191406 3987.26904296875
297.21502685546875 153.21060180664062 4085.942626953125
290.5282287597656 196.4464874267578 4125.609375
284.9755859375 239.1725311279297 4032.46435546875
321.6427307128906 194.1529541015625 4071.6494140625
338.5589904785156 235.5982208251953 4060.04052734375
340.57598876953125 300.3028259277344 4032.306396484375
339.0826416015625 351.57464599609375 4020.4228515625
307.0130615234375 236.47866821289062 4071.09912109375
312.108154296875 302.85400390625 4053.4150390625
320.9190673828125 366.0772399902344 4108.119140625
322.0099792480469 114.50593566894531 4069.85986328125
320.2304992675781 152.65576171875 4077.660400390625
343.77593994140625 151.64849853515625 4068.15771484375
353.2475280761719 196.84347534179688 4139.01611328125
359.7076110839844 232.76535034179688 4055.9267578125
296.7945251464844 153.65835571289062 4087.1630859375
288.8053283691406 199.4713134765625 4130.48583984375
282.2242431640625 236.5216522216797 4097.287109375
321.595947265625 194.20484924316406 4070.171875
338.9024963378906 235.3571319580078 4056.272216796875
338.09100341796875 296.2408447265625 4052.279052734375
342.16815185546875 348.6850280761719 3991.7509765625
307.0805358886719 236.45535278320312 4069.094482421875
312.1262512207031 302.7011413574219 4053.36181640625
321.63720703125 365.8648681640625 4107.55078125
321.4801940917969 114.2832260131836 4070.4951171875
320.1798400878906 152.46563720703125 4077.780517578125
343.6639404296875 151.37237548828125 4068.45556640625
353.2700500488281 196.5089111328125 4136.30224609375
360.58258056640625 235.67808532714844 4043.93896484375
296.80291748046875 153.55389404296875 4087.10546875
289.4214172363281 198.14122009277344 4128.869140625
286.1494140625 232.30323791503906 4049.828857421875
321.693603515625 194.37338256835938 4068.077392578125
339.2054138183594 235.868408203125 4052.05224609375
338.7760009765625 297.6685485839844 4048.715087890625
344.612060546875 362.17620849609375 3888.02587890625
307.2735595703125 237.09274291992188 4064.6962890625
312.05511474609375 301.72296142578125 4054.66259765625
321.72381591796875 365.4609375 4110.298828125
321.39324951171875 114.27059936523438 4069.965576171875
320.1209716796875 152.30569458007812 4077.092041015625
343.5871276855469 151.38540649414062 4065.018798828125
353.1883239746094 196.49403381347656 4131.9951171875
358.9190979003906 236.40907287597656 4017.360595703125
296.7933654785156 153.22055053710938 4089.165283203125
289.5602722167969 197.46694946289062 4131.72705078125
286.3397521972656 238.33653259277344 4029.82080078125
321.3280334472656 194.48397827148438 4074.712890625
337.9427185058594 236.27207946777344 4064.410888671875
338.4978332519531 300.5518798828125 4026.555419921875
343.39202880859375 359.0152893066406 3895.968505859375
307.1900939941406 237.1493377685547 4080.256591796875
312.2348937988281 304.06744384765625 4055.676025390625
322.2589416503906 368.159423828125 4109.0869140625
321.46435546875 114.37821197509766 4070.271240234375
319.83544921875 152.46304321289062 4076.27587890625
343.7100830078125 151.39410400390625 4066.175537109375
353.3481750488281 196.97869873046875 4133.3134765625
358.73468017578125 233.66091918945312 4031.001220703125
296.078857421875 153.52667236328125 4086.376220703125
288.7725830078125 199.09693908691406 4134.193359375
286.32012939453125 232.6003875732422 4050.73876953125
321.3650817871094 195.29379272460938 4072.84423828125
338.3054504394531 237.64453125 4062.9013671875
338.18963623046875 303.02288818359375 4011.236572265625
342.12664794921875 356.05889892578125 3930.36083984375
307.538330078125 238.74725341796875 4075.923828125
312.592529296875 305.19219970703125 4058.953125
322.4193420410156 370.27325439453125 4116.09912109375
