400.477491 56.336161 3287.561536
400.553471 97.773707 3272.607330
430.918448 98.347065 3281.118884
443.382188 159.174241 3329.838220
451.192768 212.186097 3223.520825
370.030104 97.197315 3264.095776
355.505236 155.241492 3303.045105
351.948203 215.132669 3240.301428
400.723933 140.123271 3250.291370
421.045133 183.292060 3233.541473
419.880080 269.018684 3313.066278
421.951443 349.883663 3271.480890
380.678732 182.823929 3222.409344
380.800313 269.183044 3292.843890
379.095955 350.418900 3292.146558
400.273993 54.241637 3285.869513
401.490028 99.989615 3278.683337
431.703964 101.231091 3289.670068
443.205624 160.610144 3331.731805
448.680257 213.512804 3211.548853
371.072921 98.739774 3267.696606
355.943365 155.119534 3302.432019
352.174829 215.045486 3240.507452
401.101731 141.830418 3248.683069
420.862795 185.091179 3225.869501
420.241147 270.809323 3309.283307
421.752603 352.514769 3271.315808
380.459356 183.808351 3211.496100
380.589827 270.558485 3278.543976
379.664687 351.607771 3286.405701
400.418669 55.861403 3284.501093
401.284364 99.588787 3277.258490
431.513818 100.430451 3288.479327
442.434346 158.451910 3333.899127
446.938107 211.551293 3210.814252
370.847213 98.741315 3266.037653
356.048248 156.153297 3304.131915
351.772557 215.937492 3240.098291
401.330589 141.811948 3254.087201
421.451309 185.006916 3238.253259
420.810863 269.769065 3335.324237
422.369527 349.653100 3291.851825
381.212230 184.272840 3223.578564
381.577890 270.382053 3298.880530
380.519195 349.231702 3311.932751
401.025751 56.200621 3285.428857
401.220097 98.856778 3276.629657
431.529500 99.590361 3285.454053
442.185542 156.793546 3335.527112
446.426688 210.213662 3213.879419
370.747022 98.119257 3267.805261
355.869945 156.605533 3306.387946
351.639297 216.191643 3238.827502
401.166294 141.200289 3255.450635
421.210248 184.432935 3240.042126
419.900256 269.145809 3338.059766
421.635648 349.594606 3278.769684
380.941380 183.762504 3228.501099
380.708816 270.027842 3296.243945
379.212614 349.547988 3300.655487
401.028737 56.061047 3284.809998
401.074863 98.409938 3276.219708
431.425569 99.081715 3283.838403
444.876454 155.551627 3357.490601
445.825117 206.741580 3218.414575
370.582629 97.735045 3268.601013
355.881985 155.881676 3309.351282
351.177580 215.200496 3238.506262
400.972769 140.844520 3256.663159
420.971483 184.105527 3242.088458
419.911508 269.289009 3328.126776
422.091132 349.385268 3277.221747
380.705404 183.477105 3232.124762
380.613218 269.729238 3297.984521
378.887831 349.939172 3295.705658
401.601307 55.915878 3271.076453
401.176267 98.567753 3270.125330
431.646914 99.190648 3275.262024
443.582373 154.358065 3348.053119
445.889877 206.602924 3216.501831
370.609760 97.942906 3264.988635
355.714508 155.825528 3313.128479
350.517122 215.128601 3244.106708
400.815987 141.390697 3257.747607
420.543720 184.862076 3248.729260
419.749773 269.883330 3334.595410
422.101893 350.056783 3282.532709
380.320585 184.217840 3242.010510
380.269768 270.305647 3304.760486
378.980608 350.401676 3296.390656
400.983431 56.818809 3277.652954
400.914210 98.949734 3272.864008
431.341388 99.419588 3278.866528
442.916731 154.714047 3338.818250
446.205769 207.536643 3210.389606
370.375227 98.478175 3266.861487
355.712999 156.339293 3313.609027
349.635352 215.873602 3251.457703
400.883306 141.631414 3257.746820
420.946911 184.917666 3246.554852
420.754108 270.290359 3324.912012
422.555540 350.593266 3271.913409
380.708652 184.503945 3238.704413
380.955914 271.008622 3289.623615
379.831441 351.597896 3284.158856
400.934583 57.447478 3282.557379
400.981725 99.100644 3275.069647
431.376327 99.541053 3281.606519
446.547743 154.584905 3354.034644
445.593405 205.316930 3211.376685
370.465576 98.658496 3268.532776
355.094992 157.294566 3311.521753
348.279726 216.735212 3247.505188
401.067908 141.678786 3258.114252
421.251682 184.880841 3245.433398
420.329790 270.341209 3322.668054
422.591299 349.566458 3277.433807
381.005156 184.523481 3236.884314
380.854935 270.986904 3291.362091
380.186636 351.086936 3290.954242
400.994651 55.776648 3283.795099
401.016303 97.756107 3278.443457
431.403195 98.016130 3284.040491
444.196837 154.202071 3341.084778
448.558874 206.978377 3213.866296
370.525481 97.495197 3272.846423
350.905714 157.936898 3328.766895
340.945560 217.638684 3277.249829
401.275179 140.314795 3262.018475
421.619836 183.379702 3249.253638
420.439790 268.704268 3328.635406
422.621415 348.340024 3280.483752
381.408215 183.228547 3241.933350
380.613907 269.256596 3306.898151
380.142348 351.148481 3296.171771
400.167339 56.317609 3283.941284
400.062392 98.228601 3277.813049
430.455845 98.513655 3283.512177
443.111962 157.236301 3337.282123
447.349532 210.530260 3206.070184
369.563072 97.942562 3272.113922
348.192493 160.356157 3341.313110
333.766898 220.029253 3292.116901
400.279701 140.823327 3261.913232
420.579939 183.925502 3249.740222
419.050636 269.569635 3319.309204
421.215858 350.770256 3279.216113
380.372255 183.744969 3242.286609
379.397741 270.037684 3297.871667
379.003638 353.270235 3293.749084
399.829893 56.185416 3283.528973
399.714775 98.212378 3277.688123
430.123811 98.552925 3282.850275
442.690859 156.555011 3343.241077
445.444398 210.063211 3211.932294
369.209780 97.870749 3272.525970
345.510341 162.753550 3340.142578
329.736763 222.620319 3303.213074
399.803287 140.820358 3262.032910
419.980631 183.975303 3249.753345
419.351962 269.647845 3318.692181
421.645818 349.929067 3280.431525
379.762876 183.702960 3243.002051
380.084510 269.788454 3304.606165
379.182728 351.661507 3294.902557
399.426013 56.570432 3284.457263
399.314340 98.420010 3277.468713
429.728888 98.785604 3282.531134
442.377099 156.230129 3341.439087
443.940192 210.630713 3218.140314
368.805671 98.053251 3272.406293
344.282922 163.810342 3341.757965
327.852954 223.906740 3313.774634
399.365682 141.005435 3261.223248
419.516388 184.171616 3248.288342
419.763814 269.746265 3320.661877
421.634730 350.381369 3282.414343
379.277670 183.862563 3241.667224
380.101208 270.146568 3298.056433
379.070432 353.225290 3296.978284
400.102514 56.215811 3285.441455
399.588569 98.156804 3278.350024
430.074733 98.625443 3279.107721
442.170058 156.501996 3344.073309
442.862634 211.024521 3221.654535
369.088298 97.687902 3277.592328
342.450718 163.654315 3338.778094
326.915544 224.502504 3322.302985
399.142500 140.705125 3261.721643
418.842216 183.986194 3245.588770
419.143051 269.621830 3318.504004
421.434578 350.135452 3278.019073
378.535392 183.392694 3244.597754
380.137230 269.520327 3303.647693
378.420012 351.008627 3297.327606
400.082994 56.133532 3288.057306
399.577743 97.837729 3279.736029
430.039335 98.389582 3281.332782
442.108611 156.588047 3345.673737
442.588142 210.921492 3220.874530
369.086494 97.285335 3278.139276
343.014430 161.584215 3336.706830
326.691805 221.390719 3312.882037
399.089288 140.342812 3262.580383
418.726476 183.634460 3246.468768
420.023804 269.122910 3322.201941
421.907679 349.940287 3279.502972
378.451933 182.959813 3244.380707
380.397549 269.317649 3295.636896
380.046258 351.710389 3298.686053
400.240596 56.459333 3286.128815
399.857778 98.245644 3278.982007
430.348043 98.804468 3279.583020
442.004713 156.624774 3342.557654
442.528894 211.127599 3218.687000
369.356293 97.686606 3278.380994
343.788005 159.941254 3335.152332
326.897173 218.969197 3308.626392
399.273529 140.779022 3262.196417
418.828241 184.111252 3245.803717
420.030694 269.457076 3325.490454
422.208350 350.290627 3280.709985
378.533358 183.393415 3245.017938
380.564763 269.606903 3300.610083
379.937111 351.328916 3293.743311
400.216188 55.885975 3287.317981
399.706934 97.698121 3280.010553
430.145857 98.336238 3282.635590
441.958686 156.833078 3346.441669
442.455703 211.041515 3219.826825
369.219228 97.058971 3277.385516
344.097599 159.005665 3337.580530
327.044867 217.543677 3306.713910
399.175307 140.226907 3263.447260
418.753180 183.566108 3248.600659
420.242065 268.990602 3324.572925
422.249850 349.469548 3281.240662
378.502061 182.812709 3245.167273
380.691953 269.042403 3300.506152
379.475984 350.907748 3292.004309
400.635946 56.090917 3286.300983
400.126463 98.001105 3279.244196
430.547867 98.592752 3283.067847
441.954323 156.465023 3344.616321
442.860829 210.766991 3218.597766
369.634065 97.408064 3275.420544
344.330164 158.765506 3336.103979
326.383326 217.144571 3305.083301
399.760770 140.549164 3262.799792
419.494769 183.853443 3248.855762
421.614160 269.428502 3319.752484
422.955876 350.771962 3278.319843
379.257001 183.202630 3243.855017
381.485704 269.590205 3294.593915
380.473200 352.065453 3291.508801
400.589230 56.831160 3288.493500
399.943075 98.476256 3280.093225
430.376191 99.129628 3283.034515
441.983028 156.737300 3342.037738
442.639320 210.888276 3213.856323
369.455336 97.821703 3277.151935
343.871333 159.491151 3337.547986
324.116174 217.867771 3304.704321
399.433034 140.947893 3262.247070
419.044205 184.268231 3246.324420
420.571868 269.781597 3320.981281
421.604942 349.770120 3276.420221
378.766743 183.504793 3242.477411
380.325965 270.033944 3289.722296
379.054422 351.994066 3293.535187
400.816381 56.093558 3285.802063
400.007966 97.978534 3279.295111
430.416379 98.788179 3283.552332
441.993034 157.193883 3343.420331
443.457479 210.810754 3209.507507
369.520490 97.166756 3275.037891
343.644149 159.866226 3338.772058
323.214261 218.206251 3310.204773
399.357612 140.549787 3263.513135
418.789857 183.996348 3250.515240
420.275233 269.337825 3327.164105
421.605926 349.326086 3283.560468
378.577614 183.072388 3244.947076
380.509353 269.474464 3294.534863
379.658847 350.747292 3296.278064
400.577813 56.753475 3284.457788
399.905872 98.599887 3278.140851
430.305132 99.500390 3283.206158
441.927454 157.124038 3341.809406
443.871069 210.715714 3207.190063
369.412524 97.696547 3273.075543
343.908437 159.490035 3336.686621
324.469565 217.936058 3307.207581
399.186133 141.202356 3262.653082
418.540365 184.718794 3250.477710
419.991556 270.082858 3326.237915
421.731968 350.828553 3279.035547
378.337733 183.702599 3243.852917
380.221903 270.099852 3294.464789
379.774686 351.295946 3289.494226
400.629319 57.734222 3284.338373
399.721533 99.301124 3277.696521
430.123024 100.351503 3282.711700
442.045033 157.279836 3341.917535
443.555144 210.786642 3206.448114
369.226839 98.247530 3272.681342
343.743880 161.759270 3335.137897
325.100858 220.859190 3297.161212
398.785993 141.896178 3261.944727
417.927509 185.512102 3249.472522
419.369743 270.848067 3326.210883
421.647196 351.033035 3276.849854
377.714674 184.295854 3242.913342
380.000558 270.596410 3297.010303
379.076238 352.215771 3288.025812
401.120135 57.765782 3286.417249
399.911023 99.318347 3278.909308
430.299654 100.524622 3283.785913
442.007404 157.996606 3346.209137
442.971321 211.128222 3207.595288
369.431847 98.108464 3274.032703
343.277866 163.330254 3335.968555
325.568317 222.957880 3301.126849
398.740031 141.899360 3263.341492
417.633366 185.601450 3250.962720
420.130688 270.839144 3328.044104
422.011118 349.986249 3277.635370
377.442808 184.174290 3244.584631
380.274918 270.519774 3295.003076
379.259954 351.691985 3288.747815
401.464406 57.220933 3286.393103
400.158941 98.859369 3278.495685
430.564828 100.141525 3282.647400
442.099393 158.034481 3346.112030
443.130399 210.951970 3205.302777
369.675959 97.573965 3274.343970
343.228590 163.978902 3334.795398
325.774702 224.054713 3298.824628
398.827920 141.424242 3262.609778
417.573265 185.181200 3249.438928
420.172089 270.347836 3329.464490
422.474409 349.419026 3273.775763
377.360857 183.628785 3244.008813
380.855690 269.986932 3293.930963
378.962367 351.008595 3286.643744
400.814839 57.872157 3285.845630
400.186006 99.320676 3277.794153
430.590843 100.117691 3282.677582
442.019772 158.077195 3345.860864
443.284622 210.969094 3204.627753
369.690427 98.521283 3272.910724
344.657375 164.313068 3330.434772
326.581313 224.181428 3300.724249
399.616487 141.875986 3261.157373
419.142264 185.310506 3247.714624
421.808177 270.345145 3331.790070
424.024676 350.218157 3277.969470
378.900298 184.424110 3241.326562
382.250454 270.717137 3295.671802
380.824819 353.154723 3284.603448
400.821269 57.045222 3286.084985
400.465287 98.836716 3279.007990
430.868943 99.467764 3283.656525
442.069080 157.563152 3347.193066
443.255523 210.757690 3209.426935
369.975350 98.203881 3274.359454
345.859663 164.553670 3327.154395
326.966394 224.122754 3296.273340
400.101628 141.419419 3263.249109
419.818830 184.752207 3250.529938
420.769067 269.878081 3332.114984
423.464703 349.128099 3281.489728
379.612426 184.077921 3244.450519
381.255469 270.204865 3302.971619
379.636506 351.389411 3290.435901
401.009742 57.077110 3286.782581
400.601335 98.781897 3279.866992
430.989441 99.355222 3284.909204
442.042146 157.038758 3346.000751
443.262904 210.132712 3207.222345
370.119633 98.206768 3274.824780
346.504408 164.338000 3331.987433
327.146140 224.048578 3309.879858
400.363029 141.326331 3263.447784
420.205716 184.593195 3250.325751
420.267162 269.839271 3329.726678
423.105703 349.615635 3280.134167
379.998098 184.008322 3243.731403
380.908082 270.395405 3294.401276
379.533920 351.033232 3288.241809
400.737875 56.809147 3286.030920
400.447703 98.554910 3279.025574
430.809859 99.162336 3285.404974
441.966461 157.038971 3349.966125
443.716748 210.336440 3213.763416
369.967181 97.945121 3272.646173
347.351764 164.727806 3338.679938
327.292818 223.958311 3314.179071
400.267300 141.121373 3262.836536
420.152307 184.404033 3250.819421
419.973578 269.683998 3329.443231
422.779607 349.807355 3278.947888
379.966276 183.819948 3242.475574
380.536418 270.268346 3292.837329
379.226229 349.495564 3289.555115
400.035392 57.026834 3287.259192
399.779207 98.633678 3279.455469
430.139230 99.281276 3285.831982
442.032664 156.864211 3351.806958
443.496125 210.345363 3217.932190
369.300883 97.983553 3273.078955
347.562742 164.533477 3335.046564
327.353838 223.889549 3311.148022
399.537457 141.195745 3263.280603
419.358294 184.500090 3251.275562
419.104536 269.824803 3328.522028
421.861258 349.550121 3280.143091
379.176691 183.862727 3242.935913
379.923529 270.301710 3293.377716
379.240730 349.012555 3288.995831
400.235150 56.220912 3287.754437
399.888419 98.027465 3280.248334
430.241553 98.674144 3286.619336
444.397940 157.016564 3375.440948
442.735213 207.435435 3221.113098
369.417182 97.378275 3273.877332
347.634555 162.162904 3332.573224
328.248665 221.297975 3307.186322
399.643552 140.592599 3264.428564
419.452579 183.890039 3252.774945
420.146107 269.179993 3329.811450
422.560001 348.826083 3279.111658
379.288463 183.253791 3244.442645
380.541208 269.700237 3293.320502
380.056821 349.492709 3295.370770
400.311589 56.139634 3285.940112
400.040838 98.202405 3280.001367
430.392430 98.816639 3286.531677
443.373396 156.223207 3365.011139
443.058225 208.135786 3221.133044
369.568157 97.585743 3273.471057
347.674677 160.315428 3332.485828
328.920179 219.526971 3309.258374
399.843245 140.804283 3264.899927
419.690656 184.095423 3254.069092
420.057169 269.543390 3325.979138
422.733285 350.028897 3278.526129
379.544221 183.507975 3245.527881
380.922976 270.123866 3285.923315
380.395187 349.994877 3296.658618
400.652972 55.720975 3284.496631
400.261198 97.915480 3279.387231
430.610265 98.529025 3286.219360
442.614912 156.816773 3352.688269
443.247289 209.792444 3215.568292
369.785434 97.299392 3272.555103
347.714865 159.474567 3335.635504
329.254575 218.580687 3304.453680
400.085947 140.537485 3264.579736
419.951335 183.835498 3254.239948
420.628689 269.302427 3325.618793
422.741093 350.150576 3279.284088
379.811626 183.259516 3245.304535
381.208064 269.769426 3290.511487
380.002428 348.734029 3297.723120
400.146803 55.297724 3286.542700
399.995335 97.228777 3280.786359
430.333182 97.794474 3287.593555
442.264639 156.596281 3351.138757
442.804829 209.969352 3217.217273
369.531316 96.660734 3273.979163
347.717326 161.264960 3334.647113
328.584734 220.497663 3294.543787
399.898228 139.800456 3265.324573
419.842812 183.033907 3254.314221
420.139972 268.553030 3324.912799
422.493864 349.327890 3278.536365
379.702676 182.519830 3245.411353
380.882755 269.011500 3291.998798
379.249292 349.303974 3293.306329
400.008261 55.909104 3285.373480
399.999403 97.818439 3280.349902
430.301819 98.433526 3288.564624
442.275333 155.369207 3354.274524
442.947143 208.551575 3219.022937
369.544865 97.200235 3272.135181
347.742521 162.632298 3337.322278
328.039098 222.026605 3295.373657
399.938974 140.414231 3265.230090
419.896548 183.671466 3255.482391
419.789862 268.834575 3334.279681
422.441045 350.307194 3277.582617
379.793124 183.140363 3244.738165
380.633820 269.537354 3295.341901
379.950266 350.051829 3292.250226
399.837930 56.791366 3285.851666
399.672389 98.409397 3280.110547
429.992651 99.013543 3287.804303
442.107857 156.197667 3352.519250
443.113012 209.282600 3215.334448
369.209616 97.802396 3272.416791
347.757546 163.512756 3338.696210
327.776351 222.878784 3298.827252
399.578169 141.019460 3265.181274
419.509072 184.287685 3255.283191
419.618153 269.484995 3333.081854
422.103238 350.579585 3274.705365
379.394952 183.753416 3245.220813
380.346469 270.189085 3293.664575
379.422543 350.336227 3291.150818
400.490023 56.649347 3285.045941
399.636597 98.545822 3280.088501
429.991438 99.514677 3286.048242
441.960097 156.890161 3347.808777
443.741353 210.698770 3216.846167
369.171233 97.573424 3274.128760
347.543353 163.959644 3335.620544
327.624129 223.288405 3297.027625
398.874669 141.161594 3265.579938
418.150920 184.694993 3254.969299
418.741009 270.140499 3325.721936
421.276845 350.675282 3274.352893
378.012852 183.619271 3247.173450
379.329012 270.060944 3293.363806
378.426704 349.498286 3291.535046
401.033231 56.179379 3284.631793
399.776878 98.288997 3280.286127
430.171315 99.371756 3284.320526
441.749217 158.108377 3347.760748
443.598317 211.783579 3214.689081
369.307576 97.203548 3276.251727
347.412357 164.190093 3330.312994
327.542606 223.591979 3292.266760
398.686557 140.933884 3266.683020
417.640092 184.580302 3255.718073
419.769325 269.982799 3325.820355
421.937205 350.249389 3278.512482
377.501630 183.289468 3250.441754
379.864379 269.671794 3294.652704
379.555244 349.392191 3296.559149
400.450196 56.690847 3284.971667
399.504092 98.631529 3280.252271
429.919952 99.605698 3283.575690
441.930899 157.102205 3351.343469
443.402528 210.867526 3220.307111
369.026556 97.655407 3276.928851
347.370037 164.313724 3331.972473
327.473089 223.733063 3288.903448
398.520655 141.249548 3265.886743
417.601413 184.829794 3253.694312
420.381165 270.262670 3323.735443
422.121774 350.740304 3276.758258
377.428734 183.657671 3249.348120
380.367662 270.152605 3289.109998
379.741355 349.794692 3290.301263
400.565117 56.727755 3285.670312
399.525121 98.661301 3279.771198
429.912866 99.713205 3284.495581
441.872799 157.396840 3350.667395
442.942255 211.340151 3221.367151
369.049718 97.606345 3275.046814
347.323944 164.168884 3328.468225
327.470858 223.811322 3295.609338
398.553855 141.254895 3264.682617
417.641568 184.857401 3252.683350
420.228484 270.320836 3322.991919
422.260381 350.261494 3278.269189
377.467347 183.629589 3246.504724
380.158718 270.101066 3290.683130
379.939014 350.192896 3285.987354
400.592313 55.861863 3283.855463
399.687447 98.084548 3279.942316
430.045535 99.143095 3285.861902
441.888120 157.409224 3351.856036
442.313750 211.774770 3227.747864
369.219622 97.022178 3274.022729
347.298814 164.194538 3326.701404
327.490247 223.795378 3293.038104
398.786584 140.726318 3266.007733
417.914911 184.330251 3255.944043
420.310828 269.538010 3331.326581
422.397150 349.258340 3283.889844
377.793279 183.135344 3248.202258
380.286827 269.379686 3299.512250
380.252020 349.401081 3290.849261
399.736526 56.829766 3284.573267
399.172682 98.612731 3280.097687
429.533985 99.495617 3286.053491
441.862399 157.202642 3349.611292
442.062387 211.774081 3227.527142
368.700920 97.726646 3274.141882
347.265582 164.045991 3323.155688
327.486638 223.817933 3292.198523
398.525937 141.247907 3265.887268
417.915403 184.736017 3255.571625
420.544344 270.195155 3323.707361
422.206578 350.985532 3279.870929
377.783568 183.774281 3247.782074
380.260418 270.225632 3291.173914
380.036186 350.023156 3290.519623
399.926344 56.718093 3284.396637
399.334779 98.587207 3280.040997
429.679383 99.440584 3286.716705
441.931096 157.044745 3354.654028
442.238754 211.116986 3227.993781
368.866428 97.730370 3273.365289
347.193440 164.624663 3327.813934
327.487655 223.896078 3279.871191
398.791767 141.216676 3265.633740
418.278734 184.672488 3255.591833
420.870275 269.867550 3330.863879
422.414964 349.919422 3279.511896
378.155330 183.774199 3246.861133
381.001154 270.253845 3289.983173
379.661636 349.635352 3293.593451
399.900689 55.795003 3283.221643
399.493365 98.107479 3281.397607
429.893642 98.723452 3285.183466
445.668565 156.818085 3374.846234
441.705125 207.816154 3228.765912
369.022849 97.490079 3277.611749
347.130780 164.993702 3325.315924
327.369880 224.117800 3272.022327
399.039095 140.777529 3268.357983
418.632190 184.130559 3257.794324
420.792294 269.418693 3330.028497
422.504788 349.700308 3276.492133
378.499699 183.447776 3252.842395
380.891022 269.751711 3297.605017
379.861131 348.525675 3300.655750
399.849675 55.637352 3284.249139
399.600609 97.964263 3282.160291
430.037826 98.387006 3284.014771
444.121677 154.974973 3369.906903
442.445172 207.338230 3233.342273
369.128978 97.541061 3280.305811
347.524818 162.520165 3328.914392
328.348298 221.585130 3287.924768
399.271692 140.617171 3268.921991
419.010185 183.863810 3256.896478
420.803809 269.284416 3326.741034
422.411028 350.480182 3275.089856
378.854992 183.369910 3254.470905
380.882165 269.740622 3295.198865
379.882652 349.684069 3295.875464
400.428380 56.152002 3286.394153
399.901378 98.224385 3282.704614
430.350011 98.698011 3283.794574
443.018037 155.492149 3358.526758
442.880579 209.070933 3230.210968
369.432470 97.750464 3281.614655
347.549521 160.885439 3334.495941
328.954002 219.724367 3283.431079
399.452455 140.821769 3268.369794
419.088002 184.088157 3254.747528
420.423255 269.552444 3325.258710
422.563873 350.318446 3274.141620
378.902332 183.500594 3253.322418
380.895484 269.840222 3296.638672
379.196769 349.744072 3290.733783
400.163403 56.509362 3288.007178
399.609860 98.380658 3282.560529
430.065678 98.963464 3283.319537
442.482375 156.285146 3354.077948
442.606186 210.308554 3228.217651
369.139968 97.797557 3281.801520
347.559199 160.253670 3336.745148
329.410766 218.825078 3274.891968
398.992050 140.915907 3266.847839
418.478361 184.234096 3251.631445
420.143023 269.758469 3322.405341
421.676131 351.595271 3274.918475
378.252010 183.490408 3250.638855
380.324456 269.800592 3297.771936
378.011703 350.441077 3287.997205
400.247223 56.216615 3285.567694
399.702604 98.274415 3281.359027
430.116463 98.943961 3284.549646
442.168024 156.694044 3352.438940
442.970927 210.618673 3224.201099
369.229562 97.603573 3278.168408
347.563168 159.655051 3338.377332
329.550882 218.422855 3284.108203
399.144075 140.883461 3266.932874
418.655154 184.257503 3254.593469
420.430374 269.456092 3331.718945
422.448460 350.106222 3281.870807
378.480244 183.482944 3250.419971
380.905621 269.794621 3297.419464
379.630798 350.463221 3290.929047
400.613670 56.302174 3284.875085
399.726979 98.380101 3281.475818
430.079326 99.343871 3286.986768
441.952715 157.167588 3352.265723
443.186203 210.832193 3220.614178
369.272506 97.413066 3275.964868
347.665196 159.651705 3339.185156
329.710583 218.184632 3277.931152
398.918761 141.029072 3268.103143
418.130186 184.569607 3258.334448
419.916298 269.909706 3328.834082
421.992319 350.394885 3280.963513
378.033192 183.486208 3251.126489
380.337546 269.743115 3299.672345
379.041529 349.814901 3291.564178
400.256934 55.349689 3284.533636
399.596180 97.603032 3283.137659
429.967817 98.427391 3287.383331
442.013834 156.979132 3350.393658
443.264610 210.842396 3220.420227
369.145906 96.776557 3278.891986
347.614346 159.738019 3339.069678
329.634801 218.207547 3268.647467
398.876604 140.261977 3270.515332
418.175755 183.722021 3260.669214
420.724254 269.179928 3325.715112
422.458826 349.803123 3279.798230
378.093063 182.780149 3255.116797
381.008437 269.044175 3298.741431
379.678662 349.826711 3295.253979
400.542809 54.045750 3283.286731
399.796955 96.619463 3283.891943
430.193656 97.367712 3286.772345
441.945203 156.414600 3353.180365
443.276027 210.048760 3221.408356
369.346845 95.869919 3281.011542
347.663031 159.966811 3334.704852
329.766650 218.324682 3263.413666
399.046837 139.373005 3273.911450
418.297991 182.830966 3265.814569
420.836911 268.402318 3323.676129
422.679974 349.456885 3282.716162
378.263263 181.944521 3262.047345
381.121586 268.038462 3305.918420
379.767535 349.288227 3295.178656
399.904855 54.847112 3283.755994
399.239640 97.428010 3284.194550
429.676890 98.134036 3284.869312
441.900717 155.649243 3355.397552
443.262970 209.273447 3224.173016
368.789858 96.721704 3283.519788
347.715128 159.314587 3337.379492
329.670264 218.293795 3285.381354
398.390906 140.135541 3273.152441
417.578153 183.585497 3262.551776
419.578687 269.191082 3322.462292
421.658186 351.513026 3272.216278
377.489294 182.678794 3261.668890
380.232303 268.926794 3298.828302
378.617900 351.772557 3286.894647
400.672952 56.334422 3285.608899
399.636663 98.389549 3284.200061
430.089037 99.227424 3283.891418
445.755666 155.817474 3371.756134
442.452193 207.172000 3227.434235
369.189998 97.551805 3284.508704
347.452644 159.214084 3339.792468
329.604258 218.025127 3294.443530
398.543652 141.013227 3271.263843
417.512934 184.532929 3258.125800
419.732057 270.231767 3318.095630
422.413914 351.641791 3270.526617
377.373455 183.417905 3258.529449
380.563910 269.713196 3296.361786
379.376154 352.081790 3280.943829
399.845837 55.130329 3286.514618
399.419321 97.364857 3285.871088
429.868118 97.803988 3285.319678
443.850729 156.779111 3360.462598
443.182955 209.665155 3225.855066
368.980693 96.925908 3286.422498
347.482301 159.124998 3335.599811
329.544846 217.888964 3293.105554
398.866205 140.005135 3273.695453
418.369017 183.262551 3261.159210
420.921519 268.858097 3322.267816
423.750841 348.356755 3278.795404
378.253454 182.665097 3261.880426
381.523891 268.812660 3302.625970
380.097141 350.914735 3290.130145
399.569836 56.342525 3285.361145
399.602118 98.392862 3284.652527
430.076898 98.528648 3283.474384
442.945437 155.420385 3356.390405
442.741545 209.395634 3231.829504
369.149187 98.257159 3285.830670
347.595614 158.883002 3333.516998
329.500655 217.845594 3292.393524
399.435986 141.038078 3272.006317
419.349338 184.123932 3258.589551
421.179705 269.728320 3321.717456
423.463129 350.944950 3275.769080
379.197359 183.904572 3260.130664
381.307336 270.148274 3299.451361
380.242899 353.162925 3283.707178
400.231345 55.177390 3284.752258
400.090146 97.352096 3285.072186
430.555839 97.494295 3284.295331
442.385235 156.487561 3349.554865
442.652213 211.136817 3229.695514
369.638888 97.209946 3285.849042
347.557329 158.970825 3332.945642
329.556754 217.754458 3297.784271
399.943961 140.009433 3272.880542
419.866006 183.092810 3260.180792
421.156052 268.754330 3321.373645
422.812939 349.497958 3279.595355
379.733678 182.878782 3261.197003
381.232111 269.174023 3298.232538
379.567055 351.273637 3289.087164
400.030569 54.368548 3284.986365
399.985329 96.695098 3286.131177
430.438490 96.797176 3285.564282
442.150964 155.740691 3352.019281
443.064327 210.800896 3237.132068
369.542667 96.593071 3286.698071
347.660603 158.718855 3336.446741
329.550095 217.777947 3296.979333
399.902690 139.381502 3274.990125
419.868597 182.436240 3263.478229
421.100871 268.055849 3323.816016
422.198016 349.484344 3281.727246
379.775014 182.282394 3264.219916
380.796901 268.557164 3299.293890
378.946161 350.697623 3290.722235
400.187811 54.440329 3285.154596
400.288395 96.875747 3286.065826
430.735454 96.878864 3285.889722
445.897881 154.466490 3376.378162
442.670946 206.438449 3240.152881
369.844584 96.872630 3286.241931
347.711060 158.003249 3338.246631
331.963399 217.531571 3296.081226
400.385174 139.531280 3274.138208
420.538668 182.503837 3262.095374
421.010063 268.222768 3320.757672
423.061972 350.178166 3274.555505
380.428059 182.493684 3262.325806
381.226534 268.904321 3293.116577
379.786201 351.885477 3286.195215
399.928115 55.302284 3283.611908
400.212973 97.556676 3284.273810
430.649009 97.598275 3285.482660
444.003738 154.660245 3368.062659
443.401479 207.556032 3235.841333
369.754530 97.515062 3283.064960
347.930764 157.614297 3338.052942
333.145282 217.374396 3299.769977
400.367360 140.221854 3271.948840
420.580037 183.216343 3260.414374
420.637218 268.929451 3320.491284
422.351845 351.040056 3271.886902
380.456141 183.203040 3258.833368
380.955782 269.732158 3288.174622
378.961580 352.121945 3291.190186
400.480476 57.483876 3271.539679
400.657270 100.045927 3278.392542
431.089927 100.279657 3282.105963
446.893457 155.110939 3382.134766
442.680755 205.644846 3234.177917
370.155589 99.811673 3274.679120
347.849404 158.557677 3340.106097
331.874231 217.882567 3295.118555
400.662355 142.986712 3271.106110
420.667499 186.208811 3266.248401
420.852461 271.664487 3327.953296
422.378746 352.690152 3282.533759
380.637626 186.029475 3261.390955
380.845750 272.437767 3292.281195
379.435435 353.277813 3293.022882
399.752404 57.707649 3277.865540
400.245714 100.044057 3281.121771
430.719838 99.979708 3281.499963
445.860154 157.714832 3366.275366
442.985559 209.739773 3225.504956
369.764569 100.108424 3280.743579
347.812628 159.624902 3341.139893
331.066669 218.345137 3290.194446
400.449737 142.895231 3272.318896
420.694662 185.928743 3263.763513
420.651949 271.636307 3319.550134
422.314938 349.924835 3276.323901
380.612037 186.026408 3263.268530
380.475169 272.520767 3286.452417
379.582277 351.557085 3294.558746
399.878217 57.278033 3281.058783
400.523059 99.574270 3282.632440
430.992722 99.426493 3282.724561
443.976903 157.629158 3356.310358
442.644733 210.967602 3224.900006
370.051658 99.722046 3282.540320
347.792583 161.530363 3341.146454
331.426850 220.746040 3298.605219
400.839805 142.348529 3272.362463
421.207000 185.293316 3262.152588
421.307847 270.949374 3321.312756
422.768617 349.411546 3273.409119
381.109382 185.490942 3262.032385
380.959883 271.923527 3290.635101
379.964799 350.657796 3294.167432
400.213039 57.104257 3282.641626
400.839149 99.374873 3283.370190
431.272626 99.258295 3284.967206
442.924474 157.206120 3352.573578
442.324609 211.240945 3226.721417
370.376048 99.491549 3281.773175
347.715849 161.124253 3345.958496
330.648846 220.149636 3293.484796
401.236401 142.104449 3272.216803
421.676919 185.022105 3262.107709
421.434053 270.909153 3313.517694
423.026804 349.987659 3277.889948
381.582975 185.230606 3260.019122
381.311272 271.680235 3290.822754
380.180633 350.424805 3294.183179
399.919356 56.699869 3283.425568
400.594052 98.960757 3283.848114
431.038421 98.810553 3284.775616
442.460296 156.743385 3351.495166
443.027682 210.772945 3224.433630
370.132460 99.111060 3282.920612
348.147549 161.121793 3344.636267
332.498701 219.233305 3275.859100
400.987335 141.683609 3272.685278
421.429493 184.584042 3262.128967
420.443726 270.399506 3316.456360
422.155728 349.543953 3279.974860
381.329677 184.813785 3260.915918
380.477892 271.098413 3298.102887
379.192439 349.921358 3292.116638
400.412895 56.400183 3283.789325
400.936715 98.803172 3284.899231
431.374916 98.726093 3285.710730
442.276613 156.194846 3347.588318
443.241383 210.875629 3226.967334
370.483488 98.880267 3284.087732
347.972855 160.803620 3343.387000
331.446665 219.138478 3276.978979
401.214191 141.528336 3274.116687
421.531094 184.471188 3263.864819
420.596965 270.229011 3318.911591
422.505707 349.611140 3283.753894
381.449355 184.600543 3262.803467
381.360449 270.908398 3297.008728
379.119051 350.386159 3293.342548
400.936617 57.097417 3283.993774
401.113148 99.151641 3283.552856
431.519133 99.332962 3286.372894
442.158247 156.296103 3351.013043
442.783931 210.737924 3228.148627
370.654869 98.970009 3280.732819
347.875616 161.820864 3342.229852
333.216078 221.238202 3292.369379
401.183846 141.872541 3272.205780
421.284718 184.961742 3262.702948
420.709491 270.653755 3320.655054
422.189191 349.839932 3279.781433
381.202749 184.819706 3259.014459
380.515258 271.191977 3294.796265
378.931267 350.536609 3285.108929
400.694997 57.300357 3283.563617
400.882716 99.465927 3283.749170
431.324165 99.544170 3284.825220
442.044836 157.244454 3349.886865
442.643848 211.758580 3227.060242
370.421288 99.387618 3282.673120
348.023016 162.725533 3341.676080
332.852518 222.212847 3293.111853
400.966700 142.180987 3272.282416
421.100773 185.229507 3261.519293
420.707195 271.049368 3316.094965
422.366345 350.345938 3279.748627
380.993149 185.163403 3260.112030
380.832857 271.369755 3301.533386
378.871986 351.308018 3286.532990
400.544482 56.560065 3287.124030
400.839641 98.737576 3285.900220
431.282468 98.762443 3285.950610
441.965477 157.478216 3348.296936
442.300004 212.417858 3230.102576
370.395863 98.712708 3285.849829
348.412526 161.679961 3344.638367
333.589612 220.437250 3298.318359
400.931564 141.375655 3273.328809
421.085190 184.358022 3260.790466
420.816013 270.176619 3316.580237
422.498916 349.269265 3279.642072
380.962803 184.326954 3260.724329
381.019984 270.593818 3299.535608
378.879958 350.470373 3291.849463
400.389373 58.137511 3285.630682
400.828848 100.038841 3285.143835
431.285617 100.013203 3284.884534
441.995921 156.677084 3343.667035
442.189446 211.879308 3228.013202
370.376900 100.064463 3285.403137
348.563468 161.078947 3339.084375
334.044833 218.846780 3276.841193
400.960270 142.727459 3273.430902
421.151688 185.710252 3261.548425
420.971417 271.384124 3320.600989
422.361687 351.344630 3280.834912
381.035666 185.735120 3261.887512
380.986719 272.122826 3292.621857
379.401186 351.934161 3294.751385
400.511216 58.398880 3285.959796
400.829668 100.470573 3285.434894
431.289095 100.451939 3284.918652
442.037454 157.550423 3349.739105
442.238131 211.980040 3226.137988
370.379787 100.489191 3285.951135
348.306857 161.682323 3344.972729
332.425313 218.768864 3269.985706
400.930449 143.161964 3273.836389
421.091128 186.153516 3261.900372
420.771003 271.833867 3320.300482
422.473228 350.514661 3277.641669
380.976910 186.160323 3262.575397
380.534745 272.553016 3292.318988
379.480413 351.521326 3295.499371
400.739417 58.818654 3286.191016
400.916375 100.958388 3285.287396
431.383971 100.896876 3284.413434
444.243553 158.047276 3381.671014
441.724908 208.304083 3228.780347
370.464986 101.019884 3286.161359
348.136887 162.561961 3343.109589
331.974750 220.849151 3279.232648
401.053899 143.641429 3273.392059
421.260114 186.610329 3260.925104
421.400525 272.042680 3326.811896
422.592414 350.492255 3275.953583
381.131756 186.661326 3262.068341
381.192152 272.982714 3295.666290
379.290989 350.584703 3292.809247
400.587064 58.850837 3286.259515
400.865525 100.687637 3285.667426
431.338829 100.553229 3284.267511
443.198341 157.954499 3367.232001
442.139351 210.381204 3229.945630
370.418171 100.821946 3287.067340
348.042076 161.576998 3340.503973
333.146988 219.840108 3279.485388
401.063610 143.376517 3274.060260
421.330155 186.304688 3261.537665
420.683344 271.552847 3332.537268
423.017815 349.918405 3273.555042
381.207342 186.433584 3263.368524
381.150718 272.737421 3296.531329
380.028608 349.845706 3293.776642
399.897474 57.802541 3298.678442
400.499406 99.228031 3292.877222
430.901749 98.960282 3291.662860
442.553368 157.851881 3358.828839
442.115763 211.294419 3228.420001
370.119469 99.495584 3294.091583
347.885393 161.027474 3337.054578
331.746319 219.300869 3282.460272
400.934878 141.623705 3276.959558
421.448160 184.277220 3260.247717
420.611859 269.746593 3327.245990
422.879634 349.251550 3272.403668
381.310879 184.589192 3261.836072
381.039734 270.942517 3295.532440
379.865954 349.372047 3288.950952
399.900853 58.080412 3291.432953
400.560458 99.853469 3289.841974
430.975597 99.540135 3289.430188
442.200207 156.753424 3354.673712
442.237836 210.641145 3227.387256
370.152931 100.166721 3290.253760
347.940770 160.704052 3341.208130
331.030385 219.100832 3290.750580
401.105340 142.393703 3276.249365
421.709889 185.088883 3262.387482
420.493231 270.225533 3336.556708
423.016830 351.258218 3276.735687
381.602987 185.487956 3262.926031
381.202716 271.784001 3297.564862
379.658945 351.988128 3289.464569
400.221306 57.485730 3302.875299
401.015516 98.855711 3294.791803
431.329446 98.683101 3296.989307
442.140532 156.995125 3353.179840
443.012460 211.306393 3229.300787
370.661102 99.028535 3292.594299
347.882637 160.661338 3343.843140
330.689592 218.989537 3294.901245
401.633654 141.083810 3275.982977
422.317989 183.647944 3258.611334
421.054286 269.101127 3327.603711
423.426090 349.310371 3267.538348
382.182118 183.951436 3255.736969
381.441940 270.334877 3295.332190
379.954170 349.299578 3276.918091
400.618460 58.221840 3294.071375
401.173577 100.110408 3290.318323
431.557024 99.865017 3291.200946
442.038963 156.676296 3353.131812
442.704343 210.802405 3227.046857
370.773825 100.355915 3289.435699
347.858426 159.297298 3346.766058
332.509888 218.260907 3295.043231
401.747328 142.558014 3274.833179
422.385471 185.231853 3259.925165
420.795936 270.684823 3327.137335
423.048292 351.639232 3274.730560
382.260460 185.586146 3258.770905
380.840829 271.732462 3303.461353
379.442325 352.923799 3290.366614
400.258180 57.449987 3288.054156
400.941439 99.635241 3288.522894
431.339321 99.337752 3289.558527
442.008191 157.859853 3354.415985
442.741545 211.500509 3222.732684
370.524398 99.932893 3287.487262
348.027149 158.557973 3346.068201
333.507596 217.510181 3294.958722
401.565876 142.240563 3276.191364
422.224884 184.954081 3264.537219
420.840651 270.491560 3325.722461
422.710452 349.326479 3278.551587
382.156857 185.381680 3263.182446
381.068439 271.473390 3305.922882
378.773862 350.361521 3289.075879
400.313885 57.616890 3286.642169
401.114624 99.584866 3287.950488
431.525366 99.240334 3288.625513
441.928471 157.591890 3351.137970
442.598575 211.967032 3227.043707
370.691415 99.929547 3287.275464
347.957501 157.978513 3352.702179
332.877057 216.370012 3294.789966
401.765503 142.251881 3276.844080
422.443998 184.970698 3266.179114
421.478145 270.555074 3324.662421
422.984910 350.124068 3279.075702
382.392309 185.447621 3265.296228
381.380691 271.643655 3300.962817
379.144115 352.290012 3292.431055
400.297187 57.577752 3285.397363
401.149957 99.721866 3287.463379
431.573067 99.332913 3287.737115
441.907508 157.416556 3351.413806
442.323231 211.821224 3227.693011
370.721761 100.110868 3287.189642
348.004611 157.913885 3353.332062
333.820241 216.249874 3298.368488
401.821569 142.443996 3277.512280
422.513974 185.165732 3267.740173
421.340391 270.778649 3323.933069
422.829375 350.065050 3278.062115
382.478458 185.686960 3267.382190
381.331252 271.840297 3302.635156
379.035526 351.254216 3288.263593
400.531818 58.099439 3285.325714
401.073747 100.327341 3287.273102
431.502894 99.982595 3287.372571
442.028629 157.188142 3353.169604
442.798038 211.319746 3226.626672
370.642764 100.672103 3287.173633
347.817287 158.531580 3348.850183
332.363834 217.153395 3300.943396
401.668560 143.059181 3277.393390
422.286494 185.820908 3267.578766
421.146702 271.530605 3320.269513
422.529163 350.792335 3275.873798
382.246616 186.277934 3267.448590
380.877014 272.471066 3300.459961
378.726949 352.301331 3287.402228
400.580470 58.310302 3285.243042
401.232465 100.481006 3287.328741
431.662727 100.174676 3287.372046
442.030696 157.596434 3353.977429
442.590045 211.434880 3224.296106
370.801382 100.787368 3287.285437
347.991325 158.858545 3343.309052
333.390871 217.318231 3291.875183
401.764486 143.231579 3277.897821
422.314314 186.026637 3268.495245
421.321166 271.714353 3321.114606
422.502689 350.169341 3280.450159
382.284474 186.431075 3268.438556
380.829904 272.479366 3306.536230
378.887142 351.341579 3287.834222
400.661076 56.929137 3287.442383
401.127583 99.226243 3288.895575
431.547904 98.970681 3288.727869
441.998710 158.214490 3353.444128
442.150177 212.350178 3226.802515
370.710345 99.481756 3289.063281
347.837364 159.576382 3350.301013
332.041642 217.859619 3295.276550
401.582279 141.909038 3278.350024
422.061377 184.701997 3267.694769
420.970663 270.426997 3320.505194
422.343643 348.061596 3277.322528
382.019759 185.032636 3267.914178
380.386723 271.187450 3302.463251
378.536475 351.126862 3286.639282
400.501637 57.625141 3285.773456
400.873759 99.753081 3288.203229
431.303595 99.501505 3287.878577
441.932343 157.234202 3352.910828
441.939429 211.732253 3230.740857
370.449928 100.004608 3288.527881
347.919577 159.780142 3347.809564
331.206982 218.349533 3299.334833
401.303490 142.475326 3278.365771
421.754506 185.294809 3268.315991
421.321790 270.999469 3320.866064
421.928281 350.723933 3279.563336
381.719646 185.614655 3268.740637
380.096812 271.734332 3303.790729
378.886355 352.453946 3288.057831
400.695686 57.085279 3285.539874
401.028048 99.395885 3288.427625
431.447582 99.186744 3288.544153
441.964132 157.375532 3355.709607
442.334221 211.403386 3228.617365
370.606348 99.605059 3288.311096
347.833296 161.533398 3341.733557
332.773389 221.276897 3309.976440
401.431993 142.110420 3278.482825
421.852597 184.945240 3268.614136
421.263296 270.722911 3318.505054
422.698182 349.489593 3277.039081
381.823249 185.224455 3268.461914
380.806218 271.389406 3302.290558
379.172886 350.802209 3288.684827
399.589487 56.640194 3298.310748
400.162320 98.650081 3295.505145
430.573128 98.168286 3291.616931
441.952551 157.292909 3354.943512
442.819493 211.602668 3230.627478
369.823194 99.130760 3299.393359
347.793338 162.672895 3341.424652
332.395098 222.616842 3306.625726
400.674559 141.058516 3280.749878
421.257095 183.598652 3263.450934
420.640499 269.625898 3309.693781
422.089230 349.220351 3270.450507
381.156984 184.101263 3268.538287
380.152616 270.346589 3298.843787
378.251321 351.208910 3289.268781
400.333537 57.317433 3291.784375
400.531851 99.468879 3291.664960
430.972447 99.276207 3288.510559
441.979715 156.150574 3356.947064
443.007539 210.289165 3231.465747
370.149552 99.661174 3294.819360
347.705811 163.525419 3344.479584
333.362296 223.969991 3314.652795
400.679250 142.045300 3279.540240
420.873589 184.864799 3265.352917
420.633938 270.679475 3316.731934
422.123840 351.728596 3279.077539
380.807137 185.010492 3269.478125
379.986320 271.102120 3305.429211
378.398557 352.787849 3289.217603
400.123510 57.255314 3287.981720
400.211726 99.546860 3290.116235
430.654160 99.491959 3287.887500
444.602324 156.674557 3390.253430
442.783701 206.303910 3233.592651
369.810498 99.601696 3292.344971
347.836019 163.858338 3342.230115
332.702986 224.033323 3304.429535
400.222028 142.215647 3279.676715
420.261159 185.159007 3267.779803
420.656115 270.928279 3318.223969
421.767464 350.324384 3281.475031
380.221444 185.154889 3270.694586
379.885900 271.286230 3303.409650
377.964692 352.648160 3294.421222
400.202377 57.113984 3286.599915
400.093525 99.481575 3290.019653
430.533137 99.495502 3288.111371
444.367397 157.334999 3378.997424
442.883892 208.142791 3228.131830
369.689213 99.467665 3291.927936
348.127438 164.227935 3345.383728
332.264857 223.973304 3306.452771
400.023024 142.190238 3280.497137
419.968821 185.189385 3269.726929
421.222780 270.885007 3320.376068
421.934416 349.897442 3281.403644
379.950627 185.105713 3272.222314
379.618036 271.180068 3305.957788
379.078928 351.908277 3295.579681
399.659595 57.560742 3289.176135
399.929985 99.926102 3290.768689
430.375207 99.771256 3288.110059
443.291479 156.628481 3371.110242
442.973158 208.221936 3224.492682
369.533940 100.080719 3293.427319
348.093877 161.851801 3350.788385
333.291631 221.362341 3304.984882
400.048088 142.599301 3280.529944
420.195579 185.483363 3268.552722
421.719403 271.361914 3313.013525
422.384323 350.340263 3277.969470
380.159538 185.595988 3272.029675
380.407620 271.691126 3304.754712
379.256936 351.815468 3292.684320
398.943694 57.045419 3300.664935
399.450060 98.957034 3296.993506
429.862771 98.516428 3292.359930
442.594244 157.223901 3364.323254
443.186400 209.625459 3222.922174
369.122679 99.396410 3301.627081
347.840973 159.820363 3347.568372
333.918529 219.226875 3303.847418
399.840948 141.348820 3282.253723
420.295770 183.911494 3264.483679
421.568723 269.830479 3312.584680
422.433730 348.837566 3274.860474
380.212193 184.334221 3270.544202
380.518900 270.454522 3304.590417
379.455119 349.449602 3291.852350
399.724584 57.482318 3294.573706
399.725372 99.419965 3294.551660
430.139952 99.239497 3291.452637
442.190365 156.318608 3365.365448
443.223602 208.984275 3226.422748
369.367940 99.600105 3297.650684
347.703777 159.437775 3343.786713
331.855236 218.399153 3293.534137
399.853349 141.981737 3283.001709
420.006155 184.778190 3269.425110
421.391273 270.357284 3324.255359
421.902791 350.970309 3285.386340
379.983171 184.909809 3273.478406
379.902271 271.010525 3304.454468
379.647693 351.636148 3298.663220
399.894849 55.890437 3289.920709
399.857286 98.331711 3293.448315
430.240405 98.352953 3292.779327
442.088304 156.738579 3363.962909
443.311097 209.642486 3226.636908
369.486535 98.310469 3294.117303
347.542500 159.372720 3342.967340
330.699828 218.071154 3298.490790
399.865127 140.999202 3284.187726
419.854097 183.933392 3274.489630
421.225503 269.563730 3323.403442
422.602912 348.904556 3284.135498
379.897218 183.882592 3275.364642
380.175318 269.992149 3303.777869
379.730595 348.857545 3296.665967
399.481587 54.498117 3287.058679
399.913483 97.309136 3293.853278
430.290140 96.966506 3293.274310
442.059664 155.658511 3364.300946
443.266710 208.921336 3231.062622
369.547522 97.651618 3294.432245
347.565596 159.159872 3343.089380
330.160228 217.929119 3303.230920
400.418374 140.077457 3287.557074
420.864862 182.794912 3280.882416
422.396265 268.510415 3319.631757
423.644942 348.262765 3284.777979
380.990131 183.224873 3281.639325
381.159084 269.204434 3308.636890
380.754613 350.828881 3305.409265
399.707131 56.508641 3286.720117
400.430348 98.752863 3291.282568
430.815501 98.096785 3291.259998
442.046607 154.448020 3363.599414
443.253226 207.795633 3231.529260
370.045621 99.408942 3291.305139
347.573765 159.337518 3342.646887
329.908898 217.876301 3288.113733
401.437406 141.489067 3283.339746
422.415784 184.001826 3275.382227
422.673282 270.022855 3306.464581
424.005189 351.521129 3274.157367
382.483051 184.863290 3275.411621
381.778468 271.117670 3293.577441
380.995248 353.119128 3290.238013
399.725109 57.296831 3285.466125
400.589426 99.476753 3290.682080
430.957881 98.708148 3291.672046
441.898421 156.140699 3359.771301
443.365654 209.345916 3224.755920
370.202731 100.245833 3289.692114
347.695509 160.298040 3345.624396
329.806247 218.005492 3279.746002
401.827802 142.230098 3282.985437
423.025524 184.662416 3275.935999
421.593886 270.586338 3310.696344
423.067123 350.618395 3280.819165
383.110572 185.706562 3274.641589
381.152785 271.877631 3297.660657
379.762351 350.498652 3292.205084
400.036179 57.153844 3286.404651
400.837836 99.324826 3291.798810
431.203273 98.518216 3292.464648
441.808203 156.864523 3364.188354
443.847383 209.221383 3221.249048
370.460130 100.131749 3291.132971
347.572551 160.143211 3349.259607
329.803294 217.937911 3284.799500
402.102162 142.082863 3284.577991
423.317075 184.488116 3277.792578
420.929064 270.290654 3315.859021
422.854308 349.394225 3282.446362
383.421708 185.570661 3276.921765
380.449547 271.559802 3305.291687
379.444326 350.279866 3300.496704
399.556714 55.610155 3287.462067
400.229475 98.109776 3292.869873
430.574768 97.385657 3294.160608
441.698433 157.002425 3359.699652
443.678233 209.575626 3217.951874
369.860397 98.834486 3291.579138
347.612115 160.342805 3350.531445
329.719835 217.894328 3276.307629
401.422282 140.849834 3285.529639
422.555244 183.283530 3279.033447
420.049557 269.019800 3319.628345
421.871625 348.668055 3280.935956
382.675264 184.279352 3277.345361
379.598615 270.354331 3301.078821
378.284029 349.326184 3302.947473
399.797152 56.663470 3287.456293
400.236266 98.821248 3291.852875
430.607804 98.302678 3292.525800
441.766047 155.930836 3361.454401
443.920968 208.489292 3220.190320
369.852326 99.340049 3291.179950
347.536923 160.161943 3351.741870
329.625254 218.018287 3279.044995
401.098090 141.560765 3283.931573
421.923098 184.154671 3276.450403
420.366205 270.069933 3312.133527
422.039200 350.792039 3276.115515
381.999616 184.859369 3275.570142
379.939604 271.080599 3294.502057
378.209920 349.947340 3296.363885
399.820969 58.193298 3288.537067
400.120131 100.201856 3290.877081
430.509910 99.828880 3291.218005
441.776611 156.555027 3360.166815
443.687550 209.223614 3219.518970
369.724053 100.574898 3290.536157
347.754528 160.398838 3345.903906
329.591463 217.880582 3276.907593
400.761824 142.917310 3281.818054
421.390913 185.618148 3272.982111
420.155489 271.497339 3313.698785
422.024732 351.085493 3276.856677
381.420518 186.120382 3272.535944
379.950299 272.427531 3291.797498
378.528339 351.344893 3295.079449
399.595622 58.400864 3286.351636
399.860173 100.327521 3290.605182
430.264026 99.974245 3290.385510
441.732814 157.910227 3360.342657
443.711532 209.817327 3212.106299
369.460421 100.680748 3290.824854
347.568844 160.236381 3343.490143
329.561610 217.805423 3275.813434
400.418275 143.103699 3283.008533
420.953111 185.849975 3275.268060
420.089614 271.594019 3319.181390
422.111866 349.698668 3280.191644
381.006599 186.306623 3275.555707
379.748835 272.366282 3303.895184
379.109898 350.504393 3301.111102
399.895538 57.998051 3286.341663
400.002946 100.207253 3291.421930
430.389806 100.033756 3291.768103
441.750726 158.058348 3357.420789
444.041466 209.979965 3208.645618
369.609690 100.380782 3291.075757
347.286938 160.278931 3343.348419
329.607342 217.842609 3277.380267
400.339278 143.002049 3284.560669
420.632494 185.856159 3277.925641
420.515047 271.554980 3320.911469
422.047205 349.065439 3284.224731
380.718756 186.095892 3277.473175
379.475558 272.113377 3306.097412
379.539793 350.113308 3300.576752
399.493299 58.194283 3288.518433
399.494808 100.200478 3292.349957
429.886391 100.115329 3292.011920
441.777956 158.116497 3358.715198
444.184239 209.419140 3204.567651
369.109458 100.285611 3292.687994
347.373482 160.524913 3348.162561
329.517944 217.966026 3273.425128
399.666451 142.940832 3284.337848
419.810038 185.840034 3276.104755
419.413802 271.606683 3318.463062
421.626102 349.308239 3277.281586
379.870481 185.940389 3276.546722
379.366017 272.034609 3302.888947
378.017937 349.330974 3302.836981
400.052976 57.925221 3288.515546
399.679869 99.925823 3292.229755
430.063808 100.090725 3292.320825
441.815486 158.191574 3360.262872
444.227117 209.788802 3208.867389
369.294224 99.760905 3292.138684
347.510153 161.111081 3349.464844
329.624992 218.117805 3272.056445
399.531158 142.652316 3283.853625
419.353439 185.704150 3275.537073
419.304459 271.526569 3316.268182
422.041168 349.768742 3276.723090
379.409223 185.490482 3275.417920
378.953706 271.468305 3309.038965
378.636337 350.211530 3300.327686
399.690728 58.391925 3287.940515
399.287800 100.300472 3292.389587
429.671936 100.534595 3292.402185
441.844618 157.894086 3360.818481
443.781442 209.723780 3211.813928
368.903467 100.066349 3292.376990
347.465536 160.528604 3346.868677
329.829146 218.052274 3275.148120
399.030860 143.039251 3284.359631
418.739368 186.141148 3276.337811
419.070155 271.788561 3322.577246
422.089394 349.553664 3278.285461
378.805815 185.833883 3276.321539
378.241939 271.817956 3308.690167
377.920961 350.397903 3297.450958
399.533684 59.042361 3287.154736
399.114648 100.806380 3291.321674
429.530212 101.017374 3290.075555
441.837106 158.233846 3359.763690
443.717568 210.222470 3211.891351
368.722113 100.595549 3292.567792
347.430532 160.033916 3345.080859
329.818615 217.922804 3282.573126
398.801642 143.550621 3283.035303
418.475572 186.671168 3273.934021
419.732123 272.387868 3318.997675
422.346071 350.170818 3274.667834
378.508458 186.351257 3275.563843
378.476734 272.425530 3304.251331
378.516660 351.329671 3298.755341
399.839636 58.749662 3287.823462
399.148668 100.509711 3292.722900
429.543368 100.946233 3291.778076
441.776447 158.558760 3362.548560
443.332880 209.701849 3207.621271
368.771388 100.073436 3293.667725
347.559264 160.160024 3351.140857
329.798570 217.811344 3286.353735
398.532728 143.250574 3284.967993
417.882498 186.496638 3276.595276
418.887588 272.124958 3322.857281
422.341708 349.024103 3281.631451
377.952816 185.890852 3277.830896
377.594931 271.950133 3304.525067
378.519218 350.601894 3301.617371
399.528730 58.585925 3288.714746
398.673795 100.345876 3293.081146
429.091033 100.829147 3290.301788
441.817455 158.501644 3360.493042
443.115505 210.190894 3210.199066
368.307867 99.863458 3295.860504
347.575602 159.848921 3347.214062
329.777771 217.739515 3289.719672
397.864166 143.043008 3284.407922
417.041211 186.331392 3273.917224
418.807376 272.071713 3317.899841
421.841508 349.773696 3278.343726
377.081413 185.601483 3277.552173
377.620684 271.612752 3307.005756
378.232359 350.594086 3298.991284
399.297117 57.680895 3286.443231
398.437720 99.825550 3292.002472
428.850890 100.397218 3290.109412
441.797902 158.154913 3361.827869
442.481784 209.952769 3213.037476
368.059555 99.254522 3293.895532
347.682321 160.382189 3345.201587
329.721967 217.803881 3273.858960
397.558050 142.578863 3284.499780
416.648846 185.935796 3275.759106
419.300292 271.503277 3323.362500
422.294532 349.422569 3281.712024
376.714899 185.120377 3278.235071
378.642078 271.070593 3308.682294
378.443436 350.137027 3302.050153
399.666615 55.851250 3299.318561
398.572883 97.967888 3298.961365
428.945898 98.662449 3294.908856
441.801248 157.759137 3361.827606
442.981754 209.450224 3211.988196
368.274404 97.275017 3303.013873
347.563628 160.671836 3349.071429
329.510202 218.069662 3270.961761
397.382503 140.413723 3286.641382
416.186375 183.705453 3271.670905
419.303737 269.480106 3315.975549
422.154646 348.373158 3274.172852
376.212240 182.653287 3276.971893
378.234032 268.728249 3303.841644
378.256833 348.353606 3304.392792
398.785501 57.436504 3292.291168
397.830441 99.365703 3294.522266
428.232293 100.028081 3291.532947
441.787535 156.459019 3367.470044
442.913319 207.747588 3215.374866
367.483672 98.704507 3297.511584
347.480037 160.118245 3346.681024
329.501082 218.153318 3276.217871
396.753637 141.985411 3284.764856
415.661800 185.345741 3273.052710
419.538565 270.970206 3319.456177
421.916668 352.241754 3280.950653
375.702986 184.373014 3276.962183
378.280125 270.436150 3303.078174
378.329204 351.819962 3306.681628
399.438578 57.649926 3288.241809
398.145317 99.810968 3291.942108
428.561800 100.790387 3288.907648
441.762865 157.747884 3360.794073
442.979096 209.402917 3210.425824
367.784867 98.833337 3294.976569
347.436404 160.700444 3344.424469
329.669838 218.169902 3268.166656
396.609846 142.501144 3283.431604
415.052586 186.108735 3272.936707
419.154304 271.922969 3310.741486
421.963089 351.211338 3279.058380
375.104401 184.718531 3276.905493
378.558127 270.796168 3300.212207
377.877066 350.300272 3308.793573
398.575475 58.064943 3301.278546
397.425020 99.637389 3297.578510
427.821196 100.440949 3292.096692
441.752235 158.632804 3357.151514
443.185809 210.286032 3205.775977
367.129756 98.836487 3303.060327
347.406223 160.705086 3343.848389
329.685552 218.254608 3269.280237
395.975174 141.964415 3282.381537
414.561080 185.308735 3263.599481
419.699644 271.052681 3310.854865
421.794661 349.663959 3267.479822
374.506570 184.063027 3270.769647
379.098383 270.314799 3289.801556
377.712378 349.133775 3297.350439
398.813124 57.918217 3292.733923
397.569729 99.566577 3292.922626
427.989001 100.514960 3288.914996
441.813911 157.966998 3359.964203
443.232952 209.653919 3209.576007
367.224370 98.620490 3296.930255
346.892868 160.571154 3341.927246
329.740831 218.149102 3262.430261
396.017855 142.114373 3281.442749
414.475882 185.653678 3267.342035
420.282516 270.894226 3325.909064
422.088213 351.050784 3282.054523
374.466382 184.269281 3272.583710
379.269599 270.141615 3306.876892
378.391667 350.232953 3299.920624
398.179567 58.182735 3289.540417
397.134716 99.900267 3291.397522
427.556087 100.775525 3288.593494
441.771460 157.952580 3357.256494
442.975192 210.305339 3212.820428
366.765113 99.026469 3294.201550
346.453098 160.166930 3343.108539
329.766289 218.206514 3266.188824
395.769347 142.542054 3281.378186
414.403609 186.068744 3269.525104
419.939098 271.454264 3322.658344
422.473885 350.373627 3280.185870
374.410020 184.822101 3273.192596
379.115376 270.828285 3301.002448
378.826155 351.708257 3300.871222
398.578033 58.623079 3289.026013
397.536955 100.375140 3290.463458
427.979028 101.059891 3287.280450
441.769295 158.164312 3356.799567
442.126130 210.820531 3215.475122
367.153705 99.691717 3293.646466
346.509099 160.590969 3341.039899
329.911555 218.144099 3261.282562
396.416551 143.034708 3280.256470
415.312379 186.465538 3267.967981
420.767886 271.959450 3319.273248
423.418676 350.378252 3277.908319
375.291397 185.456298 3272.130981
380.353719 271.556325 3295.639520
379.698444 350.881503 3294.894159
398.543390 59.119767 3288.268317
397.460976 100.862069 3289.249884
427.919943 101.473563 3285.850616
441.778448 158.398107 3357.523407
442.361155 210.767056 3213.308588
367.064898 100.251837 3292.649152
346.422326 159.861650 3337.902557
329.902993 218.000063 3275.346271
396.431183 143.524343 3278.551587
415.434583 186.926566 3265.630328
419.820995 272.525688 3317.629254
422.836723 350.632404 3276.762195
375.381877 186.005936 3270.076251
379.870744 272.174463 3294.858990
378.869558 352.183162 3297.126044
398.954159 58.956736 3286.786517
397.785989 100.929896 3287.838422
428.247712 101.574328 3285.188715
441.920270 158.237782 3358.913348
442.495103 209.764394 3207.392413
367.373376 100.286448 3290.488129
346.385156 159.489346 3336.258301
329.853685 217.814215 3282.474707
396.768170 143.601635 3276.871899
415.790959 187.029594 3264.172675
419.970100 272.705303 3315.452484
423.179878 350.525684 3276.877936
375.717323 186.090856 3267.638080
380.717575 272.292960 3292.766730
379.085686 351.841352 3300.474133
399.273070 57.888773 3284.406348
398.014223 99.977936 3288.624725
428.454687 100.677057 3286.848981
441.795934 158.645713 3355.221710
443.056815 210.609782 3206.614508
367.606597 99.279570 3290.400470
346.373116 159.922981 3336.505792
329.703136 217.719355 3272.709949
396.970258 142.718651 3279.769360
415.930550 186.180795 3269.752649
419.767718 271.446850 3330.184131
422.831441 348.840453 3281.443799
375.924889 185.201130 3272.075342
380.525625 271.273206 3299.643738
378.727277 350.230197 3310.827832
398.471872 57.821864 3298.832501
397.840874 99.581651 3294.608875
428.199782 100.129846 3294.538013
441.856691 157.643330 3357.914459
442.789738 209.545559 3209.591229
367.483245 99.033473 3294.679736
346.367506 159.526434 3335.609259
329.714455 217.787789 3275.629718
397.198328 141.931002 3278.600928
416.598751 185.059193 3262.546790
419.949465 270.781142 3315.657721
423.520835 349.296757 3267.971918
376.500772 184.332679 3262.639172
381.313995 270.692565 3287.852856
378.404593 349.444812 3293.896582
398.012451 57.391854 3292.047089
397.595023 99.322399 3291.066046
427.991461 99.638111 3290.941907
441.788519 157.373875 3357.270404
443.127414 208.996479 3206.264398
367.200848 99.006736 3291.190186
346.459758 159.138334 3335.647577
329.772391 217.733150 3282.569714
397.250588 141.862076 3278.138226
416.937969 184.948767 3265.129047
419.554443 270.597492 3319.882135
422.948856 349.187347 3276.295557
376.869877 184.528386 3265.291766
381.307204 270.416827 3307.558478
377.834910 349.647720 3304.440558
398.805185 56.979478 3302.130200
397.912687 98.677179 3296.310345
428.297545 99.232378 3293.119989
441.822736 157.069727 3358.997858
443.658615 208.617975 3207.529150
367.586585 98.123063 3299.500702
346.336832 159.264262 3340.544916
329.721278 217.745797 3280.923883
397.005820 140.993428 3280.131281
416.153667 184.150226 3261.865466
418.830603 270.006485 3312.951849
421.442812 349.220318 3275.134735
376.051849 183.308677 3266.038965
379.605012 269.284580 3307.377911
377.296622 349.666682 3300.159979
397.911965 57.789862 3296.381732
397.364459 99.498963 3294.193677
427.795509 99.855257 3289.365363
441.771427 157.003343 3358.920435
443.598251 208.439869 3206.447064
367.022479 99.143735 3299.021991
346.282407 159.036585 3342.959467
329.825800 217.672376 3277.583142
396.594362 141.991169 3281.145392
415.864183 185.139913 3264.939819
419.396743 270.871098 3315.771625
422.039036 350.293579 3283.773315
375.810788 184.506094 3271.254395
380.376093 270.466201 3304.371271
378.082237 351.610165 3302.858502
397.623597 58.232289 3293.511829
397.180809 99.843217 3292.631042
427.623373 100.183681 3288.304535
441.779924 157.363033 3361.433667
443.540414 208.424532 3205.910876
366.818128 99.503638 3296.957550
346.215121 159.289982 3339.296436
329.765436 217.774732 3278.205151
396.471830 142.369296 3279.694824
415.810643 185.530490 3263.929645
420.032597 271.407548 3308.735309
422.440258 350.241417 3279.802692
375.738483 184.934398 3269.587567
380.117349 271.032111 3299.140094
378.661401 350.554882 3296.216913
398.245442 58.917762 3294.231995
397.454414 100.374319 3292.080157
427.871783 100.967361 3289.624664
441.826968 157.048567 3361.254150
443.530441 208.133342 3206.030554
367.082417 99.782148 3294.535651
346.118768 159.526582 3341.797858
329.748081 217.794646 3271.558051
396.539674 142.867920 3278.213550
415.672200 186.155566 3262.741266
419.523933 271.818218 3316.268970
422.463190 349.679542 3278.625861
375.581865 185.289920 3265.952618
379.596384 271.409582 3300.051062
378.679543 351.176498 3297.027625
398.275821 57.053522 3284.819708
397.900385 98.966499 3282.795947
428.407840 99.270499 3279.978271
441.793309 156.563803 3341.406805
443.980708 210.075186 3198.853564
367.445255 98.663023 3285.613623
347.559756 159.109022 3339.770422
329.642313 217.676346 3289.297388
397.371119 141.554204 3268.285547
416.960179 184.770759 3251.932214
419.003427 270.464003 3316.924310
422.030506 350.705759 3276.371667
376.736814 184.273021 3255.617554
379.670296 270.694238 3290.211505
378.458822 351.084344 3298.311798
396.421144 57.373729 3271.619989
396.339292 99.812313 3273.965778
426.901698 99.920377 3273.110974
441.293832 157.949972 3337.527777
443.568660 212.026855 3199.370593
365.792830 99.704298 3274.820581
344.931931 160.553192 3331.823663
328.844659 219.767409 3276.321802
396.203244 142.717503 3264.358752
416.167577 185.961828 3254.192706
418.137109 271.794401 3312.435870
421.697784 350.724852 3275.046027
375.972163 185.790136 3255.310748
377.587746 272.076339 3296.707172
377.786881 352.275282 3301.187738
395.963725 57.969854 3266.626331
395.736704 100.618038 3270.082812
426.194950 101.012371 3275.345483
440.502509 159.030368 3331.247058
443.571120 214.403170 3206.028717
365.180302 100.222442 3264.820142
342.064160 162.786061 3332.698938
327.519707 221.692948 3264.897302
395.619389 143.654404 3262.342078
415.536972 187.063680 3258.044965
417.934234 272.743260 3317.050287
421.552681 351.323503 3280.162775
375.423672 186.726923 3251.157721
376.830804 272.855425 3302.104742
378.203785 351.260974 3297.237585
395.890107 56.775783 3276.502893
395.526251 99.453378 3275.433929
425.995553 99.867100 3278.370496
439.705510 159.680575 3331.439697
443.252144 216.168498 3219.997418
365.002261 99.038919 3272.497363
340.631603 164.496357 3333.146417
326.769917 223.023116 3251.298132
395.268098 142.225390 3263.064343
415.085130 185.544843 3252.614325
417.553778 271.498520 3308.205682
421.570856 349.182722 3268.876062
374.907169 185.100726 3248.775189
376.406027 271.103039 3307.069006
378.217564 349.578268 3300.582001
395.672141 57.775640 3280.376410
395.105804 100.055851 3276.437543
425.578616 100.551556 3279.108246
438.254581 158.516046 3330.152899
443.253719 215.312415 3223.331073
364.583258 99.559343 3273.766840
340.016844 165.243063 3332.846698
326.346616 223.875000 3244.244232
394.730991 142.732856 3262.012439
414.458298 186.069991 3249.333423
417.635827 272.149333 3302.330713
421.347477 351.242898 3272.160376
374.225780 185.507722 3245.841248
375.739303 271.557342 3305.279614
377.980013 350.776555 3297.584546
394.301785 58.014979 3270.981970
394.068499 100.598174 3271.200854
424.654427 100.692640 3270.223749
437.799491 158.985374 3327.354120
443.368475 216.091780 3223.872772
363.500811 100.503790 3272.177960
339.521336 165.238438 3333.183685
326.786582 224.400804 3247.817242
393.945114 143.493128 3260.265039
413.957967 186.755923 3248.690155
417.741070 272.856803 3300.221918
421.263624 351.267043 3274.278882
373.691692 186.597715 3249.968292
376.092037 272.540156 3308.203583
377.849771 352.042258 3307.713849
393.222684 57.998773 3264.141968
393.239809 100.758958 3268.402600
423.889349 100.598420 3265.014880
437.419921 158.647387 3331.477490
443.358174 215.742376 3229.034662
362.653750 100.919152 3271.790320
339.342279 164.859475 3330.137415
327.009206 224.374920 3250.979517
393.279177 143.838169 3261.272852
413.440939 187.059612 3251.928015
417.843491 273.107542 3301.051526
421.430215 349.965942 3278.486499
373.223872 187.152684 3256.358191
375.934304 272.918971 3314.491650
378.068951 350.555604 3309.400623
391.842749 57.614708 3261.803790
391.986933 100.651041 3267.907355
422.675250 100.230168 3260.853192
436.268154 158.814552 3333.333807
443.392162 215.392857 3225.396564
361.430859 101.070078 3274.961517
339.155184 164.383569 3329.165558
327.446745 224.094114 3259.053040
392.130986 143.774951 3261.680176
412.408292 186.910392 3250.839630
417.934529 273.180766 3289.204480
420.831990 349.299939 3279.690100
372.199788 187.216870 3260.066364
374.921931 273.121354 3310.021320
377.620323 350.262938 3303.739026
391.242425 57.516765 3260.099432
391.426173 100.609213 3268.357196
422.127876 100.031033 3259.034143
436.335440 158.523296 3329.087085
443.171539 215.115150 3219.925507
360.899133 101.184096 3277.680249
338.797332 164.633914 3332.446198
327.623900 223.880659 3252.982806
391.635839 143.767931 3263.198193
411.965865 186.846518 3251.942975
417.584944 272.953648 3295.658417
421.271399 348.158932 3284.634418
371.801617 187.279350 3264.135406
375.302945 273.109314 3312.068176
378.186627 347.922923 3300.996674
391.388938 57.757170 3259.256177
391.528070 100.566745 3266.428705
422.231937 100.075666 3259.578204
435.567606 158.670564 3334.573102
443.069675 214.585327 3218.647369
360.952738 101.055774 3273.279205
339.023204 162.904755 3335.153644
328.624134 221.232198 3249.197211
391.785535 143.743293 3261.013025
412.174809 186.860723 3251.117566
417.445484 273.046883 3293.969543
421.763331 348.007301 3283.005121
371.968208 187.265735 3260.077124
374.806781 273.331479 3304.117743
378.734002 349.884221 3294.542737
391.201122 57.896581 3259.378217
391.235831 100.738356 3264.957141
421.938222 100.318106 3259.901019
435.986839 161.097368 3335.706366
442.091290 215.694675 3209.282062
360.628381 101.157310 3270.013263
338.985542 162.883234 3330.599854
330.324588 221.810509 3246.120233
391.519245 143.884885 3258.170154
411.953890 187.023771 3248.076807
416.200547 273.219314 3295.609338
421.421619 348.101587 3277.715417
371.694766 187.398962 3254.689526
373.738769 273.494789 3303.512006
378.000976 350.200212 3288.116095
390.832476 57.800278 3258.892157
390.805017 100.649073 3265.680719
421.460987 100.313578 3263.633600
435.427556 160.654859 3339.439209
441.014420 214.151905 3204.612006
360.187463 100.984141 3267.727838
340.468195 163.814345 3330.467841
331.149046 222.182846 3242.851141
391.173203 143.853030 3260.788367
411.647708 187.002382 3254.557251
416.052787 273.108494 3299.094690
421.538115 348.057298 3286.231433
371.453803 187.371076 3257.234778
372.649564 273.314354 3309.664124
378.152115 350.916113 3299.405432
389.573432 58.394648 3258.640729
389.571037 101.084611 3265.577313
420.248003 100.690032 3262.123981
434.411870 164.288168 3339.170197
441.172251 215.362084 3185.977448
358.958897 101.478353 3269.030646
341.394450 165.121959 3328.267450
331.701571 222.834676 3237.743054
389.922952 144.316454 3261.394629
410.379642 187.460818 3254.953815
414.421817 273.585072 3299.144293
420.892780 348.768803 3275.351257
370.199680 187.857562 3259.470074
370.570458 273.748415 3311.820160
376.824145 351.021422 3299.172638
388.400472 56.437713 3257.435028
388.482915 99.537855 3267.463025
419.128748 99.130202 3265.129572
432.825221 164.170753 3348.730243
439.339784 214.743798 3197.728961
357.880846 99.944949 3269.796478
338.094193 163.949081 3317.462335
332.108731 222.698234 3239.947119
388.917796 142.827076 3265.845013
409.408114 185.932942 3262.701111
414.218056 271.905450 3303.956860
421.096344 347.506052 3280.297412
369.316860 186.385260 3265.752893
370.680491 272.209664 3315.107098
377.326870 349.895047 3299.520123
387.227709 57.075043 3257.911902
387.146382 100.015828 3267.897119
417.782045 99.692980 3266.128461
431.613943 159.916207 3353.638605
437.878587 211.689375 3220.711285
356.543887 100.338314 3269.665778
334.393434 163.221664 3306.662469
333.170018 222.476906 3234.257703
387.497279 143.306410 3266.416370
407.896428 186.455679 3263.778998
413.183540 272.636180 3291.714563
420.720842 349.743481 3268.146448
367.814787 186.816697 3266.092242
369.414066 272.673022 3313.809015
376.991654 353.078481 3294.940613
386.484546 56.590657 3258.644403
386.430907 99.582750 3268.115479
417.064569 99.285672 3266.400098
430.647697 158.699762 3355.665778
436.676036 210.320856 3222.746857
355.829363 99.879501 3269.830859
332.307505 163.433298 3308.241638
333.121661 222.452645 3230.819855
386.744537 142.903416 3267.635455
407.093032 186.072304 3266.033716
413.874541 272.251295 3284.582715
421.543987 349.033912 3269.282861
367.037275 186.401237 3268.277148
370.084661 272.202644 3314.365674
377.832482 352.180800 3296.371497
385.791970 56.132286 3258.506091
385.901478 99.114669 3268.344598
416.546097 98.722173 3265.460522
430.507613 161.050537 3359.641650
437.099862 211.485155 3212.326495
355.310924 99.506492 3271.228674
331.563915 163.143815 3309.079120
332.883421 222.555116 3227.609814
386.271796 142.475014 3269.241394
406.665466 185.605141 3268.251953
414.235706 271.803488 3277.291821
421.671309 349.462757 3269.783356
366.641400 186.017763 3272.024426
370.143647 271.815430 3314.140753
378.161235 351.729581 3301.550970
384.075080 56.683023 3257.912427
384.248528 99.486775 3268.708881
414.871494 99.029142 3267.115277
429.285181 158.868567 3357.262531
436.853650 209.681361 3212.836438
353.655415 99.943965 3270.302484
331.283125 163.184364 3308.945270
332.447818 222.816501 3222.522723
384.790424 142.866214 3270.451819
405.333658 185.928169 3271.152563
413.732095 272.088149 3268.123352
420.255221 350.306013 3269.616699
365.342562 186.470557 3273.236951
369.099715 272.112590 3319.657214
377.265686 351.541141 3295.963910
382.632255 57.804362 3258.706079
382.676314 100.437603 3268.756909
413.303644 100.098615 3266.853088
428.784457 161.923056 3364.230609
437.196116 210.975705 3199.384766
352.084644 100.776165 3270.660730
331.047641 164.182810 3308.385461
331.276925 223.909643 3220.024451
383.033182 143.810120 3270.231360
403.396276 186.955140 3270.461005
413.620586 272.984748 3252.038770
418.931581 350.176034 3263.993683
363.398389 187.331840 3272.950616
368.852256 272.850275 3320.048004
376.128124 350.464763 3292.372791
381.004303 57.636754 3259.082959
381.365567 100.444492 3269.734277
412.003854 99.891229 3265.150305
428.831403 163.915421 3367.161401
436.249487 213.531865 3196.264746
350.813068 100.996214 3274.318250
330.822359 164.488779 3308.079968
330.655769 224.517168 3227.407727
381.862190 143.820503 3271.800818
402.362383 186.859985 3270.869379
414.712613 272.626338 3246.701300
418.535969 349.487526 3264.580261
362.390577 187.422960 3276.865338
370.075410 272.616693 3325.189423
376.982403 351.229152 3294.990216
380.002002 57.131503 3258.731537
380.627161 100.167754 3270.829224
411.265218 99.476146 3264.614905
428.389993 159.359400 3373.286487
435.354726 210.905565 3220.736743
350.105270 100.856721 3277.043542
330.641432 164.096414 3302.015509
329.221834 224.097279 3225.012073
381.223548 143.558823 3273.951080
401.804116 186.523802 3273.009143
415.296304 272.092020 3246.968475
418.341460 348.743018 3267.690833
361.882964 187.209866 3281.136731
370.506256 272.425465 3321.023010
377.248495 350.445571 3295.647919
380.045175 56.274108 3258.579840
380.418545 99.346626 3270.877252
411.063229 98.716432 3263.736743
428.660384 157.018926 3368.911951
436.072070 210.506393 3236.033447
349.907382 99.974081 3278.017761
330.772527 163.537262 3300.626355
328.657793 223.627164 3227.411401
380.868091 142.725639 3273.513049
401.310019 185.747438 3271.479578
414.531489 271.414404 3247.813043
416.790176 346.995191 3263.637012
361.380730 186.321436 3280.818115
370.151192 271.580175 3319.908905
377.567964 349.684496 3290.675256
380.123484 55.188675 3256.861310
380.359493 98.442498 3270.249994
411.010083 97.908000 3263.467468
428.635680 155.202715 3370.088782
436.230984 208.434029 3233.936462
349.835799 98.974799 3277.032520
330.699598 162.656312 3296.090149
328.180788 222.997346 3227.937878
380.693626 141.838849 3273.120947
401.021749 184.928049 3271.556476
414.014722 270.630200 3250.820209
415.455514 346.923804 3265.560779
361.086687 185.389635 3280.427325
370.161559 270.584370 3322.125568
377.814045 350.036377 3292.006146
380.911461 56.221273 3257.103552
381.428719 99.019382 3269.014374
412.052867 98.563948 3266.209821
428.042081 154.172857 3371.462451
436.893936 206.902430 3231.462335
350.857062 99.474030 3271.818927
330.612005 162.247118 3298.711249
327.931427 222.698989 3229.557465
381.893455 142.408794 3271.160175
402.358183 185.492516 3271.471442
415.495570 271.186203 3246.860870
415.564300 348.462195 3268.307330
362.379390 185.989845 3275.140509
371.918473 271.453444 3307.959503
379.832229 352.687331 3288.349677
382.266792 57.033953 3258.843341
382.513955 99.584161 3267.906042
413.147321 99.279636 3265.813519
429.549568 156.156807 3375.658258
438.982818 206.860520 3213.149017
351.919825 99.888276 3269.998566
330.669449 162.340714 3300.025079
326.824178 222.378979 3224.122626
382.811673 142.935600 3268.326489
403.129724 186.113164 3267.378778
414.640111 272.139229 3243.975482
413.299805 348.852624 3270.009589
363.105658 186.438440 3270.115094
371.539198 272.028114 3308.104639
379.074631 353.018019 3287.605103
383.318958 57.430697 3258.603986
383.382045 99.970227 3268.252740
413.928999 100.061297 3271.189832
430.000951 155.720646 3375.056982
439.632089 207.144771 3220.880829
352.780140 99.878976 3265.315649
330.558924 162.706046 3297.425500
327.415710 222.722823 3220.774274
383.437586 143.311266 3268.450891
403.481081 186.655733 3270.570447
413.646667 272.727316 3256.770239
411.891985 349.185904 3280.145453
363.481619 186.638378 3266.727637
371.341113 272.201397 3311.503119
378.137155 351.397875 3286.579181
383.988865 58.088630 3257.974890
384.040502 100.480727 3267.070923
414.647886 100.514436 3267.085883
432.098855 156.056419 3368.127484
439.678051 208.233697 3218.791193
353.432856 100.447068 3267.055963
330.407719 162.301396 3296.702185
327.604413 222.757368 3222.807745
383.997493 143.805756 3266.256274
403.977605 187.174172 3265.451337
412.451629 273.521231 3258.509241
410.978753 349.035388 3273.830878
363.931198 187.130622 3265.431915
371.253586 272.763994 3310.728888
378.188760 351.536777 3290.603345
385.675770 57.454695 3258.168317
385.307748 99.957416 3269.140613
415.859262 100.478431 3271.395856
433.992867 156.231359 3366.470105
440.050174 208.526183 3217.188928
354.714077 99.435679 3266.885370
330.352080 162.420368 3289.314972
327.892715 222.817403 3215.819720
384.709523 143.280592 3269.367896
404.092067 186.899435 3271.069891
411.429119 273.073949 3276.388989
410.312816 348.521640 3286.606213
364.112683 186.295814 3268.120465
371.276911 271.936682 3311.596552
378.323856 350.349940 3293.922565
387.312022 57.282609 3261.529266
386.790400 99.658992 3270.217712
417.325249 100.358064 3272.959540
436.892165 160.404153 3365.098798
443.062720 210.693488 3188.719012
356.204308 98.958740 3267.475885
331.377673 160.950314 3280.817065
329.021977 220.508883 3214.663623
385.984872 142.909650 3268.719641
405.168215 186.610132 3269.014374
411.985056 272.891873 3275.835480
411.346611 348.951994 3281.061932
365.167048 185.789316 3265.428766
372.121545 271.714583 3300.326111
379.409650 351.256742 3289.847748
389.233066 57.248769 3259.961121
388.466348 99.851369 3269.303857
419.038760 100.545175 3270.319281
438.155605 162.400192 3368.669183
444.597272 213.247794 3191.349298
357.874973 99.157120 3268.288434
334.539259 161.239108 3288.931006
330.388068 221.194815 3214.867548
387.550819 143.142149 3268.685522
406.636859 186.885607 3268.731189
413.680721 273.133033 3278.377319
411.643082 349.025349 3284.938074
366.624931 186.012793 3267.403186
373.794146 271.713271 3308.822705
379.501180 350.438223 3290.821179
391.019735 57.157256 3258.122650
389.928496 100.031083 3268.801001
420.535289 100.861134 3267.365918
439.057124 161.565204 3371.551422
445.368878 214.214976 3218.314844
359.348538 99.201753 3270.236084
336.714848 162.244034 3303.212549
331.406182 222.038350 3220.958252
388.662497 143.326389 3268.397351
407.413977 187.200155 3267.055176
413.901081 273.558007 3275.458862
410.888896 347.860066 3286.754498
367.389944 186.064922 3268.932227
374.694386 271.787971 3307.536957
379.158549 351.320255 3292.327649
393.729642 56.921919 3257.695117
392.288719 99.922625 3269.746613
422.773833 101.246822 3273.462921
439.381219 162.078066 3378.869873
447.530426 213.784162 3220.248846
361.734219 98.595425 3266.030304
337.687262 163.424900 3309.759393
332.685303 222.568829 3210.806903
390.640362 143.212896 3269.999878
408.943674 187.298656 3272.684491
414.839377 273.513292 3284.008997
411.545844 347.573174 3291.888568
369.011203 185.693029 3267.821796
376.473674 271.423885 3307.079767
380.001116 350.563313 3286.882050
395.583531 56.930416 3258.582202
393.839314 99.883831 3270.714532
424.274037 101.470922 3276.208685
439.965304 161.829377 3385.789661
449.409773 212.707817 3221.735107
363.302135 98.291425 3265.220380
338.659217 161.782940 3311.436981
335.585323 220.583747 3214.123499
391.930276 143.146676 3270.820038
409.933771 187.349982 3274.517712
415.041202 273.600590 3283.293817
410.745827 348.171071 3289.747491
370.065273 185.461449 3267.333374
376.267289 271.233608 3309.348132
379.632241 352.027791 3283.450763
397.526851 56.840773 3257.939722
395.365303 99.819613 3270.976196
425.756066 101.717659 3277.730902
442.277728 160.615295 3376.868420
450.509739 211.903634 3215.793475
364.848793 97.913725 3264.221490
339.519040 160.692898 3309.587750
337.075127 219.017586 3215.926276
393.069249 143.107308 3272.636987
410.647080 187.475220 3278.714569
414.964632 273.640876 3288.976672
410.417370 349.159724 3292.916852
370.850264 185.223930 3269.880988
376.579442 271.051566 3308.418793
378.869033 352.482684 3283.355231
398.461505 56.494255 3257.087805
396.269283 99.533459 3271.045221
426.627798 101.529712 3278.969409
444.171215 160.439649 3370.279321
452.276495 211.460944 3211.529431
365.763337 97.527495 3263.121033
341.082691 160.359503 3312.951587
337.935770 218.136390 3221.480267
393.894494 142.836049 3273.304138
411.370560 187.246838 3280.744629
415.342496 273.425502 3287.088074
410.525303 348.561533 3290.082904
371.612455 184.907283 3270.381482
376.218375 271.030176 3295.429297
378.499141 352.814390 3279.756763
399.433231 56.974721 3257.647089
397.306359 99.794401 3271.737042
427.656902 101.758503 3279.786945
445.608365 161.312890 3370.681659
453.479079 209.149881 3194.288489
366.806088 97.820653 3263.687140
343.749622 159.846493 3316.134332
338.411135 217.772731 3229.080066
394.978056 143.100140 3274.294366
412.492965 187.482880 3282.115674
415.806181 273.648323 3289.047009
411.438830 348.595618 3291.782800
372.749951 185.189992 3271.587708
375.532754 271.498782 3286.901996
378.492153 352.992660 3280.745679
400.524765 56.720668 3270.400903
398.300721 99.207232 3277.893097
428.650607 101.204370 3283.222430
447.660339 160.626055 3364.509595
453.556371 208.016863 3191.113617
367.851956 97.203581 3272.563763
345.436100 159.249007 3324.328320
338.605054 217.597758 3233.594489
395.830104 142.271680 3275.921301
413.246331 186.604834 3277.435120
415.636211 272.875404 3288.242859
411.570777 347.605423 3284.864850
373.424319 184.168598 3270.463892
373.915038 270.668452 3271.841235
378.060421 352.112136 3279.168347
402.151044 56.589623 3277.851367
399.827071 98.859156 3281.207068
430.167378 100.782201 3285.767682
448.575867 160.216631 3370.552271
454.140062 207.402317 3197.771741
369.402288 96.930763 3276.646454
346.347921 158.432915 3323.600543
339.102038 217.325104 3242.513104
397.446639 141.805354 3276.891583
414.965550 186.047912 3275.558331
416.339121 272.249163 3295.320380
412.787140 348.437229 3286.558710
375.118015 183.679586 3269.593866
373.832365 270.262145 3264.307574
379.071252 352.820459 3281.320184
403.331582 56.506771 3281.034113
400.942850 98.707344 3283.329248
431.292080 100.558823 3286.692035
447.542925 161.397596 3370.332336
454.431448 207.266154 3193.642072
370.531419 96.852061 3279.966461
346.832931 158.039976 3327.541510
339.612538 216.996236 3242.304718
398.595421 141.600822 3278.199640
416.159375 185.786035 3275.269110
415.712650 271.956432 3298.001581
412.344450 348.788947 3290.269244
376.295076 183.469904 3270.870953
372.690014 269.971579 3262.894537
378.558750 353.356516 3282.272620
403.731229 55.249055 3269.722205
401.575718 98.116550 3280.107660
431.909890 99.906681 3285.562183
447.607816 162.188033 3370.241003
456.087417 204.976252 3184.859930
371.140469 96.320449 3274.653137
347.069432 157.739273 3329.470264
339.910453 216.943484 3247.337744
399.378313 141.233079 3280.300562
417.033173 185.422147 3284.060699
415.895415 271.331863 3309.310339
411.717061 348.189114 3297.723120
377.285928 183.264618 3276.926227
372.511941 269.565961 3257.382538
377.256107 352.572968 3290.228302
403.987021 55.279811 3264.054309
401.927304 98.314717 3278.503033
432.255604 100.039514 3284.982428
448.138263 162.962789 3365.880640
458.046844 203.386667 3166.521680
371.478900 96.583114 3272.023639
347.393362 157.012923 3330.965710
341.714313 216.255632 3251.974469
399.842359 141.543214 3281.306274
417.578416 185.713320 3288.346527
415.791025 271.639456 3304.022211
411.323023 349.526270 3292.973016
377.892255 183.679848 3279.872504
371.695160 269.778546 3249.260461
375.434138 353.022579 3281.174786
403.955789 56.010328 3260.667114
402.139824 98.931822 3276.576117
432.482165 100.604981 3283.336597
447.990536 163.466236 3360.457349
459.439706 202.049691 3145.432416
371.672031 97.251757 3269.815637
347.555885 156.353924 3331.701624
342.382513 215.488389 3257.620056
400.112389 142.243549 3281.164551
417.896375 186.409914 3290.173712
415.411389 272.358966 3298.904675
411.147312 349.964925 3290.936658
378.231474 184.456080 3281.332257
370.823264 270.416106 3245.458594
373.943940 353.219877 3272.966888
