310.949581 39.422722 4201.234497
304.991661 74.061052 4212.633362
328.541336 72.597279 4186.682831
336.295933 115.710892 4203.989319
323.579121 64.712494 4116.790009
281.730343 75.506905 4238.583893
276.808777 122.277626 4318.924438
274.424915 169.936729 4129.541840
306.951141 125.057656 4241.704834
326.419430 174.738201 4251.175323
328.954628 256.006010 4275.924500
315.070930 320.303925 4390.967285
291.508724 175.976086 4290.377289
294.719067 253.504148 4366.397736
305.837540 324.565041 4465.642181
311.049608 39.227062 4201.642639
304.766956 74.392033 4208.199280
328.381279 72.951159 4183.676971
334.155075 115.460472 4146.381409
299.630367 61.618933 4031.353180
281.426228 75.816187 4232.721588
275.929493 112.415869 4116.412354
300.247644 90.205496 3997.841034
306.778622 125.659038 4237.331451
325.917183 175.613417 4248.391937
329.312782 257.458952 4276.833069
315.657394 323.956055 4387.487091
291.753204 176.833242 4284.535309
295.401386 257.972048 4346.327911
305.965960 328.477066 4459.413208
310.979691 39.133833 4202.652283
304.872356 74.738754 4205.985535
328.392540 73.314325 4183.920593
331.963131 119.424090 4126.338226
305.919062 67.012705 4063.391510
281.597649 76.148335 4228.050476
277.825665 111.404903 4114.282104
302.401102 93.292671 3995.762421
307.007944 125.899132 4234.926819
325.927345 175.730507 4247.869537
328.436760 257.158957 4271.536835
316.365738 325.730759 4381.456970
292.427422 176.994741 4279.866669
296.392010 255.244829 4329.860779
306.723450 329.642372 4458.944366
310.975399 39.110126 4203.046967
304.932884 75.081459 4205.377991
328.517921 73.798119 4186.130219
330.654385 113.718470 4100.693115
303.907688 54.692911 4072.617554
281.562767 76.353161 4224.625763
278.526283 115.094284 4147.637970
301.532993 101.679754 4018.765869
307.040783 127.537125 4236.003204
326.321823 178.653419 4252.378052
327.714306 257.149704 4260.281891
317.147690 326.304520 4368.526611
292.029579 179.822124 4280.878784
295.222721 257.347183 4349.579315
318.666859 313.172218 4473.719879
310.963211 39.073614 4203.875885
304.961535 75.266321 4203.680054
328.578896 73.916634 4185.819031
330.516953 114.632120 4105.868774
305.442753 46.262157 4078.556213
281.543987 76.604559 4221.541077
279.201977 117.924139 4182.450348
303.603813 102.329905 4015.102203
307.293194 128.046195 4233.874329
327.166363 179.407631 4250.583160
327.958168 257.949062 4257.525421
317.688526 326.814354 4363.991730
292.128096 180.745354 4277.554047
294.442863 257.432224 4351.854858
298.341448 321.443859 4378.367615
311.444962 40.112646 4204.143951
305.063107 75.381060 4201.597870
328.697582 74.046856 4183.808533
329.699364 116.554556 4126.415680
307.202625 46.272509 4079.254395
281.627913 76.704037 4219.387207
280.202934 119.331711 4193.755554
304.830780 104.942402 4019.240753
307.354185 127.492673 4231.918488
326.693882 178.217108 4249.192017
327.526920 260.383684 4259.522186
317.859913 329.725868 4362.527802
292.635733 179.504688 4275.286194
293.846615 255.637196 4338.350189
302.801056 321.786461 4401.694611
311.566017 40.079155 4209.218811
303.940252 74.515715 4204.574890
325.923466 72.842926 4176.809692
329.798996 113.584145 4116.167358
327.559811 60.734293 4193.026886
282.245464 76.166565 4232.340088
286.587433 120.981703 4425.900238
301.855270 113.497765 4059.714935
305.701704 122.687528 4221.144470
322.923958 169.754940 4217.997711
329.766861 258.611624 4294.995667
319.251160 326.096020 4306.407990
292.118105 171.203556 4257.430389
292.806828 247.416573 4314.027832
308.423687 318.343483 4389.060883
312.810493 42.495323 4214.744934
300.673759 72.655626 4187.874573
321.777603 70.839912 4157.210907
329.652672 113.532801 4118.741455
314.058849 51.600449 4084.584961
279.876709 74.444921 4218.538239
286.758236 122.441460 4393.713593
305.179098 117.008995 4050.973114
303.261709 123.698776 4216.915283
318.199081 173.418125 4227.688751
327.337646 259.727268 4281.431122
316.023926 321.920597 4348.542206
293.535530 174.663872 4264.223236
290.746462 255.139532 4307.203949
301.824389 323.155838 4378.997406
313.451597 44.094727 4215.907013
301.041698 72.796955 4189.332184
321.763664 70.722977 4160.069275
329.790001 115.272271 4121.812134
318.988106 57.774044 4127.919983
280.607231 74.842129 4218.595093
285.411758 121.920030 4374.700378
304.134384 123.367144 4103.227386
304.370075 124.333340 4217.942230
319.503914 174.402861 4229.576202
326.613716 259.876236 4245.796967
320.351543 326.131039 4347.107941
295.897694 175.941650 4263.528351
293.540337 253.316488 4315.138275
300.416765 327.921638 4381.444611
310.898048 47.890760 4226.656036
301.308821 72.539927 4191.635742
322.058098 70.350403 4162.094879
330.550873 114.516927 4119.563507
278.136646 115.376521 4124.730652
280.849960 74.698860 4221.176605
284.677048 121.093300 4369.424194
301.182341 128.698225 4161.895752
304.837852 124.401197 4219.152374
320.829208 174.713465 4228.619843
328.458492 259.253878 4266.341400
324.362137 332.562229 4329.915985
295.918928 176.459827 4264.718170
291.402672 257.531925 4314.079742
301.981647 326.830524 4390.369354
312.037022 47.314047 4218.438263
301.407681 72.329985 4178.964935
322.532330 69.900787 4141.387024
331.778835 113.892903 4114.171692
317.138420 167.773676 4091.891968
280.659571 74.715889 4216.542847
278.792015 132.977211 4302.750366
299.959648 130.072589 4237.441589
305.101713 124.818910 4211.009033
322.537994 175.548855 4218.132019
328.133606 258.342339 4275.823700
324.373192 332.090401 4330.491394
295.103004 177.469900 4267.974243
291.939217 256.340836 4310.204315
303.192238 328.015812 4400.806641
311.471294 42.965675 4203.199127
301.679026 72.241631 4179.584290
323.210564 70.047661 4147.405334
332.071724 114.346819 4118.178955
283.194820 143.995022 4127.971344
280.476528 74.402075 4211.763245
280.233421 129.382184 4337.609161
297.050365 136.243206 4268.495544
305.175236 124.184089 4212.241425
323.025513 174.396801 4223.028076
328.929462 258.682383 4282.138092
324.481682 333.463829 4331.719666
294.357513 176.248392 4266.769043
293.234282 255.752638 4309.721191
302.234230 327.690033 4407.350647
311.230728 41.225149 4196.670227
302.066139 72.541832 4177.466125
324.014523 70.422260 4145.877411
332.747314 114.108639 4125.255798
274.978197 113.343338 4131.869293
280.447174 74.629578 4209.054840
279.986710 128.207093 4326.523132
297.514538 135.298193 4234.485168
305.278473 123.965401 4208.339630
323.905861 173.696920 4216.630188
329.051273 257.381704 4280.159454
324.623268 332.133247 4335.073242
293.146099 175.573025 4261.796082
293.837311 255.216488 4316.314636
301.270214 329.525127 4412.505707
310.705170 40.966782 4200.152618
301.854481 72.821211 4177.793518
323.585678 70.718428 4145.937836
333.239193 113.877359 4125.291779
277.058922 114.801988 4128.480835
280.452169 74.892202 4209.649200
280.149170 127.706391 4327.750031
296.277426 138.550816 4251.698547
305.098743 125.024938 4209.299835
324.214199 175.498043 4217.123199
329.649273 261.365759 4304.253845
324.649532 333.067772 4340.486755
292.552288 177.397305 4264.489105
294.484165 263.172821 4321.706726
302.562429 303.836723 4322.557617
311.233818 42.564623 4201.607208
304.015079 75.916334 4194.984100
327.111912 74.478138 4171.983124
334.547939 104.873772 4108.228088
314.529957 51.909851 4035.781769
281.170143 77.338840 4217.985077
281.535095 129.623171 4345.963989
286.173283 124.485921 4068.879181
306.021938 128.065704 4220.001343
323.994095 179.001102 4228.894226
330.014328 262.297348 4291.762390
324.453461 334.690968 4340.211823
292.137211 180.195213 4261.142944
293.713165 267.621735 4327.786011
309.675957 352.885357 4451.701630
311.711020 43.262667 4203.833862
304.797375 76.898392 4200.921112
328.587753 75.611824 4181.198181
334.945232 101.803917 4103.817352
312.975288 48.230101 4061.900391
281.229315 78.172892 4220.644043
281.775335 130.060487 4348.347473
302.551941 97.645952 4011.726379
306.603699 129.274424 4223.960541
324.716824 180.536922 4233.306061
329.842598 260.726612 4296.582092
324.053661 337.105728 4334.891693
292.168985 181.623951 4260.693878
295.799109 268.804413 4353.385254
309.965378 352.846012 4452.405304
314.969204 46.886953 4217.022675
304.716436 78.536556 4194.327393
328.769234 76.763002 4169.653473
322.628529 129.365353 4078.757812
315.566414 51.349874 4051.789124
280.944992 80.289391 4219.001312
280.991032 130.113230 4360.232208
300.154621 102.042286 4037.690918
307.390268 129.974124 4222.574890
325.362717 179.983847 4234.866943
329.169891 259.746151 4285.958862
323.762627 338.073006 4326.312195
294.809052 181.466675 4266.777832
295.136564 267.047407 4352.169891
310.225084 351.018505 4459.955383
314.728432 46.565002 4215.294800
304.972761 78.278017 4198.951263
329.150974 76.888075 4179.523865
326.252472 124.575228 4099.690063
314.421638 49.121761 4033.274139
281.017262 79.655170 4218.378662
280.716253 128.450294 4354.767334
299.275440 100.166611 4037.114136
307.008957 128.558441 4223.333496
326.109444 177.608259 4233.818024
329.210815 257.389000 4283.754181
323.809284 337.034695 4318.567383
292.045544 178.910740 4261.613434
294.528969 266.752974 4346.472382
309.377747 353.120155 4458.261566
311.254623 45.594532 4227.365753
303.492611 75.600357 4191.148499
326.527336 73.933353 4169.699615
327.279419 120.531890 4136.180603
316.568573 54.386822 4083.516266
280.692444 77.250401 4212.597382
280.267685 126.003691 4349.143433
299.119864 96.802717 4029.747803
306.192141 126.876692 4218.879364
326.449333 176.611439 4230.011261
329.315838 255.647066 4279.127838
323.966835 336.318970 4306.209961
291.400457 178.348412 4263.209198
293.537315 260.370037 4332.479919
308.650658 351.814362 4459.565369
311.926060 44.221310 4217.037781
303.081413 72.616693 4201.543762
325.413288 70.812927 4177.013214
337.408539 104.172140 4162.340149
308.076742 130.997106 4031.191406
281.008799 74.399500 4226.074310
281.974411 109.101397 4067.620148
296.793903 97.034237 4103.481445
305.744019 124.949681 4224.934204
325.765846 175.779156 4229.013153
329.260391 254.777979 4280.907623
323.845985 339.765759 4315.873535
291.146072 177.625202 4267.636139
292.694973 259.145765 4317.139709
309.070816 346.050591 4450.931213
312.123608 44.333336 4217.615936
303.214417 72.136282 4203.060425
325.519958 70.400974 4177.157959
335.170967 107.427338 4140.326294
305.980431 128.572732 4035.901794
281.182091 73.850338 4228.962891
279.907539 106.542629 4088.975098
299.404598 95.258520 4105.142578
305.367977 124.693339 4220.897003
324.313557 175.990402 4219.040314
328.910614 255.260794 4287.432129
324.619835 337.095978 4323.821320
290.848721 177.618130 4258.426849
292.491314 257.935587 4302.930542
301.900555 323.361900 4434.751099
310.027416 47.960300 4203.359528
303.985622 74.264780 4202.903046
326.620789 72.724943 4175.301819
333.139320 110.818972 4100.173187
295.335640 125.123480 4045.310486
281.645817 75.784533 4230.504272
281.684406 109.609772 4090.603546
303.227016 96.044970 4115.571350
305.905655 128.051808 4227.739838
324.714317 180.589005 4231.700134
328.462578 260.100838 4293.665771
324.451160 341.205929 4324.975708
291.057461 181.826048 4273.453125
287.937550 259.198963 4314.861420
299.061069 321.181252 4445.043365
310.193996 49.917051 4199.998260
304.289360 75.306129 4201.857971
327.284878 73.868929 4176.301300
331.647823 111.896027 4134.540894
294.393253 119.710190 4041.079376
281.571865 76.725941 4227.414642
279.772253 123.550075 4179.857300
303.661457 94.413483 4090.778503
306.210268 129.541494 4228.525909
325.038345 182.525139 4236.126801
328.442596 266.969439 4297.913086
323.864525 344.061207 4321.886627
291.326969 183.663889 4274.260895
289.526379 256.824183 4310.500946
296.421638 321.008251 4456.661407
310.633484 47.904716 4207.450562
304.470737 76.495605 4204.030792
327.708023 75.075502 4179.276398
331.266701 111.814539 4124.398041
295.261980 113.998793 4044.659546
281.505535 77.899092 4228.785187
279.856848 124.055223 4188.733704
303.405853 96.151571 4089.345337
306.400005 129.678643 4230.758606
324.950043 181.625736 4239.516632
323.570400 264.985428 4273.505859
322.700970 341.062454 4333.968292
291.799913 182.757397 4275.456207
289.298447 255.514853 4348.541382
296.286575 322.890175 4452.942535
310.597006 46.820641 4209.364105
304.543453 77.420877 4201.084259
327.979420 75.989204 4174.558319
324.588078 121.986497 4245.950775
303.930416 105.860859 4007.828705
281.401577 78.834543 4227.610199
280.414524 125.223953 4220.471283
300.509359 109.418695 4142.961639
306.465975 129.940530 4230.056580
324.907471 181.203484 4240.028320
324.664261 265.443729 4273.213898
286.780878 301.056564 4557.478271
291.964159 182.282993 4278.029480
290.160152 256.742815 4334.110291
296.462597 325.925732 4452.979065
310.354019 47.690277 4206.771057
304.845749 77.560078 4216.454407
328.108509 76.227436 4196.431824
327.406998 116.143290 4174.282288
299.892185 122.695785 4018.876282
281.802853 78.880119 4236.476990
281.857681 125.765253 4253.482727
298.011292 118.954691 4198.604370
306.705185 131.197803 4237.108978
325.236992 183.724880 4243.248688
333.577297 254.400513 4417.773102
291.355963 305.630722 4550.274261
291.969618 184.901344 4272.278412
293.517677 264.111191 4341.678223
297.116867 330.063492 4454.151031
310.757664 46.464254 4205.864685
304.665110 77.763788 4210.464386
327.940384 76.376970 4188.314026
330.945351 116.169391 4183.817871
303.399605 84.205347 4114.263977
281.633457 79.136084 4232.614746
281.627638 126.718532 4267.870148
296.771244 116.762069 4181.535461
306.620985 131.443477 4234.559326
325.162800 183.929535 4242.657898
330.829651 260.877897 4358.606506
293.855558 312.398094 4527.308716
292.070950 185.097553 4274.650635
290.189627 266.612881 4326.692596
298.136124 332.074780 4449.084412
311.021095 45.514332 4198.379974
304.441727 77.822428 4207.858704
327.687183 76.516462 4182.091919
330.922932 115.684482 4139.758850
327.302765 64.989573 4190.581604
281.479237 79.112480 4233.625488
279.975655 128.107804 4313.307129
296.123806 123.242166 4225.211609
305.616217 124.877300 4225.498077
325.326530 170.960072 4222.394989
323.421879 239.426336 4258.842133
296.346571 304.845097 4531.801575
288.415781 172.116159 4263.879913
289.237301 247.533508 4326.277039
294.868721 331.053497 4351.548340
311.052097 45.448757 4201.164459
304.372272 77.343716 4205.825684
327.715919 75.889229 4184.358673
330.906006 114.912589 4134.995728
320.235432 62.392696 4111.520416
281.265724 78.783422 4227.292694
279.250008 125.837900 4250.432098
297.974968 121.088528 4209.270172
306.172726 126.113829 4223.859467
325.251137 173.761448 4225.845245
326.633286 248.191246 4259.081909
297.763584 304.557495 4527.509491
290.794888 175.171732 4257.941254
289.828640 252.627508 4300.274048
297.597450 328.842155 4394.956696
311.388279 44.622963 4201.896698
304.353304 75.606966 4207.771637
327.546284 74.171946 4187.605408
332.998009 110.585375 4137.309723
295.945484 123.598440 4021.499817
281.381596 77.028339 4227.937866
279.035105 122.149343 4285.780609
290.821255 96.464802 4020.862610
306.211521 125.611985 4225.349762
324.495312 174.525890 4228.503937
327.659374 253.342031 4272.561584
301.806450 308.092552 4517.346863
291.724743 175.874805 4257.351837
292.396471 255.422138 4316.671143
297.704670 328.996101 4389.544830
311.456446 45.219160 4202.297150
303.294016 79.626709 4199.378357
327.791519 78.020370 4180.629364
330.524231 120.508870 4155.534119
298.380192 113.501764 4041.476532
279.014282 81.218765 4218.127350
278.709892 128.066108 4324.531036
287.437174 195.817978 4375.134338
305.768858 129.123147 4223.491425
324.444569 177.286600 4235.033661
327.262562 256.415937 4281.452820
303.528248 312.346046 4518.376282
292.082451 178.824085 4260.175323
293.226265 260.119514 4335.572571
300.532156 321.429749 4442.232788
311.499859 45.231520 4204.160706
303.725813 79.073238 4199.916412
327.555931 77.526741 4178.794647
328.134842 122.106385 4144.826569
299.190794 107.760000 4045.457153
280.134201 80.604269 4221.038177
278.790367 128.436021 4314.484589
287.342159 196.186295 4382.284790
306.058537 129.747479 4225.352234
324.535515 179.111961 4236.270996
327.305992 258.105343 4282.734650
305.209087 314.652866 4503.278320
292.301285 180.513714 4265.305115
293.423264 261.912500 4338.747070
301.670717 320.578205 4441.175354
311.616657 44.735453 4203.915436
303.792795 78.922520 4200.379486
327.421349 77.348763 4177.983307
328.323292 121.373297 4145.825500
299.523216 103.905413 4045.348389
280.414867 80.479557 4222.775665
279.295275 128.563119 4310.087036
287.161915 195.385735 4393.604279
306.153191 130.259949 4226.425873
324.613003 180.268410 4236.985657
327.621712 259.322800 4286.071472
306.604935 316.487446 4490.527863
292.473427 181.663467 4267.958862
294.349926 263.575470 4335.106476
301.988102 323.079037 4431.637299
