-391.164061 55.026018 3211.106616
-391.238274 95.499900 3196.500183
-361.424753 94.936913 3188.186572
-347.237672 151.631225 3226.230103
-343.763361 210.129584 3164.945581
-420.897089 96.059924 3204.813794
-433.070975 155.472514 3252.400122
-440.699913 207.251537 3148.555225
-391.404771 136.864590 3174.703198
-371.825739 178.572210 3147.469592
-371.944492 262.922974 3216.266125
-370.279770 342.269623 3215.585010
-411.253386 179.029454 3158.342834
-410.115427 262.762436 3236.018225
-412.138618 341.746834 3195.399939
-390.965295 52.980203 3209.453943
-392.153050 97.664275 3202.434888
-362.443318 96.443500 3191.703662
-347.665613 151.512103 3225.631274
-343.984717 210.044428 3165.146814
-421.664337 98.876880 3213.166113
-432.898517 156.875024 3254.249670
-438.245833 208.547390 3136.861670
-391.773784 138.532036 3173.132300
-371.611464 179.533738 3136.810144
-371.738901 264.266428 3202.298767
-370.835275 343.430846 3209.977661
-411.075288 180.786733 3150.849280
-410.468097 264.511432 3232.323230
-411.944403 344.316751 3195.238696
-391.106607 54.562301 3208.117346
-391.952170 97.272768 3201.043176
-362.222859 96.445006 3190.083289
-347.768056 152.521825 3227.291638
-343.591800 210.915690 3164.747168
-421.478613 98.094859 3212.003064
-432.145175 154.766982 3256.366589
-436.544197 206.631496 3136.144153
-391.997319 138.513995 3178.410754
-372.346829 179.987425 3148.611621
-372.703986 264.094098 3222.162378
-371.669911 341.110034 3234.911060
-411.650116 180.704430 3162.945044
-411.024564 263.495366 3257.758557
-412.546980 341.521632 3215.297131
-391.699571 54.893630 3209.023535
-391.889397 96.557783 3200.428967
-362.124998 95.837414 3191.809790
-347.593900 152.963544 3229.495203
-343.461639 211.163931 3163.505933
-421.493930 97.274306 3209.048145
-431.902158 153.147185 3257.956714
-436.044672 205.324972 3139.138037
-391.836845 137.916561 3179.742480
-372.082278 179.488957 3153.419678
-371.855122 263.748125 3219.587109
-370.393716 341.418965 3223.896057
-411.414661 180.143797 3164.692310
-410.135133 262.886604 3260.430469
-411.830168 341.464499 3202.519226
-391.702487 54.757301 3208.419067
-391.747540 96.121335 3200.028552
-361.964429 95.462137 3192.587036
-347.605659 152.256521 3232.389624
-343.010660 210.195834 3163.192163
-421.392416 96.777489 3207.470068
-434.530490 151.934148 3279.409424
-435.457091 201.933636 3143.567725
-391.647821 137.569066 3180.926807
-371.851790 179.210195 3156.959070
-371.761748 263.456465 3221.287207
-370.076486 341.801051 3219.061340
-411.181448 179.824004 3166.691052
-410.146124 263.026474 3250.728479
-412.275060 341.260030 3201.007288
-392.261742 54.615509 3195.004907
-391.846587 96.275480 3194.075903
-361.990929 95.665164 3189.058667
-347.442078 152.201678 3236.078979
-342.365561 210.125610 3168.662366
-421.608614 96.883889 3199.093140
-433.266504 150.768343 3270.191418
-435.520345 201.798205 3141.699463
-391.494685 138.102541 3181.986035
-371.475920 179.933704 3166.614917
-371.426285 264.019469 3227.905591
-370.167105 342.252800 3219.730408
-410.763634 180.562958 3173.177417
-409.988150 263.606973 3257.046680
-412.285570 341.915927 3206.194739
-391.658235 55.497441 3201.428467
-391.590623 96.648578 3196.750891
-361.761850 96.187985 3190.887964
-347.440604 152.703495 3236.548352
-341.504297 210.853285 3175.842407
-421.310193 97.107504 3202.613818
-432.616342 151.116046 3261.171313
-435.828891 202.710210 3135.729382
-391.560439 138.337660 3181.985266
-371.854962 180.213155 3163.385706
-372.096474 264.706096 3213.120740
-370.998152 343.421201 3207.783069
-411.157448 180.617255 3171.053577
-410.969128 264.004536 3247.588477
-412.728667 342.439934 3195.822400
-391.610522 56.111490 3206.218835
-391.656569 96.795978 3198.905237
-361.850098 96.364112 3192.520386
-346.836969 153.636552 3234.509619
-340.180197 211.694859 3171.981812
-421.344319 97.226145 3205.290088
-436.162912 150.989907 3276.033838
-435.230768 200.542117 3136.693506
-391.740747 138.383931 3182.344153
-372.144571 180.232237 3161.607935
-371.997844 264.684883 3214.818787
-371.345087 342.922124 3214.420422
-411.455132 180.581287 3169.958203
-410.554678 264.054204 3245.396704
-412.763594 341.437006 3201.214417
-391.669194 54.479517 3207.427771
-391.690343 95.482709 3202.200586
-361.908609 95.227867 3196.733716
-342.745116 154.263947 3251.353711
-333.016594 212.577319 3201.034717
-421.370563 95.736685 3207.667456
-433.866678 150.615976 3263.385132
-438.127272 202.164926 3139.125220
-391.943198 137.051660 3186.157581
-372.538257 178.967418 3166.539551
-371.762421 262.994815 3229.993542
-371.301828 342.982237 3219.516614
-411.814723 179.115058 3173.689600
-410.662120 262.455331 3251.225281
-412.793010 340.239093 3204.193433
-390.861122 55.007897 3207.570557
-390.758615 95.944215 3201.584839
-360.968582 95.664828 3196.018250
-340.094994 156.626944 3263.608154
-326.004877 214.912294 3215.556042
-420.445244 96.222640 3207.151428
-432.807033 153.579643 3259.670911
-436.946054 205.634207 3131.510413
-390.970871 137.548366 3186.054785
-371.526389 179.471830 3166.884595
-370.574538 263.757738 3221.176978
-370.189600 345.054648 3217.150269
-410.799010 179.648165 3174.164868
-409.305272 263.300574 3242.115967
-411.420140 342.612808 3202.955273
-390.531523 54.878778 3207.167834
-390.419083 95.928369 3201.462817
-360.623506 95.594685 3196.420715
-337.475217 158.968584 3262.464844
-322.068466 217.443102 3226.394165
-420.120932 96.260996 3206.504919
-432.395723 152.914197 3265.491284
-435.085226 205.178020 3137.236194
-390.505536 137.545466 3186.171680
-370.931181 179.430798 3167.583398
-371.245335 263.514304 3227.754858
-370.364525 343.483333 3218.276917
-410.213640 179.696807 3174.177686
-409.599591 263.376965 3241.513293
-411.840102 341.791182 3204.142419
-390.137036 55.254840 3208.074536
-390.027960 96.131172 3201.248511
-360.228795 95.772942 3196.303821
-336.276343 160.000800 3264.042664
-320.228467 218.699606 3236.710107
-419.735193 96.488264 3206.193201
-432.089259 152.596870 3263.731201
-433.616002 205.732324 3143.299841
-390.078108 137.726239 3185.380847
-370.457259 179.586690 3166.279614
-371.261646 263.864090 3221.357446
-370.254840 345.010748 3220.304370
-409.760193 179.888555 3172.746753
-410.001865 263.473096 3243.437183
-411.829271 342.232965 3206.079126
-390.797804 54.908466 3209.035840
-390.295811 95.874088 3202.109326
-360.504849 95.416090 3201.369250
-334.486748 159.848401 3261.132092
-319.312857 219.281516 3245.040125
-420.072995 96.331828 3202.849402
-431.887033 152.862415 3266.304163
-432.563503 206.116974 3146.732336
-389.860117 137.432913 3185.867651
-369.732243 179.127747 3169.141992
-371.296829 263.252412 3226.818677
-369.619547 342.845636 3220.645569
-409.101700 179.707446 3170.109961
-409.395538 263.351555 3241.329492
-411.633774 341.992767 3201.786072
-390.778738 54.828101 3211.590857
-390.285237 95.562433 3203.463098
-360.503087 95.022885 3201.903479
-335.037350 157.826443 3259.108997
-319.094321 216.242097 3235.838269
-420.038420 96.101452 3205.022717
-431.827016 152.946465 3267.867371
-432.295395 206.016341 3145.970471
-389.808142 137.079025 3186.706421
-369.650725 178.704934 3168.929993
-371.551094 263.054448 3218.994177
-371.207973 343.531078 3221.972424
-408.988651 179.363892 3170.969495
-410.255809 262.864238 3244.941431
-412.095872 341.802141 3203.235461
-390.932675 55.146325 3209.707214
-390.558760 95.960861 3202.726611
-360.766612 95.414825 3202.139575
-335.792935 156.221690 3257.590649
-319.294913 213.876890 3231.681592
-420.339949 96.506689 3203.313647
-431.725534 152.982337 3264.823755
-432.237524 206.217654 3143.833813
-389.988098 137.505091 3186.331384
-369.730257 179.128452 3169.552405
-371.714420 263.336975 3223.851709
-371.101364 343.158476 3217.144629
-409.088049 179.829595 3170.319910
-410.262538 263.190633 3248.153467
-412.389551 342.144333 3204.414404
-390.908835 54.586301 3210.868726
-390.411424 95.426072 3203.731238
-360.632735 94.801785 3201.167249
-336.095329 155.307859 3259.962378
-319.439172 212.484521 3229.813586
-420.142465 96.049349 3206.295227
-431.680577 153.185797 3268.617444
-432.166035 206.133572 3144.947131
-389.892160 136.965816 3187.553137
-369.699687 178.561251 3169.698267
-371.838652 262.785603 3223.750195
-370.650961 342.747102 3215.446069
-409.014734 179.297129 3173.051807
-410.468994 262.735007 3247.257275
-412.430086 341.342349 3204.932739
-391.318831 54.786477 3209.875378
-390.821196 95.722009 3202.982703
-361.037924 95.142760 3199.247974
-336.322485 155.073285 3258.520166
-318.793016 212.094697 3228.220898
-420.535126 96.299897 3206.717432
-431.676315 152.826302 3266.834546
-432.561740 205.865433 3143.746655
-390.464008 137.280579 3186.920728
-370.437071 178.942104 3168.416528
-372.613943 263.320665 3217.975452
-371.624986 343.877884 3214.962085
-409.739076 179.577782 3173.300977
-411.809180 263.162723 3242.548938
-413.119693 342.614474 3202.079846
-391.273201 55.509505 3212.016907
-390.642073 96.186111 3203.811987
-360.863351 95.546780 3200.939099
-335.874326 155.782054 3259.930591
-316.578589 212.801079 3227.850732
-420.367442 96.824288 3206.684875
-431.704353 153.092246 3264.315930
-432.345383 205.983897 3139.115479
-390.143893 137.670035 3186.380859
-369.958214 179.237240 3167.070959
-371.481175 263.754085 3213.217126
-370.239203 343.808157 3216.941345
-409.298991 179.982923 3170.828503
-410.791127 263.507607 3243.749158
-411.800175 341.635931 3200.224402
-391.495070 54.789056 3209.388062
-390.705455 95.699963 3203.032434
-360.926990 94.907064 3198.874219
-335.652425 156.148407 3261.126196
-315.697650 213.131687 3233.223267
-420.406696 96.490780 3207.190649
-431.714127 153.538211 3265.666370
-433.144514 205.908179 3134.867798
-390.070226 137.281187 3187.617480
-369.773483 178.814891 3169.483191
-371.660298 263.207616 3217.917773
-370.829572 342.590378 3219.620435
-409.050558 179.717363 3174.921863
-410.501390 263.074155 3249.788196
-411.801137 341.202223 3207.198596
-391.262050 55.433627 3208.075049
-390.605736 96.306866 3201.905017
-360.821535 95.424534 3196.957507
-335.910567 155.780965 3259.089258
-316.923761 212.867777 3230.295776
-420.298036 97.186427 3206.852527
-431.650072 153.469991 3264.092908
-433.548486 205.815349 3132.604248
-389.902734 137.918580 3186.777429
-369.539182 179.430446 3168.414478
-371.379533 263.818460 3217.849329
-370.942717 343.126273 3212.994360
-408.806868 180.423008 3174.885205
-410.224310 263.801862 3248.883545
-411.924248 342.669749 3202.778906
-391.312358 56.391566 3207.958411
-390.425684 96.991795 3201.471021
-360.640169 95.962704 3196.572473
-335.749837 157.997427 3257.576550
-317.540373 215.722929 3220.483044
-420.120163 98.017747 3206.369568
-431.764915 153.622165 3264.198523
-433.239908 205.884627 3131.879553
-389.511900 138.596267 3186.085547
-368.930612 180.009904 3167.496753
-371.163336 264.303470 3220.335645
-370.260512 344.024707 3211.560095
-408.208264 181.197867 3173.903394
-409.616959 264.549275 3248.857141
-411.841447 342.869476 3200.644043
-391.791760 56.422392 3209.988940
-390.610767 97.008618 3202.655603
-360.840408 95.826871 3197.892407
-335.294659 159.531876 3258.387891
-317.996960 217.772813 3224.356458
-420.292685 98.186840 3207.418799
-431.728162 154.322266 3268.390320
-432.669662 206.218263 3133.000049
-389.467007 138.599375 3187.449829
-368.665068 179.891167 3169.129175
-371.431316 264.228616 3218.375098
-370.439955 343.513101 3212.265308
-407.920963 181.285137 3175.358936
-410.360207 264.540559 3250.647729
-412.196906 341.847034 3201.411292
-392.128024 55.890214 3209.965356
-390.852919 96.560314 3202.251599
-361.078844 95.304803 3198.196436
-335.246530 160.165439 3257.242017
-318.198546 218.844138 3222.107776
-420.551692 97.812653 3206.306763
-431.818011 154.359261 3268.295471
-432.825041 206.046110 3130.760852
-389.552852 138.135306 3186.735132
-368.585023 179.358348 3168.566748
-371.998581 263.708167 3217.327917
-370.149289 342.845604 3210.210168
-407.862259 180.874660 3173.870581
-410.400645 264.060677 3252.035083
-412.649423 341.293002 3197.641443
-391.493564 56.526292 3209.430615
-390.879355 97.010893 3201.566382
-361.092975 96.230090 3196.796521
-336.642087 160.491833 3252.982800
-318.986398 218.967906 3223.963220
-420.577103 97.789373 3206.336243
-431.740242 154.400981 3268.050146
-432.975677 206.062836 3130.101526
-390.323080 138.576544 3185.316504
-370.088663 180.135178 3165.946875
-373.360909 264.421390 3219.028271
-371.968428 344.941823 3208.217322
-409.394769 181.000960 3172.186377
-411.998685 264.058049 3254.306580
-414.163637 342.073549 3201.737622
-391.499844 55.718589 3209.664404
-391.152141 96.538188 3202.751990
-361.371272 95.920070 3198.211560
-337.816415 160.726840 3249.778711
-319.362524 218.910596 3219.615820
-420.848735 97.154560 3207.292419
-431.788403 153.898892 3269.351367
-432.947255 205.856348 3134.789099
-390.796939 138.130595 3187.359595
-370.784230 179.797039 3168.998181
-372.389063 263.921031 3226.158325
-370.807750 343.217564 3213.914136
-410.055602 180.455644 3174.936218
-410.983740 263.601846 3254.623938
-413.616687 341.008841 3205.176013
-391.683934 55.749735 3210.345776
-391.285025 96.484644 3203.591016
-361.512199 95.922890 3198.666064
-338.446165 160.516187 3254.499353
-319.538091 218.838146 3232.905908
-420.966431 97.044635 3208.515967
-431.762096 153.386694 3268.186780
-432.954465 205.245905 3132.635779
-391.052261 138.039672 3187.553650
-371.160933 179.729059 3168.295789
-372.049754 264.107140 3217.787292
-370.707550 342.869669 3211.771069
-410.433490 180.300330 3174.736780
-410.493507 263.563939 3252.291174
-413.266035 341.485039 3203.851978
-391.418390 55.488004 3209.611597
-391.134966 96.262935 3202.769165
-361.363293 95.667327 3196.538123
-339.273816 160.896927 3261.036218
-319.681357 218.749979 3237.105139
-420.791025 96.856236 3209.000208
-431.688171 153.386902 3272.059937
-433.397754 205.444894 3139.024731
-390.958759 137.839481 3186.956616
-371.129851 179.545065 3167.069165
-371.686734 263.983035 3216.259717
-370.407014 341.367760 3213.053833
-410.381323 180.115567 3175.218970
-410.206750 263.412277 3252.014319
-412.947523 341.672301 3202.693286
-390.732243 55.700629 3210.811304
-390.482016 96.339871 3203.189063
-360.712491 95.704866 3196.960840
-339.479887 160.707117 3257.487341
-319.740958 218.682816 3234.144580
-420.135992 96.972409 3209.417285
-431.752835 153.216206 3273.857959
-433.182262 205.453610 3143.096558
-390.245888 137.912123 3187.390356
-370.358629 179.586850 3167.518799
-371.088098 264.015623 3216.787537
-370.421178 340.895984 3212.507556
-409.605775 180.209390 3175.664502
-409.357919 263.549808 3251.114539
-412.050531 341.421048 3203.860693
-390.927356 54.913449 3211.295032
-390.588689 95.747756 3203.963489
-360.826085 95.113664 3197.740649
-339.550031 158.391673 3255.071521
-320.614975 216.151511 3230.275012
-420.235936 96.379397 3210.186328
-434.063104 153.365016 3296.942322
-432.439046 202.611356 3146.203491
-390.349516 137.323004 3188.511621
-370.467801 178.992075 3168.990491
-371.691412 263.428139 3216.731653
-371.218291 341.364972 3218.734241
-409.697868 179.613526 3177.129016
-410.375267 262.919994 3252.373975
-412.733025 340.713849 3202.853247
-391.002017 54.834061 3209.522900
-390.737563 95.918628 3203.722266
-360.973549 95.316307 3197.343823
-339.589220 156.587162 3254.986157
-321.270872 214.421693 3232.298877
-420.383304 96.518578 3210.100708
-433.062387 152.590109 3286.755066
-432.754546 203.295419 3146.222974
-390.544565 137.529765 3188.972021
-370.717612 179.240348 3170.050488
-372.064302 263.841916 3209.506494
-371.548787 341.855461 3219.992139
-409.930408 179.814134 3178.393066
-410.288397 263.274939 3248.630786
-412.902278 341.888690 3202.281335
-391.335461 54.425139 3208.112988
-390.952798 95.638376 3203.122412
-361.185773 95.036616 3196.449170
-339.628473 155.765856 3258.062585
-321.597491 213.497415 3227.605920
-420.596072 96.237653 3209.795654
-432.321542 153.169872 3274.718774
-432.939212 204.913550 3140.787634
-390.781622 137.269171 3188.659277
-370.978798 178.997667 3169.832336
-372.342760 263.495718 3213.987964
-371.165163 340.623935 3221.031885
-410.185025 179.560254 3178.559949
-410.846626 263.039580 3248.278821
-412.909904 342.007539 3203.021667
-390.841063 54.011730 3210.111475
-390.693118 94.967642 3204.489001
-360.937564 94.412810 3197.840112
-339.630876 157.514612 3257.097180
-320.943228 215.369810 3217.926489
-420.325433 95.520184 3211.137891
-431.979414 152.954507 3273.205298
-432.507042 205.086344 3142.398267
-390.598270 136.549283 3189.386792
-370.872382 178.275183 3169.936670
-372.025017 262.755418 3215.440686
-370.429541 341.180626 3216.717810
-410.079025 178.777304 3178.632495
-410.369275 262.307611 3247.589246
-412.668425 341.203986 3202.291333
-390.705743 54.608892 3208.969446
-390.697092 95.543591 3204.062695
-360.950798 94.939764 3196.039014
-339.655486 158.850151 3259.710132
-320.410281 216.863196 3218.737061
-420.294800 96.144374 3212.086377
-431.989861 151.755970 3276.268140
-432.646046 203.701538 3144.161938
-390.638068 137.148784 3189.294507
-370.960725 178.881285 3169.279138
-371.781871 263.269043 3218.706042
-371.114214 341.911089 3215.686267
-410.131512 179.400037 3179.773499
-410.027307 262.582608 3256.738293
-412.616835 342.160515 3201.359766
-390.539374 55.470637 3209.436511
-390.377682 96.120806 3203.828906
-360.623346 95.527922 3196.314075
-339.670161 159.710133 3261.052112
-320.153645 217.695557 3222.110339
-419.992822 96.710902 3211.343738
-431.826279 152.565163 3274.553687
-432.808058 204.415562 3140.559229
-390.285654 137.739938 3189.246826
-370.571814 179.480081 3169.750562
-371.501202 263.905618 3217.067725
-370.598763 342.188873 3214.612427
-409.753047 180.001925 3179.578931
-409.859592 263.217902 3255.568323
-412.286884 342.426572 3198.549426
-391.176302 55.331921 3208.649524
-390.342723 96.254059 3203.807373
-360.585855 95.304275 3197.986230
-339.460950 160.146629 3258.047974
-320.004964 218.095651 3220.352563
-419.991637 97.200382 3209.628516
-431.681955 153.241553 3269.952759
-433.421786 205.798798 3142.035791
-389.598514 137.878766 3189.636218
-369.221855 179.349055 3171.657788
-370.507407 263.780457 3216.773950
-369.626083 341.370419 3214.987720
-408.426480 180.399760 3179.272339
-409.002846 263.858162 3248.379565
-411.479709 342.520042 3198.205151
-391.706877 54.872882 3208.245007
-390.479741 96.003207 3204.000403
-360.719028 94.943001 3200.059827
-339.333000 160.371719 3252.863855
-319.925336 218.392165 3215.702417
-420.167331 97.060785 3207.940979
-431.475980 154.431438 3269.905847
-433.282077 206.858379 3139.928870
-389.414777 137.656352 3190.713647
-368.722522 179.026923 3174.850085
-371.030324 263.400357 3218.032874
-370.728378 341.266791 3219.894983
-407.927531 180.287737 3180.003699
-410.007248 263.704129 3248.475696
-412.124712 342.104054 3202.268005
-391.137401 55.372456 3208.576978
-390.213300 96.337772 3203.967334
-360.444543 95.384351 3200.721204
-339.291664 160.492474 3254.484741
-319.857436 218.529968 3212.417322
-419.921814 97.289287 3207.213464
-431.653436 153.448666 3273.405249
-433.090842 205.963630 3145.416248
-389.252733 137.964674 3189.935889
-368.651321 179.386562 3173.781885
-371.521902 263.869986 3212.619067
-370.910161 341.659932 3213.782629
-407.889752 180.531427 3178.027002
-410.604858 263.977492 3246.439270
-412.304988 342.583553 3200.554578
-391.249649 55.408504 3209.259375
-390.233839 96.366852 3203.497449
-360.467166 95.336430 3198.882935
-339.246643 160.351003 3251.061987
-319.855257 218.606408 3218.967261
-419.914893 97.394293 3208.111963
-431.596687 153.736448 3272.744897
-432.641272 206.425264 3146.451636
-389.285161 137.969897 3188.759766
-368.689037 179.359133 3171.004614
-371.317818 263.819646 3214.155615
-371.103223 342.048875 3209.569043
-407.928973 180.558392 3177.039551
-410.455728 264.034305 3245.713037
-412.440372 342.115878 3202.030371
-391.276213 54.562749 3207.486731
-390.392390 95.803512 3203.664587
-360.633119 94.765849 3197.882666
-339.222098 160.376060 3249.336255
-319.874194 218.590835 3216.455823
-420.044476 96.837442 3209.446509
-431.611652 153.748544 3273.905896
-432.027383 206.849776 3152.683960
-389.512477 137.453613 3190.054065
-369.007388 178.876382 3172.662671
-371.442947 263.115042 3222.779407
-371.408949 341.275475 3214.317883
-408.195959 180.043501 3180.224414
-410.536157 263.269684 3253.853870
-412.573961 341.136053 3207.520313
-390.440327 55.508144 3208.187842
-389.889597 96.319411 3203.816345
-360.126480 95.453934 3197.999048
-339.189638 160.230968 3245.872998
-319.870670 218.612865 3215.635767
-419.544823 97.181765 3209.633643
-431.586530 153.546767 3271.713354
-431.781866 206.849103 3152.468372
-389.257892 137.963072 3189.936401
-368.997903 179.500461 3172.252258
-371.417152 263.941315 3214.634985
-371.198135 341.883083 3213.995911
-408.196440 180.439831 3179.860657
-410.764243 263.911546 3246.411841
-412.387820 342.823077 3203.594861
-390.625731 55.399068 3208.015320
-390.047923 96.294482 3203.760974
-360.288139 95.457571 3197.240515
-339.119174 160.796182 3250.422913
-319.871663 218.689192 3203.595117
-419.686839 97.128012 3210.281433
-431.653629 153.392542 3276.638818
-431.954132 206.207288 3152.924158
-389.517540 137.932567 3189.688770
-369.361020 179.500381 3171.352734
-372.140662 263.968872 3213.471936
-370.832295 341.504297 3216.998254
-408.551321 180.377779 3179.880396
-411.082594 263.591560 3253.401929
-412.591360 341.781761 3203.244177
-390.600673 54.497445 3206.867651
-390.202821 95.825910 3205.086035
-360.440923 95.222868 3201.388220
-339.057971 161.156639 3247.982996
-319.756627 218.905758 3195.928784
-419.896115 96.427558 3208.783850
-435.304179 153.171153 3296.361438
-431.432913 202.983220 3153.678333
-389.759116 137.503633 3192.349658
-369.697380 179.181548 3177.194897
-372.033092 263.478415 3220.916528
-371.027151 340.420427 3223.896313
-408.896558 179.848453 3182.031665
-411.006427 263.153142 3252.585974
-412.679095 341.567743 3200.294641
-390.550845 54.343460 3207.871252
-390.307571 95.686024 3205.830981
-360.544583 95.272664 3204.019629
-339.442845 158.740627 3251.497778
-320.712291 216.431987 3211.461401
-420.036946 96.098936 3207.642334
-433.793266 151.370904 3291.536975
-432.155750 202.516411 3158.148267
-389.986304 137.347005 3192.900549
-370.044411 179.105493 3178.785535
-372.024440 263.467584 3218.566333
-371.048172 341.551881 3219.227197
-409.265762 179.587907 3181.154700
-411.017674 263.021988 3249.374963
-412.587515 342.329480 3198.924976
-391.116092 54.846142 3209.966382
-390.601346 95.940097 3206.362646
-360.841017 95.477197 3205.298035
-339.466974 157.143917 3256.949524
-321.303909 214.614498 3207.072217
-420.341872 96.402708 3207.427258
-432.715292 151.876053 3280.421484
-432.581030 204.208818 3155.089783
-390.162863 137.546844 3192.361194
-370.090649 179.233138 3177.663757
-372.037450 263.564868 3219.972656
-370.378239 341.610489 3214.205090
-409.341769 179.807037 3179.055725
-410.645970 263.283783 3247.927112
-412.736806 342.171506 3197.998792
-390.857277 55.195191 3211.541895
-390.316608 96.092736 3206.221912
-360.555318 95.523196 3205.480554
-339.476427 156.526840 3259.146423
-321.750050 213.736123 3198.731689
-420.064151 96.661988 3206.963269
-432.192087 152.650607 3276.076135
-432.313019 205.417657 3153.142822
-389.713165 137.638792 3190.874634
-369.455452 179.223189 3175.042603
-371.479701 263.526160 3221.079565
-369.220734 342.291284 3211.532153
-408.746306 179.949582 3176.012109
-410.372255 263.485016 3245.140100
-411.869710 343.418637 3198.757581
-390.939148 54.909251 3209.159143
-390.407195 95.988963 3205.048352
-360.642828 95.333723 3201.931934
-339.480304 155.942143 3260.740649
-321.886908 213.343254 3207.733594
-420.113754 96.642938 3208.164771
-431.885046 153.049997 3274.475244
-432.669278 205.720564 3149.219678
-389.861655 137.607101 3190.957690
-369.678378 179.215899 3174.828809
-372.047351 263.520328 3220.735291
-370.802174 342.312914 3214.395813
-408.918988 179.972445 3178.905249
-410.652924 263.189671 3254.237109
-412.624077 341.964217 3205.548230
-391.297073 54.992821 3208.482642
-390.431003 96.092191 3205.162427
-360.684773 95.147646 3199.779639
-339.579959 155.938875 3261.529688
-322.042896 213.110571 3201.700195
-420.077481 97.033548 3210.545215
-431.674745 153.512528 3274.306055
-432.879547 205.929119 3145.716174
-389.641580 137.749326 3192.100745
-369.241722 179.219087 3175.518896
-371.492487 263.470020 3222.935779
-370.226610 341.679671 3215.016174
-408.406229 180.277290 3182.559229
-410.150803 263.632736 3251.419336
-412.178545 342.246167 3204.662036
-390.948633 54.062487 3208.149133
-390.303246 95.333194 3206.785620
-360.561118 94.525939 3202.638684
-339.530292 156.023181 3261.416895
-321.968875 213.132953 3192.632410
-419.968565 96.138382 3210.932556
-431.734442 153.328455 3272.477527
-432.956131 205.939085 3145.526733
-389.600404 137.000070 3194.456836
-369.300201 178.529448 3179.416406
-372.147775 262.787334 3222.026514
-370.848926 341.691206 3218.620166
-408.450737 179.449416 3184.839697
-410.939969 262.919930 3248.372900
-412.634203 341.668167 3203.523853
-391.227859 52.788872 3206.931226
-390.499352 94.372499 3207.522363
-360.757384 93.640386 3204.708948
-339.577844 156.246652 3257.153577
-322.097658 213.247364 3187.520325
-420.189153 95.103346 3210.335779
-431.667407 152.777051 3275.199426
-432.967282 205.163905 3146.491882
-389.766678 136.131773 3197.773975
-369.466443 177.713253 3186.185779
-372.258293 261.805009 3229.036597
-370.935732 341.165245 3218.546594
-408.570131 178.579083 3189.865393
-411.050006 262.160403 3246.381335
-412.850208 341.329980 3206.373926
-390.604742 53.571597 3207.389575
-389.954997 95.162242 3207.817932
-360.213350 94.472363 3207.158862
-339.628729 155.609596 3259.766016
-322.003514 213.217195 3208.977136
-419.684404 95.851849 3208.477002
-431.623956 152.029493 3277.365051
-432.954529 204.406622 3149.192249
-389.126001 136.876575 3197.032617
-368.710474 178.430450 3185.816125
-371.389691 262.672682 3222.111365
-369.812833 343.591800 3210.455237
-407.867033 179.316067 3186.678479
-409.821043 262.930824 3245.195728
-411.852182 343.338304 3196.118225
-391.354976 55.024319 3209.199390
-390.342787 96.101420 3207.823315
-360.604184 95.283158 3208.124780
-339.372350 155.511431 3262.122876
-321.939043 212.954775 3217.828564
-420.086966 96.919810 3207.521851
-435.389255 152.193812 3293.343201
-432.162607 202.354047 3152.377625
-389.275195 137.733849 3195.187939
-368.597328 179.152373 3182.749695
-371.713586 263.440796 3219.702209
-370.553453 343.893842 3204.642810
-407.803331 180.241466 3182.355432
-409.970847 263.947307 3240.930615
-412.590335 343.464075 3194.467859
-390.547096 53.848228 3210.084045
-390.130499 95.100558 3209.455481
-360.399747 94.671817 3209.994067
-339.401317 155.424417 3258.027722
-321.881012 212.821779 3216.521704
-419.871185 95.529476 3208.916895
-433.528619 153.133086 3282.312305
-432.876375 204.789221 3150.835181
-389.590247 136.749202 3197.563000
-369.456862 178.417072 3186.022742
-372.651242 262.561203 3225.820715
-371.257672 342.753928 3213.615491
-408.639505 179.000631 3185.318298
-411.132646 262.605583 3245.005774
-413.896170 340.255435 3202.544348
-390.277515 55.032234 3208.957397
-390.309045 96.104656 3208.265259
-360.564322 95.972108 3209.416003
-339.511995 155.188049 3255.993347
-321.837849 212.779417 3215.826233
-420.075110 96.237284 3207.114514
-432.644380 151.805958 3278.334814
-432.445230 204.525968 3156.670679
-390.146777 137.758122 3195.913147
-370.378816 179.627721 3184.313672
-372.439723 263.865756 3222.719934
-371.400041 344.949834 3207.341895
-409.597028 179.841980 3182.808398
-411.384828 263.455568 3244.468213
-413.615149 342.783440 3199.588403
-390.923639 53.894195 3208.362671
-390.785724 95.088094 3208.675159
-361.042635 94.949249 3209.433948
-339.474600 155.273829 3255.435278
-321.892644 212.690401 3221.091614
-420.542912 95.226986 3207.916370
-432.097206 152.848315 3271.658240
-432.357976 206.226659 3154.586316
-390.642938 136.753400 3196.767041
-370.902663 178.625787 3185.355212
-372.366248 262.914162 3221.529456
-370.739914 343.104483 3212.596765
-410.101680 178.834838 3184.362634
-411.361725 262.504230 3244.132397
-412.980080 341.370099 3203.325696
-390.727533 53.104163 3208.591333
-390.683345 94.446375 3209.709521
-360.948651 94.346720 3210.263232
-339.575473 155.027719 3258.854956
-321.886139 212.713344 3220.305396
-420.428293 94.546078 3209.155811
-431.868384 152.118814 3274.065344
-432.760506 205.898550 3161.849927
-390.602628 136.140072 3198.827563
-370.943037 178.043269 3188.307825
-371.941159 262.311649 3222.566125
-370.133459 342.541864 3214.193811
-410.104211 178.193536 3187.583386
-411.307828 261.821992 3246.517969
-412.379457 341.356801 3205.408008
-390.881117 53.174274 3208.755652
-390.979362 94.622823 3209.645691
-361.243547 94.619778 3209.817700
-339.624756 154.328755 3260.612988
-324.243320 212.472697 3219.428174
-420.718350 94.625867 3209.473682
-435.528163 150.874246 3297.857739
-432.376273 201.637555 3164.800488
-391.073891 136.286366 3197.995459
-371.580894 178.249644 3186.457764
-372.360800 262.650732 3216.532471
-370.953964 343.702094 3209.772070
-410.758699 178.259562 3186.232690
-411.219131 261.985030 3243.530750
-413.223322 342.034488 3198.403052
-390.627461 54.016184 3207.248840
-390.905695 95.287917 3207.895349
-361.155588 95.247269 3206.714612
-339.839351 153.948848 3260.423804
-325.397717 212.319177 3223.031140
-420.633916 95.328548 3209.076086
-433.678070 151.063495 3289.735620
-433.089816 202.729147 3160.589209
-391.056491 136.960881 3195.857007
-371.608324 178.942504 3183.046545
-372.096346 263.459317 3211.705444
-370.148520 343.933063 3214.650879
-410.799106 178.955498 3184.590784
-410.854958 262.675278 3243.270557
-412.529709 342.876334 3195.796509
-391.166977 56.147042 3195.457361
-391.339659 97.719278 3202.150854
-361.547319 97.490472 3198.523792
-339.759883 154.870290 3262.429211
-324.156226 212.815530 3218.487891
-421.064580 97.947572 3205.777917
-436.500586 151.503708 3303.480469
-432.385854 200.862408 3158.964478
-391.344626 139.661440 3195.033875
-371.785588 181.703208 3185.544653
-371.988872 266.102005 3215.716516
-370.611356 345.062050 3216.440955
-410.884534 181.878374 3190.289136
-411.065195 265.346709 3250.559033
-412.555984 344.488055 3206.195764
-390.455836 56.365611 3201.636108
-390.937674 97.717451 3204.816614
-361.165393 97.780321 3204.447217
-339.723962 155.912695 3263.438965
-323.367444 213.267343 3213.678296
-420.703098 97.654598 3205.186011
-435.491313 154.047045 3287.989893
-432.683569 204.862104 3150.493213
-391.136952 139.572086 3196.218457
-371.760594 181.700212 3187.378564
-371.626909 266.183075 3210.023291
-370.754782 343.381339 3217.941101
-410.911066 181.604819 3187.862036
-410.869345 265.319183 3242.351294
-412.493660 341.787048 3200.130322
-390.578723 55.945985 3204.755090
-391.208569 97.258589 3206.292151
-361.445805 97.402929 3206.202173
-339.704384 157.773843 3263.445374
-323.719249 215.612411 3221.893469
-420.969635 97.114249 3206.382129
-433.651859 153.963364 3278.256628
-432.350670 206.061378 3149.902332
-391.517949 139.038098 3196.261011
-372.246373 181.177199 3186.171167
-372.100351 265.599724 3214.108704
-371.128409 342.502963 3217.558887
-411.411488 180.984169 3186.288574
-411.509990 264.648225 3244.072925
-412.936789 341.285696 3197.283325
-390.905759 55.776251 3206.301123
-391.517308 97.063829 3207.012744
-361.762651 97.177792 3205.452869
-339.629434 157.377177 3268.145508
-322.959338 215.029877 3216.892126
-421.243030 96.949963 3208.572620
-432.623904 153.550163 3274.606750
-432.037990 206.328365 3151.681384
-391.905322 138.799695 3196.118738
-372.708952 180.922918 3184.204724
-372.443568 265.362090 3214.291992
-371.339223 342.275391 3217.574268
-411.870479 180.719266 3186.244739
-411.633261 264.608940 3236.459143
-413.188971 341.848412 3201.659949
-390.618906 55.381268 3207.066833
-391.277911 96.659344 3207.479553
-361.524728 96.806152 3206.573621
-340.051094 157.374774 3266.854028
-324.766173 214.134856 3199.676331
-421.014272 96.512634 3208.385486
-432.170522 153.098190 3273.553418
-432.724713 205.871249 3149.446802
-391.662048 138.388641 3196.576318
-372.461545 180.515790 3185.080664
-371.629568 264.793799 3221.402820
-370.374010 341.783652 3215.555786
-411.628807 180.291389 3186.265503
-410.665965 264.111145 3239.329468
-412.338153 341.415024 3203.696375
-391.100967 55.088551 3207.422131
-391.612605 96.505424 3208.506226
-361.867593 96.580726 3207.713599
-339.880463 157.064001 3265.633813
-323.738603 214.042234 3200.770166
-421.342941 96.430138 3209.298853
-431.991110 152.562408 3269.737427
-432.933444 205.971545 3151.921582
-391.883629 138.236980 3197.974438
-372.578439 180.307507 3186.924316
-372.491602 264.608203 3220.334106
-370.302328 342.237643 3216.753186
-411.728046 180.181160 3187.960986
-410.815640 263.944615 3241.727600
-412.679993 341.480649 3207.387524
-391.612509 55.769570 3207.621826
-391.784935 96.845789 3207.191162
-362.034988 96.668381 3204.436707
-339.785486 158.057588 3264.503577
-325.466867 216.093127 3215.802649
-421.483804 97.022894 3209.945618
-431.875497 152.661310 3273.082507
-432.486630 205.837042 3153.075403
-391.853989 138.573180 3196.107971
-372.337569 180.521574 3183.223425
-371.666066 264.885187 3218.173096
-370.118912 342.384595 3208.711047
-411.487399 180.660306 3186.826135
-410.925549 264.359482 3243.430518
-412.370837 341.704120 3203.507446
-391.376509 55.967791 3207.201672
-391.559862 97.152766 3207.382910
-361.806839 97.076278 3206.331885
-339.929457 158.941219 3263.962683
-325.111761 217.045107 3216.527856
-421.293370 97.229189 3208.433936
-431.764723 153.587606 3271.982520
-432.349805 206.833962 3152.012329
-391.641893 138.874452 3196.182825
-372.132843 180.857277 3184.295471
-371.976279 265.058830 3224.753540
-370.061009 343.138065 3210.101990
-411.307732 180.921844 3185.670007
-410.923306 264.745894 3238.976477
-412.543872 342.198358 3203.475403
-391.229494 55.244714 3210.679285
-391.517789 96.441353 3209.483936
-361.782005 96.417064 3209.434717
-340.309909 157.919962 3266.856079
-325.831714 215.310802 3221.613281
-421.252643 96.465642 3209.533154
-431.687210 153.815932 3270.429565
-432.013957 207.477908 3154.983911
-391.607574 138.087849 3197.204883
-372.103203 180.040281 3184.893530
-372.159055 264.300938 3222.802222
-370.068796 342.319899 3215.294824
-411.292511 180.070626 3184.958130
-411.029594 263.893442 3239.450464
-412.673360 341.146724 3203.371326
-391.077992 56.785476 3209.220667
-391.507246 97.712357 3208.745142
-361.763484 97.737383 3208.998413
-340.457341 157.332925 3261.431250
-326.276349 213.757320 3200.635583
-421.255719 97.687315 3208.491870
-431.716946 153.033430 3265.907336
-431.905971 206.951882 3152.943127
-391.635612 139.408216 3197.304602
-372.174371 181.415698 3186.029663
-372.126563 265.794388 3216.049255
-370.577902 343.749646 3218.129260
-411.357463 181.391409 3185.698462
-411.181384 265.072865 3243.377710
-412.539322 343.173825 3204.536426
-391.197002 57.040766 3209.542126
-391.508047 98.134048 3209.029431
-361.766304 98.152233 3209.533667
-340.206697 157.922269 3267.182666
-324.694492 213.681216 3193.939526
-421.259116 98.115848 3208.525195
-431.757513 153.886459 3271.838196
-431.953523 207.050272 3151.111523
-391.606485 139.832616 3197.700659
-372.116982 181.831013 3186.701550
-371.685100 266.214574 3215.753430
-370.655287 343.346411 3218.859851
-411.298311 181.824364 3186.042224
-410.985631 265.512149 3243.084192
-412.648270 342.363158 3201.417444
-391.419896 57.450778 3209.767969
-391.592738 98.610519 3208.885364
-361.849521 98.670584 3209.739001
-340.040680 158.781450 3265.362854
-324.254407 215.713124 3202.971423
-421.351785 98.550437 3208.031726
-433.912308 154.371758 3303.027502
-431.452235 203.459802 3153.692432
-391.727065 140.300931 3197.266663
-372.268227 182.320365 3186.206287
-372.327219 266.634279 3219.022888
-370.470268 342.431570 3216.232288
-411.463367 182.270554 3185.089636
-411.600513 265.716106 3249.444177
-412.764684 342.341272 3199.768616
-391.271086 57.482213 3209.834875
-391.543071 98.346064 3209.256555
-361.803795 98.477250 3210.623914
-339.948074 157.819393 3262.817834
-325.399384 214.727547 3203.218286
-421.307693 98.214782 3207.889197
-432.891403 154.281139 3288.924280
-431.857040 205.488618 3154.830615
-391.736549 140.042180 3197.919324
-372.342055 182.097919 3187.476233
-372.286748 266.394690 3219.867810
-371.190733 341.709760 3217.177185
-411.531779 181.972021 3185.687952
-410.900011 265.237665 3255.036401
-413.180191 341.780768 3197.425854
-390.597533 56.458296 3221.964990
-391.185466 96.920403 3216.298682
-361.512039 97.181733 3217.484802
-339.795035 157.282649 3259.448657
-324.031288 214.200849 3206.123987
-420.880779 96.658880 3215.112561
-432.261429 154.180907 3280.716541
-431.834001 206.380595 3153.340466
-391.610811 138.330130 3200.751196
-372.443184 180.296420 3185.979419
-372.178345 264.641528 3218.892151
-371.031862 341.247116 3212.463721
-411.647040 179.991703 3184.428003
-410.830188 263.473416 3249.868176
-413.045224 341.129420 3196.301257
-390.600833 56.729704 3214.888000
-391.245099 97.531295 3213.334021
-361.544724 97.837262 3213.736230
-339.849124 156.966749 3263.505615
-323.332004 214.005464 3214.221497
-420.952908 97.225248 3212.931812
-431.916481 153.107996 3276.658044
-431.953235 205.742514 3152.331738
-391.777309 139.082222 3200.057520
-372.728499 181.174283 3187.044031
-372.337537 265.463443 3220.877307
-370.829668 343.802357 3212.965393
-411.902682 180.784490 3186.518005
-410.714319 263.941219 3258.962366
-413.179230 343.089423 3200.532532
-390.913834 56.148853 3226.064246
-391.689574 96.556741 3218.168738
-362.041077 96.725546 3216.022339
-339.792343 156.925028 3266.079346
-322.999136 213.896757 3218.275635
-421.298529 96.388145 3220.315137
-431.858194 153.344076 3275.198914
-432.709845 206.392291 3154.200769
-392.293336 137.802791 3199.797327
-373.294162 179.673495 3180.022156
-372.571198 264.048019 3218.696558
-371.118027 341.176332 3200.710693
-412.496640 179.377061 3182.829675
-411.262326 262.842961 3250.217578
-413.578972 341.186874 3191.549084
-391.301752 56.867844 3217.465063
-391.843959 97.782259 3213.799292
-362.151178 98.022057 3212.937195
-339.768695 155.592709 3268.934290
-324.777100 213.185072 3218.414319
-421.520815 97.542574 3214.661389
-431.758987 153.032661 3275.152002
-432.408893 205.900024 3151.999255
-392.404367 139.242712 3198.674268
-373.370682 181.270189 3182.985535
-371.984065 265.413103 3226.636670
-370.618085 344.716269 3213.846460
-412.562553 180.924136 3184.112952
-411.009984 264.389827 3249.762048
-413.209959 343.461575 3198.574036
-390.949850 56.113941 3211.587781
-391.617220 97.318142 3212.045618
-361.907552 97.608872 3211.034070
-339.933495 154.870578 3268.252661
-325.751605 212.451805 3218.331775
-421.308174 97.027572 3213.057166
-431.728931 154.188693 3276.406311
-432.445230 206.581892 3147.785413
-392.227135 138.932643 3200.000867
-373.269489 181.070478 3187.294482
-372.206383 265.160056 3229.040955
-369.965167 342.213579 3212.585742
-412.405701 180.652824 3188.617749
-411.053659 264.201059 3248.380078
-412.879976 341.202608 3202.306201
-391.004260 56.276962 3210.208630
-391.786377 97.268939 3211.486523
-362.070685 97.605604 3210.827197
-339.865466 154.304594 3274.732361
-325.135730 211.338151 3218.166943
-421.489893 96.932419 3212.145850
-431.651065 153.926962 3273.204529
-432.305585 207.037566 3151.996179
-392.422119 138.943698 3200.638403
-373.499464 181.134885 3189.359106
-372.511372 265.326361 3224.196240
-370.326810 344.097221 3215.862891
-412.619719 180.669054 3190.221460
-411.676328 264.263095 3247.344690
-413.148051 341.981648 3202.818127
-390.987950 56.238734 3208.992773
-391.820888 97.402753 3211.010742
-362.100325 97.782708 3210.743372
-339.911481 154.241469 3275.347595
-326.056979 211.220808 3221.662244
-421.536484 97.022845 3211.278113
-431.630589 153.755706 3273.473950
-432.036644 206.895149 3152.630383
-392.476881 139.131345 3201.291064
-373.583611 181.368658 3191.396558
-372.463083 265.518430 3225.829688
-370.220746 343.085513 3211.792346
-412.688068 180.859552 3191.746216
-411.541777 264.481471 3246.632300
-412.996133 341.924002 3201.828113
-391.217125 56.748289 3208.922791
-391.746451 97.994147 3210.824890
-362.023164 98.330891 3210.727734
-339.728513 154.844799 3270.969946
-324.634442 212.103316 3224.177271
-421.467943 97.657418 3210.922046
-431.748894 153.532603 3275.188916
-432.500409 206.405333 3151.588843
-392.327431 139.732224 3201.174939
-373.357159 181.945889 3191.461414
-372.019409 266.134529 3223.705078
-369.919345 344.108276 3210.951013
-412.465878 181.499492 3191.588562
-411.352592 265.215939 3243.053943
-412.702904 342.634373 3199.690686
-391.264645 56.954249 3208.842041
-391.901477 98.144238 3210.879236
-362.178094 98.443476 3210.836938
-339.898503 155.164160 3265.557678
-325.637595 212.264319 3215.319946
-421.624059 97.845033 3210.921533
-431.750912 153.931400 3275.977954
-432.297253 206.517789 3149.312476
-392.421126 139.900612 3201.667639
-373.394138 182.095468 3192.428357
-371.973395 266.142636 3229.640039
-370.075813 343.170845 3211.372961
-412.493051 181.700436 3192.483728
-411.523000 265.395415 3243.879382
-412.677045 342.025868 3204.160620
-391.343376 55.605203 3210.990234
-391.799034 96.918656 3212.409631
-362.089174 97.168227 3212.573438
-339.748123 155.865303 3272.387036
-324.319743 212.793116 3218.642212
-421.511906 96.669038 3212.245825
-431.719670 154.535083 3275.457056
-431.867615 207.411802 3151.760596
-392.243156 138.608828 3202.109326
-373.135579 180.729552 3191.916174
-371.540520 264.880765 3225.661780
-369.733301 342.961121 3210.205811
-412.245996 180.406602 3191.701868
-411.180647 264.137997 3243.284143
-412.521698 339.967140 3201.105725
-391.187645 56.285021 3209.360120
-391.551114 97.433242 3211.733386
-361.834813 97.678919 3212.050488
-339.828424 156.064325 3269.953528
-323.504494 213.271637 3222.606116
-421.273279 97.187517 3211.416284
-431.654846 153.577592 3274.936157
-431.661768 206.808247 3155.607349
-391.970851 139.161946 3202.124707
-372.842445 181.298035 3192.723413
-371.257352 265.414929 3226.958386
-370.075044 344.257343 3211.591370
-411.946262 180.985627 3192.308643
-411.523608 264.697156 3243.636621
-412.115996 342.567563 3203.294421
-391.377182 55.757714 3209.131970
-391.701814 97.084353 3211.952563
-361.987596 97.288662 3211.838745
-339.744150 157.776807 3264.018823
-325.034473 216.130923 3233.000244
-421.413918 96.880076 3212.066382
-431.685896 153.715636 3277.669849
-432.047379 206.487028 3153.533240
-392.096365 138.805527 3202.239038
-372.943639 180.916910 3192.451172
-371.950259 265.078024 3225.493103
-370.354912 342.644019 3212.203784
-412.042072 180.644188 3192.599854
-411.466475 264.427029 3241.330518
-412.867992 341.361928 3200.828870
-390.296709 55.322980 3221.605847
-390.856219 96.355893 3218.865491
-361.222655 96.825394 3222.663281
-339.705121 158.889805 3263.717102
-324.664980 217.439706 3229.727454
-420.559799 95.885303 3215.067700
-431.674585 153.634934 3276.921570
-432.521365 206.681676 3155.496606
-391.356546 137.778085 3204.453369
-372.292868 179.819838 3192.525769
-371.311858 264.059459 3222.126489
-369.454779 343.041261 3212.774158
-411.460419 179.328916 3187.556726
-410.858162 263.355528 3232.724158
-412.273201 341.098947 3194.393518
-391.023454 55.984470 3215.231250
-391.217157 97.155650 3215.114612
-361.541423 97.343472 3218.195654
-339.619629 159.722502 3266.700989
-325.609685 218.761386 3237.567847
-420.949832 96.967458 3212.033569
-431.701117 152.519165 3278.878528
-432.705038 205.398720 3156.315381
-391.361128 138.741920 3203.271863
-371.951157 180.707922 3193.443750
-371.149429 264.797420 3228.558765
-369.598590 344.583481 3212.724170
-411.085831 180.565617 3189.414478
-410.851753 264.384604 3239.598633
-412.307007 343.548862 3202.819922
-390.818312 55.923795 3211.517029
-390.904477 97.231817 3213.601904
-361.210254 97.285378 3215.778809
-339.746809 160.047679 3264.503833
-324.965707 218.823246 3227.582336
-420.638947 97.178192 3211.425000
-434.262735 153.030963 3311.410327
-432.486406 201.506145 3158.392822
-390.914539 138.908306 3203.405164
-371.379085 180.848962 3194.631921
-371.051344 264.977248 3226.586169
-369.174815 344.447040 3217.806775
-410.487643 180.852983 3191.784924
-410.873415 264.627621 3241.055969
-411.958919 342.177306 3205.161658
-390.895345 55.785752 3210.167358
-390.789024 97.168050 3213.507568
-361.091789 97.154464 3215.371472
-340.031451 160.408681 3267.584106
-324.537767 218.764622 3229.558521
-420.520738 97.181653 3211.643665
-434.033272 153.676046 3300.416089
-432.584267 203.302261 3153.058997
-390.720163 138.883488 3204.206506
-371.114566 180.800928 3196.124121
-370.789709 264.873555 3229.075049
-370.263139 343.724364 3218.938293
-410.202104 180.882655 3193.686768
-411.426901 264.585356 3243.158020
-412.121988 341.760292 3205.091931
-390.365186 56.222120 3212.683667
-390.629288 97.602239 3214.239185
-360.940128 97.753260 3216.835986
-339.998671 158.087805 3272.863074
-325.540663 216.214380 3228.124768
-420.366481 97.450994 3211.642383
-432.982375 152.985958 3292.712329
-432.671457 203.379565 3149.504480
-390.744644 139.283038 3204.238550
-371.318619 181.279802 3195.935962
-371.560931 265.372728 3227.899951
-370.437007 343.633713 3216.110266
-410.423589 181.169797 3192.539868
-411.911975 265.051172 3235.966699
-412.561432 342.192815 3201.737622
-389.665933 55.718781 3223.905286
-390.160524 96.655708 3220.319238
-360.538431 97.084866 3224.845056
-339.751648 156.103610 3269.717944
-326.152982 214.128575 3227.013757
-419.865962 96.225348 3215.793420
-432.301355 153.567531 3286.083179
-432.879739 204.750449 3147.970496
-390.542322 138.061638 3205.922241
-371.370049 180.047379 3194.485034
-371.669623 264.164882 3227.739478
-370.630582 341.322867 3215.297644
-410.521449 179.634483 3188.565454
-411.764799 263.555351 3235.547827
-412.609689 340.725064 3198.700928
-390.428664 56.145520 3217.955713
-390.429433 97.107873 3217.934180
-360.777988 97.283823 3220.961133
-339.617642 155.729919 3266.024231
-324.137672 213.320103 3216.940320
-420.136697 96.931602 3214.907227
-431.906868 152.683292 3287.101135
-432.916077 204.124175 3151.389661
-390.554434 138.679836 3206.652832
-371.146353 180.609581 3197.351001
-371.067334 264.707954 3227.606689
-370.818677 343.458563 3221.950122
-410.238570 180.481023 3193.391968
-411.591476 264.069905 3246.947095
-412.091098 342.808209 3208.982007
-390.594969 54.590659 3213.410925
-390.558279 96.044927 3216.856494
-360.893825 96.024179 3217.509924
-339.460117 155.666377 3265.223914
-323.009134 212.999732 3221.781702
-420.234814 96.065675 3216.203064
-431.807181 153.093496 3285.731213
-433.001537 204.767079 3151.598840
-390.565938 137.720151 3207.811267
-371.062399 179.606252 3199.193372
-371.334032 263.713261 3226.945825
-370.899651 340.744579 3219.999316
-410.090048 179.655872 3198.338708
-411.429561 263.294806 3246.114990
-412.774937 340.790497 3207.760254
-390.191318 53.230719 3210.615454
-390.613170 95.046133 3217.252039
-360.953394 95.380650 3217.817542
-339.482675 155.458479 3265.343115
-322.482083 212.861000 3226.411597
-420.283392 94.711471 3216.686536
-431.779207 152.038545 3286.061389
-432.958182 204.062700 3155.921631
-391.106319 136.819842 3211.102258
-372.129895 178.963829 3205.322131
-372.294919 262.943866 3231.691846
-371.899855 342.670070 3228.539282
-411.077307 178.543867 3204.582825
-412.573096 262.265987 3242.431018
-413.792734 340.163631 3208.387793
-390.411617 55.194486 3210.284766
-391.118015 96.456285 3214.741113
-361.439909 97.097106 3214.763159
-339.490654 155.631995 3264.910913
-322.236598 212.809410 3211.645972
-420.796536 95.815464 3214.719067
-431.766454 150.856206 3285.376172
-432.945012 202.963177 3156.377417
-392.101653 138.198624 3206.983008
-373.588097 180.564143 3199.239258
-372.899899 264.812608 3216.982617
-372.134894 344.907056 3213.720850
-412.592162 179.722714 3199.210547
-412.843671 263.743254 3229.570056
-414.144603 343.346219 3198.014172
-390.429176 55.964346 3209.059937
-391.273393 97.163340 3214.154590
-361.593365 97.914535 3213.187646
-339.609567 156.570179 3267.819177
-322.136334 212.935597 3203.472839
-420.935605 96.412610 3215.121533
-431.621713 152.509520 3281.637085
-433.054825 204.477406 3149.761597
-392.482970 138.922421 3206.636938
-374.201024 181.387804 3198.487134
-372.288766 265.554895 3220.970874
-370.930669 342.347520 3215.642175
-413.187721 180.367941 3199.751440
-411.789377 264.293633 3233.703406
-413.228352 342.464479 3204.521045
-390.733012 55.824685 3209.976636
-391.516026 97.014947 3215.245349
-361.844778 97.803104 3214.594995
-339.489468 156.418950 3271.369849
-322.133450 212.869588 3208.408813
-421.175290 96.227094 3215.895703
-431.533594 153.216511 3285.951416
-433.525351 204.355769 3146.336279
-392.750949 138.778610 3208.192456
-374.504924 181.255064 3200.714282
-371.601883 265.244458 3228.424438
-370.620039 342.133823 3223.740967
-413.472491 180.197694 3201.564844
-411.140016 264.004825 3238.746021
-413.020486 341.268777 3206.110400
-390.264697 54.316896 3211.009460
-390.921812 95.828153 3216.291504
-361.258992 96.536009 3215.030786
-339.528113 156.613902 3272.612109
-322.051932 212.827018 3200.114429
-420.561401 95.120874 3217.552222
-431.426376 153.351205 3281.567102
-433.360135 204.701775 3143.115784
-392.086880 137.574257 3209.121973
-373.775839 179.993786 3201.128027
-370.770740 264.067021 3224.309546
-369.486726 341.202319 3226.134741
-412.728378 179.021123 3202.776855
-410.280963 262.763525 3242.427686
-412.060657 340.559496 3204.635120
-390.499544 55.345715 3211.003821
-390.928445 96.523080 3215.298157
-361.251109 97.029815 3214.640881
-339.454669 156.437247 3273.794385
-321.959550 212.948094 3202.788135
-420.593669 96.016569 3215.955432
-431.492418 152.304538 3283.281042
-433.597224 203.640704 3145.302173
-391.770227 138.268655 3207.561072
-373.115904 180.560314 3199.394092
-371.103799 264.776399 3217.885730
-369.414340 341.809030 3219.704260
-412.110933 179.872005 3200.253882
-410.590247 263.789236 3235.107166
-412.224335 342.634085 3199.926782
-390.522807 56.839966 3212.059460
-390.815012 97.871581 3214.345056
-361.125819 98.235947 3214.012061
-339.667213 156.668633 3268.092188
-321.926546 212.813592 3200.700439
-420.498051 97.507278 3214.678052
-431.502736 152.914213 3282.023401
-433.369235 204.357948 3144.646436
-391.441782 139.593652 3205.496704
-372.550273 181.792001 3196.430457
-371.114246 266.092007 3215.244067
-369.725354 343.174081 3218.449695
-411.591124 181.301447 3196.866248
-410.384431 265.183447 3236.636023
-412.210204 342.920714 3200.650708
-390.302701 57.042705 3209.924854
-390.561099 97.994323 3214.079480
-360.868318 98.339335 3214.294043
-339.485847 156.509953 3265.734558
-321.897386 212.740180 3199.631726
-420.257886 97.649263 3213.864917
-431.459958 154.237896 3282.195154
-433.392659 204.937855 3137.406152
-391.106223 139.775706 3206.659497
-372.145981 181.973911 3199.379993
-370.917467 266.032182 3227.060413
-370.293388 342.353128 3224.341077
-411.163504 181.527882 3199.099036
-410.320088 265.277879 3241.991125
-412.295311 341.566141 3203.908118
-390.595642 56.649259 3209.915112
-390.700552 97.876852 3214.877234
-361.014116 98.046346 3214.539111
-339.210498 156.551514 3265.596130
-321.942055 212.776501 3201.162122
-420.380740 97.707390 3215.215356
-431.477454 154.382572 3279.341235
-433.714920 205.096710 3134.025952
-391.029062 139.676420 3208.175537
-371.864832 181.768080 3201.252869
-370.650545 265.785159 3229.211426
-370.713286 341.971138 3223.819153
-410.850343 181.533923 3201.694812
-410.735628 265.239748 3243.680969
-412.232153 340.947638 3207.847412
-390.202757 56.840927 3212.041260
-390.204231 97.870235 3215.783679
-360.525517 97.953387 3216.113855
-339.295029 156.791776 3270.298315
-321.854736 212.897049 3197.298962
-419.889034 97.787066 3215.453503
-431.504050 154.439369 3280.605542
-433.854373 204.548927 3130.042822
-390.371883 139.616627 3207.957898
-371.036284 181.616194 3200.347961
-370.543552 265.708223 3226.077576
-369.226822 341.206998 3226.026819
-410.047014 181.518173 3199.916272
-409.659993 265.290248 3241.289502
-411.820844 341.184792 3201.065735
-390.749419 56.578123 3212.038440
-390.384988 97.601967 3215.666272
-360.705986 97.440884 3215.577319
-339.428522 157.364312 3271.570312
-321.959294 213.045298 3195.962109
-420.062325 97.763033 3215.755225
-431.540707 154.512701 3282.117224
-433.896254 204.909993 3134.242566
-390.239735 139.334821 3207.484937
-370.585753 181.176750 3199.245410
-370.140829 265.155089 3232.084570
-369.830841 342.067076 3223.575879
-409.601033 181.385449 3199.361792
-409.553192 265.211998 3239.145667
-412.226257 341.634586 3200.520227
-390.395595 57.033973 3211.476782
-390.002037 97.967903 3215.822388
-360.324316 97.739225 3215.810083
-339.384943 156.795380 3269.034521
-322.158701 212.981291 3198.981885
-419.679565 98.196581 3215.834692
-431.569162 154.222131 3282.659912
-433.460944 204.846483 3137.120581
-389.751073 139.712757 3207.979175
-369.996378 181.512165 3200.128015
-369.445615 265.496608 3231.743884
-369.132101 342.249115 3220.766052
-409.001244 181.812284 3200.143909
-409.324338 265.467897 3245.308008
-412.273361 341.424509 3202.046265
-390.242203 57.669283 3210.709277
-389.832912 98.462045 3214.779309
-360.147180 98.256118 3215.996448
-339.350752 156.312197 3267.288281
-322.148415 212.854832 3206.234216
-419.541138 98.668133 3213.562170
-431.561824 154.553989 3281.629651
-433.398555 205.333575 3137.196204
-389.527185 140.212234 3206.685645
-369.705936 182.017506 3199.387939
-369.674950 266.090053 3227.408276
-369.713947 343.159213 3222.040100
-408.743582 182.329978 3197.796021
-409.970911 266.053267 3241.811682
-412.524069 342.027310 3198.512769
-390.541040 57.383391 3211.362451
-389.866141 98.172276 3216.147949
-360.195309 97.746146 3217.070801
-339.476491 156.435372 3273.207349
-322.128836 212.745964 3209.926904
-419.553987 98.598647 3215.225098
-431.502576 154.871347 3284.349756
-433.022813 204.825062 3133.025427
-389.264525 139.919165 3208.573389
-369.163216 181.567809 3201.602271
-368.813654 265.625711 3227.675647
-369.716446 342.448361 3224.835571
-408.164301 182.159507 3200.395386
-409.146016 265.796471 3245.581531
-412.519807 340.907263 3205.314441
-390.237364 57.223462 3212.233008
-389.402312 98.012251 3216.497864
-359.742567 97.541052 3219.212585
-339.492448 156.131504 3269.371875
-322.108521 212.675805 3213.214563
-419.112172 98.484283 3213.783142
-431.542630 154.815559 3282.342041
-432.810493 205.302734 3135.543274
-388.611511 139.716426 3208.026343
-368.312077 181.285169 3201.330029
-368.838808 265.296176 3230.098645
-369.436258 342.440735 3222.270557
-407.342578 181.998104 3197.779614
-409.067670 265.744464 3240.739380
-412.031241 341.639424 3202.103174
-390.011137 56.339479 3210.014319
-389.171727 97.504026 3215.444275
-359.500031 96.946278 3217.293311
-339.596686 156.652370 3267.406201
-322.054015 212.738674 3197.722705
-418.877614 98.062399 3213.595239
-431.523532 154.476892 3283.645825
-432.191510 205.070146 3138.315674
-388.312514 139.263075 3208.116064
-367.954088 180.815252 3201.997046
-369.836449 264.766626 3231.736194
-369.642426 341.994305 3225.258289
-406.959338 181.611708 3199.578662
-409.549123 265.189247 3246.075000
-412.473729 341.296463 3205.393140
-390.372043 54.552383 3222.590222
-389.303746 95.689565 3222.241333
-359.709883 95.012807 3226.199597
-339.480753 156.935282 3271.186047
-321.847174 212.998274 3194.892883
-418.970412 96.367973 3218.283069
-431.526801 154.090320 3283.645569
-432.679852 204.579288 3137.290796
-388.141049 137.148287 3210.207861
-367.463118 178.405536 3200.763245
-369.437892 262.478755 3227.008118
-369.460162 340.252359 3227.546448
-406.507622 179.433234 3195.585535
-409.552487 263.213127 3238.859839
-412.337096 340.271457 3198.029297
-389.511420 56.100771 3215.726257
-388.578571 97.054873 3217.905469
-358.937540 96.409053 3220.825269
-339.399106 156.394565 3268.851233
-321.838266 213.079985 3200.026758
-418.273402 97.701846 3214.985669
-431.513406 152.820438 3289.156787
-432.613010 202.916249 3140.598706
-387.526808 138.683425 3208.374976
-366.965707 180.085270 3200.753760
-369.482913 264.146938 3226.262402
-369.530850 343.638103 3229.782056
-405.995247 181.035374 3196.935205
-409.781854 264.668573 3242.259521
-412.104652 344.050085 3204.649475
-390.149309 56.309230 3211.771069
-388.886124 97.489783 3215.385315
-359.231731 96.534888 3218.349207
-339.356488 156.963224 3266.647156
-322.003098 213.096183 3192.162781
-418.595247 98.446424 3212.421423
-431.489310 154.079329 3282.636072
-432.677257 204.533082 3135.764758
-387.386362 139.187164 3207.072729
-366.381042 180.422752 3200.698389
-369.754449 264.498582 3223.463086
-369.089227 342.153754 3231.844885
-405.400200 181.780625 3196.821899
-409.406529 265.599179 3233.747498
-412.149994 343.043633 3202.801208
-389.306277 56.714596 3224.504626
-388.182578 97.320241 3220.890637
-358.591855 96.537964 3226.244971
-339.327008 156.967758 3266.084473
-322.018446 213.178919 3193.250464
-417.871866 98.105113 3215.536304
-431.478928 154.943669 3279.078223
-432.879163 205.395660 3131.223047
-386.766449 138.662917 3206.047083
-365.797115 179.782491 3194.705237
-370.282141 264.028409 3213.294543
-368.928369 341.014384 3220.667871
-404.920125 180.999229 3187.701819
-409.939188 264.749130 3233.858240
-411.985483 341.532239 3191.491919
-389.538400 56.571281 3216.158716
-388.323921 97.251075 3216.343030
-358.684268 96.326990 3220.257458
-338.825592 156.836941 3264.208008
-322.072440 213.075867 3186.559790
-418.035768 98.177403 3212.428601
-431.539169 154.293347 3281.825500
-432.925209 204.778246 3134.934705
-386.808138 138.809388 3205.130127
-365.757861 179.983949 3196.477112
-370.449376 263.859251 3229.972778
-369.591861 342.088000 3223.178284
-404.836908 181.336150 3191.357336
-410.508504 264.594360 3248.562341
-412.272208 342.886812 3205.727673
-388.919577 56.829648 3213.039478
-387.899025 97.577005 3214.853394
-358.235692 96.723528 3217.592212
-338.396049 156.442117 3265.361829
-322.097305 213.131944 3190.230945
-417.612923 98.431908 3212.114575
-431.497705 154.279264 3279.180762
-432.673444 205.414517 3138.103674
-386.565408 139.227122 3205.067065
-365.702811 180.523913 3197.071838
-370.298740 264.529953 3224.234949
-370.016245 343.528995 3224.106775
-404.766316 181.741564 3193.489636
-410.173073 265.141374 3245.387219
-412.648911 342.225403 3203.902478
-389.308777 57.259751 3212.537036
-388.291910 98.040834 3213.941052
-358.615247 97.373305 3217.050037
-338.450748 156.856295 3263.341296
-322.239194 213.070981 3185.438782
-418.026027 98.709661 3210.832068
-431.495590 154.486073 3278.734460
-431.844127 205.917728 3140.696631
-387.197562 139.708319 3203.971436
-366.563690 181.143361 3196.034912
-371.508284 265.241061 3218.996741
-370.868248 342.721468 3218.268713
-405.653952 182.129130 3191.968726
-410.982587 265.634811 3242.080847
-413.571730 342.229921 3201.677893
-389.274939 57.744889 3211.796960
-388.217697 98.516439 3212.755701
-358.528505 97.920399 3216.075916
-338.365993 156.143937 3260.276917
-322.230830 212.930294 3199.175427
-417.968317 99.113713 3209.435486
-431.504530 154.714430 3279.441467
-432.073686 205.865497 3138.580481
-387.211853 140.186568 3202.306201
-366.652066 181.680217 3194.027966
-371.036540 265.844824 3218.234363
-370.058638 343.992856 3220.448694
-405.773314 182.579436 3189.685437
-410.057716 266.187881 3240.475085
-413.003311 342.478162 3200.558423
-389.676155 57.585649 3210.349622
-388.535152 98.582689 3211.377063
-358.829810 97.954205 3213.965149
-338.329688 155.780292 3258.670898
-322.182669 212.748768 3206.138086
-418.288463 99.212135 3208.788977
-431.643054 154.557834 3280.799084
-432.204520 204.886153 3132.801892
-387.541003 140.262062 3200.665576
-366.979710 181.763161 3191.646497
-371.863678 265.960565 3216.190759
-370.269740 343.658995 3223.718921
-406.121402 182.680069 3188.261682
-410.203354 266.363319 3238.348938
-413.338486 342.373924 3200.671472
-389.987650 56.542522 3208.024805
-388.758078 97.652868 3212.145081
-359.057607 96.970743 3213.879529
-338.317928 156.203842 3258.912634
-322.035622 212.656114 3196.600415
-418.490625 98.335730 3210.410632
-431.521609 154.956278 3277.193298
-432.753168 205.711880 3132.042078
-387.738391 139.399612 3203.495654
-367.182449 180.894127 3195.980566
-371.676192 264.964526 3222.907837
-369.919666 342.085309 3233.831836
-406.257747 181.851009 3193.711890
-410.005678 265.134132 3252.737988
-412.998152 340.727884 3205.131152
-389.205084 56.477170 3222.115466
-388.588760 97.265799 3217.990063
-358.937123 96.730369 3218.059277
-338.312448 155.816517 3258.036951
-322.046677 212.722957 3199.452283
-418.241647 97.801245 3217.920850
-431.580954 153.977206 3279.823425
-432.492302 204.672407 3134.949573
-387.961157 138.630281 3202.354395
-367.744940 180.045872 3186.763843
-372.446228 264.397389 3211.391162
-369.604486 341.318188 3217.294336
-406.910408 180.755491 3186.673608
-410.183199 264.483907 3238.549402
-413.671513 341.173576 3191.972571
-388.756348 56.057160 3215.487854
-388.348627 97.012576 3214.529626
-358.661293 96.704253 3214.650879
-338.402554 155.437443 3258.074377
-322.103265 212.669588 3206.230884
-418.038171 97.320946 3214.408374
-431.514368 153.714017 3279.194348
-432.822125 204.136095 3131.700110
-388.012202 138.562958 3201.902454
-368.105461 180.237028 3189.354749
-372.439595 264.128064 3230.638513
-369.048051 341.516377 3227.593103
-407.241737 180.647633 3189.195813
-409.797363 264.304527 3242.675574
-413.112836 341.066711 3200.102637
-389.530646 55.654374 3225.336475
-388.658904 96.382361 3219.651965
-359.038060 95.841131 3222.768127
-338.282487 155.560442 3262.857825
-322.053342 212.681941 3204.623328
-418.337137 96.924648 3216.535803
-431.547789 153.416943 3280.881628
-433.340973 203.766394 3132.935449
-387.773126 137.714511 3203.849158
-367.306458 179.045684 3190.084570
-370.776988 263.022148 3230.462146
-368.522282 341.534898 3223.412073
-406.475674 179.867663 3186.008130
-409.090356 263.727264 3235.906458
-411.641817 341.098915 3198.968811
-388.658199 56.445911 3219.721692
-388.123425 97.185033 3217.584521
-358.487073 96.838067 3222.300549
-338.229327 155.338060 3265.216223
-322.155432 212.610228 3201.360278
-417.846776 97.533041 3212.868494
-431.497673 153.352103 3280.806006
-433.282013 203.592430 3131.878528
-387.371237 138.689049 3204.839685
-367.071002 180.215254 3195.178711
-371.530138 264.176289 3227.525427
-369.289627 343.433185 3226.047839
-406.192923 180.834334 3189.010986
-409.643330 264.571770 3238.660657
-412.224174 342.147217 3207.406494
-388.376537 56.878049 3216.918530
-387.944046 97.521281 3216.058228
-358.287474 97.189600 3220.284119
-338.163606 155.585564 3261.638379
-322.096472 212.710204 3201.967822
-417.678644 97.853828 3211.832336
-431.505972 153.703427 3283.260791
-433.225520 203.577450 3131.354810
-387.251555 139.058382 3203.422852
-367.000378 180.633598 3193.550647
-371.277411 264.729039 3222.415906
-369.855322 342.402443 3219.560706
-406.140628 181.215827 3188.024304
-410.264397 265.095744 3231.787976
-412.616066 342.096268 3203.528210
-388.983920 57.547581 3217.621948
-388.211288 98.040033 3215.520154
-358.545616 97.461633 3217.918542
-338.069495 155.816661 3264.081628
-322.079521 212.729654 3195.475305
-417.921277 98.619283 3213.121765
-431.551923 153.396275 3283.085449
-433.215779 203.293032 3131.471704
-387.317821 139.545410 3201.976025
-366.847403 180.980853 3190.000232
-370.768561 265.097731 3223.305688
-369.873042 343.009602 3220.352563
-406.005405 181.826367 3186.863562
-409.767563 265.496864 3239.146436
-412.638464 341.547459 3202.378748
-389.013593 55.726696 3208.428552
-388.646887 96.664952 3206.451855
-358.900017 96.368534 3209.204004
-339.476971 155.408812 3262.101343
-321.976213 212.614105 3212.802100
-418.444867 96.961883 3203.699707
-431.519046 152.922784 3263.699670
-433.655576 205.189716 3124.461621
-388.129930 138.262246 3192.278906
-367.975493 179.987601 3179.905518
-370.840755 264.399023 3213.694958
-369.657454 342.919592 3221.606873
-407.263431 180.473765 3176.305884
-409.259161 264.174142 3239.786536
-412.215843 342.549811 3200.176978
-387.202048 56.039456 3195.535803
-387.122099 97.491096 3197.827039
-357.286020 97.385593 3198.661963
-336.910258 156.819397 3254.339392
-321.197108 214.656539 3200.128271
-416.973752 97.596648 3196.992114
-431.031184 154.276717 3259.910852
-433.253110 207.095998 3124.966626
-386.989215 139.398491 3188.443433
-367.228624 181.469435 3179.605847
-368.806636 265.748982 3220.039563
-369.001140 344.082834 3224.415930
-406.489261 181.637135 3178.513806
-408.412990 265.473601 3235.402478
-411.890858 342.568460 3198.882166
-386.755266 56.621718 3190.658276
-386.533525 98.278084 3194.034375
-356.687737 97.891688 3188.894092
-334.109180 159.000339 3255.194312
-319.902969 216.537298 3188.969458
-416.283440 98.663246 3199.174658
-430.258264 155.331988 3253.776196
-433.255513 209.417049 3131.469910
-386.418938 140.313604 3186.473657
-366.692889 182.384436 3175.549402
-368.067297 266.509950 3225.311609
-369.408348 343.092114 3220.557642
-405.873322 182.713362 3182.276477
-408.214833 266.400394 3239.909583
-411.749130 343.153189 3203.879919
-386.683360 55.455416 3200.305151
-386.327966 97.140509 3199.261047
-356.513837 96.735688 3196.392773
-332.709938 160.670860 3255.631384
-319.170616 217.836532 3175.686548
-416.088680 97.544609 3202.129321
-429.479800 155.967073 3253.964355
-432.943954 211.141324 3145.113757
-386.075816 138.917823 3187.179126
-366.188397 180.796058 3173.222278
-367.652399 264.798317 3230.160425
-369.421806 341.448541 3223.824280
-405.431987 181.229846 3176.972131
-407.843225 265.184601 3231.270667
-411.766882 341.062193 3192.855688
-386.470464 56.432021 3204.088586
-385.917297 97.728971 3200.241321
-356.104578 97.244009 3197.632727
-332.109476 161.400201 3255.338635
-318.757159 218.668604 3168.796692
-415.681439 98.213148 3202.849915
-428.062614 154.829626 3252.707483
-432.945493 210.305150 3148.369885
-385.551201 139.413487 3186.151685
-365.522855 181.193589 3170.356567
-367.001180 265.242055 3228.412646
-369.189780 342.618961 3220.896533
-404.819733 181.742782 3173.767529
-407.923366 265.820279 3225.532324
-411.548698 343.074458 3196.063623
-385.131976 56.665794 3194.912622
-384.904115 98.258681 3195.126416
-355.047304 98.166492 3196.080798
-331.625491 161.395683 3255.667786
-319.186894 219.182181 3172.286609
-414.778743 98.350951 3194.172034
-427.618108 155.288040 3249.973792
-433.057581 211.066390 3148.898987
-384.783600 140.156078 3184.444922
-365.001187 182.258233 3174.387634
-367.345711 266.202013 3231.268616
-369.062567 343.855229 3230.790271
-404.331038 182.412762 3173.139221
-408.026161 266.511296 3223.472571
-411.466795 343.098042 3198.132861
-384.077971 56.649964 3188.231689
-384.094698 98.415726 3192.393237
-354.219942 98.572195 3195.702173
-331.450598 161.025533 3252.692358
-319.404341 219.156898 3175.375342
-414.031458 98.258922 3189.084302
-427.247365 154.957912 3254.001270
-433.047519 210.725111 3153.940833
-384.133150 140.493095 3185.429297
-364.544247 182.800296 3180.628931
-367.191646 266.572018 3237.410449
-369.276649 342.403148 3232.437817
-403.826033 182.709389 3176.301782
-408.126201 266.756204 3224.282886
-411.629512 341.827199 3202.242627
-382.730127 56.274831 3185.947888
-382.870958 98.310320 3191.909509
-353.025490 98.719611 3198.799622
-331.267854 160.560695 3251.743103
-319.831705 218.882623 3183.261108
-412.845593 97.899234 3185.019397
-426.122383 155.121190 3255.814417
-433.080716 210.383720 3150.387341
-383.011661 140.431348 3185.827148
-363.543979 182.862989 3184.250867
-366.202817 266.769695 3233.044080
-368.838455 342.117288 3226.907886
-402.817401 182.563639 3175.238708
-408.215121 266.827725 3212.711353
-411.045200 341.176685 3203.418237
-382.143764 56.179166 3184.283167
-382.323239 98.269464 3192.348889
-352.506129 98.830978 3201.455127
-330.918324 160.805219 3254.947449
-320.004739 218.674132 3177.332043
-412.310948 97.704730 3183.242651
-426.188104 154.836708 3251.666455
-432.865224 210.112473 3145.043518
-382.528029 140.424490 3187.309863
-363.155067 182.924016 3188.225281
-366.574969 266.757935 3235.043335
-369.391589 339.831693 3224.229309
-402.385263 182.501250 3176.316394
-407.873666 266.605888 3219.015198
-411.474390 340.062213 3208.247571
-382.286870 56.413980 3183.459521
-382.422766 98.227984 3190.465247
-352.558488 98.705640 3197.156433
-331.138943 159.116272 3257.591931
-320.981712 216.087263 3173.634485
-412.412590 97.748325 3183.774060
-425.438127 154.980551 3257.024890
-432.765729 209.594971 3143.795105
-382.674243 140.400426 3185.175513
-363.317784 182.910718 3184.261377
-366.090344 266.974933 3227.277795
-369.926234 341.747379 3217.925464
-402.589348 182.515125 3175.510181
-407.737450 266.696956 3217.365601
-411.954881 339.914108 3206.656165
-382.103421 56.550149 3183.578723
-382.137323 98.395603 3189.027905
-352.241675 98.804814 3193.966443
-331.102158 159.095251 3253.144043
-322.642621 216.652126 3170.629065
-412.125705 97.985126 3184.089368
-425.847610 157.350918 3258.131799
-431.810097 210.678520 3134.647595
-382.414146 140.538725 3182.398755
-363.050702 183.040846 3178.999072
-365.047169 267.134445 3226.686145
-369.210255 342.056021 3211.648279
-402.373567 182.674381 3172.540137
-406.521465 266.865376 3218.967261
-411.621117 340.006201 3201.489478
-381.743349 56.456085 3183.103967
-381.716528 98.308397 3189.734656
-351.811011 98.635673 3191.734167
-332.550330 160.004709 3253.015100
-323.447905 217.015803 3167.435999
-411.659569 97.980704 3187.735144
-425.301334 156.918700 3261.777832
-430.758270 209.171629 3130.086145
-382.076152 140.507611 3184.956079
-362.815343 183.013609 3181.485132
-363.983295 266.958206 3232.695190
-369.357880 342.755273 3222.675073
-402.074506 182.653489 3178.869873
-406.377141 266.757133 3222.371558
-411.734903 339.962943 3209.807446
-380.513585 57.036633 3182.858386
-380.511246 98.733806 3189.633655
-350.611015 99.118391 3193.006677
-333.455045 161.281913 3250.865881
-323.987581 217.652474 3162.446704
-410.474794 98.348403 3186.260632
-424.309268 160.467513 3261.515076
-430.912431 210.353664 3111.884949
-380.854976 140.960257 3185.548242
-361.590385 183.488782 3183.668445
-361.952541 267.382173 3234.801086
-368.060793 342.858133 3222.447693
-400.835930 183.101264 3179.257214
-404.784100 267.222629 3222.420007
-411.104576 340.657901 3199.180298
-379.367903 55.125208 3181.680725
-379.448428 97.223021 3191.475513
-349.558035 97.620648 3193.754700
-330.231537 160.136311 3240.312048
-324.385272 217.519205 3164.599512
-409.381567 96.824849 3189.196326
-422.759518 160.352829 3270.852795
-429.122580 209.749757 3123.363171
-379.873196 139.505516 3189.895129
-360.728096 182.050719 3189.805151
-362.060014 265.879207 3238.011584
-368.551826 341.757953 3222.787097
-399.886995 181.608920 3186.824341
-404.585078 265.582068 3227.120654
-411.303406 339.424516 3204.011426
-378.222414 55.747717 3182.146509
-378.142978 97.689878 3191.899512
-348.252168 98.004865 3193.627039
-326.616843 159.425812 3229.763342
-325.421878 217.303024 3159.042407
-408.066183 97.374538 3190.171985
-421.576410 156.197225 3275.647009
-427.695364 206.766367 3145.811023
-378.485715 139.973703 3190.453198
-359.260954 182.472123 3190.136609
-360.823041 266.331789 3236.743689
-368.224406 344.867354 3218.314087
-398.410464 182.119501 3187.877161
-403.574620 266.295804 3215.163062
-410.936636 341.609912 3192.143042
-377.496533 55.274595 3182.861975
-377.444142 97.266872 3192.112793
-347.554262 97.556721 3193.788281
-324.579424 159.632524 3231.305786
-325.374646 217.279328 3155.684509
-407.365393 96.976703 3190.437305
-420.632634 155.009070 3277.627039
-426.520779 205.429674 3147.799255
-377.750478 139.580081 3191.643933
-358.501524 182.066325 3192.270703
-361.478041 265.872350 3237.287402
-369.045680 343.990549 3219.711694
-397.625752 181.745041 3190.079443
-404.249551 265.919870 3208.197070
-411.740639 340.916844 3193.253027
-376.820064 54.826884 3182.726880
-376.927025 96.809676 3192.336584
-347.047879 97.192387 3195.153589
-323.853127 159.349773 3232.123792
-325.141946 217.379416 3152.549121
-406.858978 96.426308 3189.519580
-420.495808 157.305176 3281.510449
-426.934749 206.566896 3137.621228
-377.288731 139.161642 3193.212524
-358.114856 181.691769 3195.930835
-361.535655 265.494141 3237.067712
-369.366788 343.549823 3224.770715
-397.208130 181.288742 3192.246094
-404.602318 265.482477 3201.075732
-411.864999 341.335716 3193.741882
-375.143102 55.364813 3182.147021
-375.312515 97.173129 3192.692395
-345.430870 97.619687 3194.248938
-323.578867 159.389378 3231.993054
-324.716473 217.634722 3147.580334
-405.223320 96.726139 3191.135852
-419.301805 155.173949 3279.186658
-426.694263 204.805051 3138.119312
-375.841809 139.543744 3194.394800
-356.846223 182.134032 3197.115161
-360.516000 265.784390 3242.455884
-368.492065 343.365765 3219.313586
-395.907294 181.604258 3195.079248
-404.110419 265.760518 3192.120483
-410.481844 342.159361 3193.579102
-373.733830 56.460075 3182.922217
-373.776865 98.101845 3192.739307
-343.896629 98.432533 3194.598853
-323.348859 160.364605 3231.446265
-323.572810 218.702442 3145.140161
-403.691931 97.770740 3190.879761
-418.812726 158.157404 3285.992688
-427.028764 206.069293 3124.980469
-374.125433 140.465698 3194.179468
-354.947264 182.975285 3196.835486
-360.274297 266.504919 3242.837585
-367.380959 342.314420 3215.805981
-394.014967 182.607346 3194.403772
-404.001503 266.636266 3176.409961
-409.188986 342.032405 3188.086853
-372.143738 56.296365 3183.290332
-372.496600 98.108574 3193.693945
-342.654625 98.647465 3198.171313
-323.128816 160.663458 3231.147876
-322.966100 219.295839 3152.351733
-402.422369 97.568177 3189.216577
-418.858580 160.103435 3288.855322
-426.104150 208.566007 3121.933008
-372.981674 140.475840 3195.712427
-353.962889 183.064286 3200.659167
-361.469005 266.276770 3247.859436
-368.215370 343.061032 3218.362537
-393.005118 182.514404 3194.802649
-405.068134 266.286191 3171.196619
-408.802574 341.359909 3188.659790
-371.164746 55.802863 3182.947083
-371.775366 97.838271 3194.763428
-341.963287 98.511216 3200.833228
-322.952097 160.280219 3225.224451
-321.565512 218.885715 3150.011792
-401.700911 97.162747 3188.693628
-418.427435 155.653368 3294.837964
-425.230197 206.000784 3145.835889
-372.357884 140.220245 3197.812683
-353.467081 182.856148 3204.831226
-361.889832 266.089989 3243.789917
-368.475275 342.295674 3219.004944
-392.459834 182.186039 3196.892651
-405.638251 265.764299 3171.457581
-408.612589 340.632715 3191.698022
-371.206915 54.965408 3182.798914
-371.571602 97.036240 3194.810339
-341.770001 97.649103 3201.784790
-323.080142 159.734070 3223.867603
-321.014589 218.426532 3152.355322
-401.503619 96.420701 3187.835889
-418.691537 153.367323 3290.565161
-425.930859 205.610896 3160.776855
-372.010693 139.406438 3197.384839
-352.976527 181.988379 3204.520020
-361.543025 265.264357 3242.701721
-368.787314 341.552298 3214.147925
-391.977228 181.427731 3195.398657
-404.891222 265.102441 3172.282507
-407.097382 338.925536 3187.738477
-371.283403 53.905218 3181.120349
-371.513924 96.153138 3194.197668
-341.700082 96.673059 3200.822461
-323.008910 158.873607 3219.436890
-320.548677 217.811362 3152.869556
-401.451709 95.631070 3187.572876
-418.667409 151.593349 3291.714624
-426.086078 203.586726 3158.728638
-371.840286 138.540271 3197.001855
-352.689322 181.078249 3204.138318
-361.553151 264.291710 3244.866833
-369.027672 341.895996 3215.447864
-391.695662 180.627397 3195.473767
-404.386473 264.336475 3175.219739
-405.793758 338.855809 3189.617505
-372.053055 54.913802 3181.356958
-372.558284 96.716606 3192.990784
-342.697595 97.160680 3195.730115
-322.923354 158.473929 3221.997034
-320.305115 217.519942 3154.451477
-402.470242 96.271763 3190.251453
-418.087614 150.587441 3293.056348
-426.733612 202.090746 3156.312048
-373.012212 139.096962 3195.086682
-353.951962 181.664500 3198.974451
-363.269206 265.140573 3231.030212
-370.998921 344.485300 3211.876428
-393.001016 181.178737 3195.390710
-405.832883 264.879547 3171.352478
-405.900014 340.358423 3192.300183
-373.376866 55.707582 3183.056287
-373.618282 97.268250 3191.908228
-343.735643 97.565293 3193.952087
-322.979462 158.565349 3223.280310
-319.223616 217.207375 3149.143030
-403.539244 96.970807 3189.864368
-419.560043 152.525253 3297.154578
-428.773915 202.049810 3138.424622
-373.909076 139.611516 3192.318896
-354.661340 182.102662 3194.065906
-362.898752 265.701878 3231.171973
-370.258942 344.808298 3211.149170
-393.754614 181.784951 3191.393225
-404.997318 265.810410 3168.534192
-403.688182 340.739772 3193.962854
-374.404564 56.095100 3182.822498
-374.466183 97.645338 3192.246863
-344.575951 97.556209 3189.378076
-322.871507 158.922185 3220.741187
-319.801392 217.543222 3145.872546
-404.302744 97.734290 3195.115649
-420.000929 152.099236 3296.567285
-429.408087 202.327451 3145.976624
-374.520433 139.978445 3192.440405
-355.028558 182.297951 3190.757227
-362.705273 265.871132 3234.491418
-369.343268 343.225832 3210.147107
-394.097800 182.314902 3194.510669
-404.026978 266.384821 3181.031396
-402.313101 341.065302 3203.863000
-375.058891 56.737731 3182.208032
-375.109328 98.143966 3191.092529
-345.213487 98.111089 3191.077917
-322.723819 158.526945 3220.034692
-319.985706 217.576964 3147.858728
-405.004912 98.176891 3191.107141
-422.050044 152.427200 3289.798938
-429.452980 203.391053 3143.935583
-375.067319 140.461436 3190.296826
-355.467682 182.778747 3189.491638
-362.619781 266.420645 3233.735193
-369.393672 343.361504 3214.077686
-394.582777 182.821284 3189.510608
-402.859731 267.160272 3182.729956
-401.421107 340.918286 3197.695276
-376.706566 56.118539 3182.396960
-376.347102 97.632825 3193.114087
-346.464912 97.123222 3190.911292
-322.669473 158.643150 3212.819275
-320.267303 217.635603 3141.033215
-406.188116 98.141723 3195.316882
-423.900009 152.598072 3288.180103
-429.816449 203.676736 3142.370581
-375.762790 139.948485 3193.336084
-355.644946 181.963353 3192.117664
-362.642564 265.612573 3234.582678
-369.525627 342.202267 3217.319714
-394.694577 182.552937 3194.998499
-401.861000 266.723392 3200.193896
-400.770657 340.416486 3210.173511
-378.304765 55.950455 3185.679749
-377.795274 97.341341 3194.166138
-347.920486 96.657374 3191.488074
-323.671216 157.207283 3204.518994
-321.370303 215.380769 3139.904004
-407.620010 98.024155 3196.844202
-426.731882 156.673824 3286.840686
-432.758936 205.793639 3114.562756
-377.008479 139.586169 3192.702905
-356.674791 181.468634 3189.488562
-363.467555 265.395639 3223.574341
-370.586169 343.087981 3213.339661
-395.745699 182.270361 3192.990784
-402.404008 266.545551 3199.653259
-401.780411 340.836832 3204.758167
-380.181134 55.917403 3184.148071
-379.432246 97.529244 3193.273535
-349.552299 96.851141 3192.281726
-326.759276 157.489362 3212.444238
-322.704625 216.050750 3140.103186
-409.293672 98.206915 3194.265344
-427.965939 158.623444 3290.328040
-434.257800 208.288543 3117.131873
-378.538010 139.813261 3192.669580
-358.098770 181.686914 3191.417065
-365.101259 265.394357 3231.873340
-370.675571 342.288496 3214.290454
-397.180188 182.539430 3192.714185
-404.060239 266.781102 3202.135986
-402.069987 340.908481 3208.544165
-381.926253 55.828017 3182.352356
-380.860391 97.704778 3192.782373
-350.991595 96.894736 3194.184082
-328.884270 158.470917 3226.393652
-323.699062 216.874667 3146.052246
-410.755399 98.515526 3191.380664
-428.846494 157.807874 3293.143250
-435.011462 209.233232 3143.470313
-379.623834 139.993217 3192.388110
-358.845992 181.737831 3192.910547
-365.980563 265.467320 3230.617493
-370.340909 343.150017 3215.761890
-397.939233 182.846663 3191.077148
-404.275475 267.196193 3199.285400
-401.333340 339.770297 3210.318347
-384.573138 55.598154 3181.934766
-383.165726 97.598843 3193.705994
-353.321796 96.302509 3190.076111
-329.834070 159.624321 3232.788245
-324.948436 217.392810 3136.136975
-412.941884 98.892245 3197.335876
-429.163051 158.308809 3300.291504
-437.122742 208.812437 3145.359338
-381.555702 139.882363 3193.953369
-360.429547 181.374586 3191.825940
-367.718472 265.111702 3230.170935
-371.163881 342.410678 3210.442932
-399.433356 182.942873 3196.575549
-405.191949 267.152518 3207.636694
-401.975011 339.490077 3215.333020
-386.383914 55.606453 3182.801221
-384.680260 97.560951 3194.651404
-354.853249 96.005578 3189.285022
-330.783421 158.020546 3234.426819
-327.781013 215.453893 3139.376440
-414.407199 99.111134 3200.017786
-429.733553 158.065903 3307.050366
-438.958383 207.761124 3146.811035
-382.815619 139.817683 3194.754456
-361.459103 181.148392 3191.348877
-367.516887 264.925850 3232.386548
-370.803584 343.841098 3207.091443
-400.400427 182.993005 3198.366138
-405.389081 267.237785 3206.938147
-401.193599 340.074069 3213.241736
-388.282040 55.518894 3182.173682
-386.170761 97.498226 3194.906982
-356.363937 95.636662 3188.309363
-331.623248 156.955854 3232.620593
-329.236171 213.924154 3141.137292
-415.854762 99.352132 3201.504602
-431.992200 156.880055 3298.336597
-440.032768 206.975642 3141.007581
-383.928104 139.779231 3196.529150
-362.225839 180.916397 3193.837244
-367.821780 264.748041 3231.478821
-370.058125 344.285413 3206.998132
-401.097148 183.115331 3202.465393
-405.314291 267.277135 3212.488843
-400.872780 341.039731 3216.337390
-389.194958 55.180435 3181.341577
-387.053719 97.218727 3194.974402
-357.257213 95.259414 3187.234497
-333.150536 156.630212 3235.906201
-330.076799 213.063451 3146.562122
-416.706221 99.168555 3202.714307
-433.841652 156.708495 3291.900732
-441.758437 206.543248 3136.842700
-384.734157 139.514280 3197.180786
-362.970305 180.607114 3194.326099
-367.469110 264.727148 3218.791406
-369.696835 344.609404 3203.483350
-401.803802 182.892261 3204.448242
-405.683368 267.066769 3210.644165
-400.978203 340.455450 3213.569348
-390.144086 55.649728 3181.887854
-388.066676 97.473601 3195.650134
-358.275714 95.545754 3187.787439
-335.755444 156.129133 3239.014929
-330.541109 212.708249 3153.985181
-417.711392 99.392027 3203.512830
-435.245380 157.561427 3292.293713
-442.933054 204.285931 3120.002710
-385.792520 139.772230 3198.147986
-364.081348 180.883248 3195.504272
-366.799434 265.184857 3210.462415
-369.690010 344.783528 3204.449268
-402.900105 183.122813 3205.787402
-406.136270 267.284409 3212.557544
-401.870485 340.488744 3215.229712
-391.210236 55.401583 3194.345068
-389.037914 96.900087 3201.663025
-359.297260 94.943033 3196.457629
-337.402702 155.545541 3247.018359
-330.730518 212.537345 3158.394617
-418.681989 98.850780 3206.868420
-437.249634 156.890565 3286.265186
-443.008548 203.179262 3116.901672
-386.624753 138.963036 3199.737085
-364.740033 179.885607 3194.406592
-365.219339 264.373837 3195.751904
-369.268318 343.923482 3202.908618
-403.635951 182.265186 3201.215698
-405.970253 266.529465 3211.772095
-401.999364 339.521576 3208.472644
-392.798694 55.273586 3201.622266
-390.528767 96.560106 3204.899927
-360.811537 94.676559 3200.445374
-338.293318 154.748428 3246.307507
-331.215944 212.271032 3167.105823
-420.163486 98.438429 3209.354480
-438.143871 156.490663 3292.167334
-443.578665 202.579008 3123.404956
-388.203694 138.507555 3200.684802
-366.394341 179.407967 3193.556799
-365.138589 263.976979 3188.393445
-370.255641 344.615332 3205.010413
-405.315189 181.721217 3199.382556
-406.656816 265.917787 3218.685022
-403.187439 340.334038 3210.127112
-393.951778 55.192660 3204.730994
-391.618597 96.411825 3206.972754
-361.914409 94.599687 3203.688171
-338.767049 154.364628 3250.156824
-331.714572 211.949812 3166.902283
-421.262032 98.220245 3210.257336
-437.134950 157.644164 3291.952515
-443.863275 202.446011 3119.371326
-389.325760 138.307780 3201.962439
-367.544028 179.203162 3194.804187
-364.022804 263.693170 3187.013269
-369.755058 345.138922 3205.940698
-406.481250 181.465430 3199.100061
-406.044914 265.631863 3221.303870
-402.755045 340.677576 3213.751355
-394.342131 53.964194 3193.682153
-392.236748 95.834770 3203.826086
-362.509296 94.080439 3198.498413
-338.998050 154.070918 3252.040723
-332.005559 211.898286 3171.818262
-421.865474 97.583270 3209.153760
-437.198332 158.416219 3291.863306
-445.480733 200.209362 3110.793420
-390.090445 137.948589 3204.014502
-368.511836 179.002650 3200.718640
-363.848872 263.296985 3181.629456
-368.482709 344.373596 3213.711365
-407.334727 181.110004 3207.687195
-406.223428 265.021820 3232.349634
-402.142245 340.091693 3221.031885
-394.591974 53.994234 3188.146069
-392.580157 96.028329 3202.258777
-362.839856 94.336995 3195.930066
-339.314447 153.361459 3253.501392
-333.767468 211.226431 3176.347156
-422.203148 97.713013 3208.587488
-437.716443 159.172957 3287.604346
-447.394592 198.656744 3092.881641
-390.543700 138.251511 3204.996826
-369.104063 179.408224 3203.596399
-363.051086 263.504626 3173.696265
-366.703111 344.812752 3204.868396
-407.867290 181.394405 3211.873352
-406.121466 265.322260 3227.184485
-401.757372 341.397752 3216.392249
-394.561469 54.707762 3184.837646
-392.787735 96.631082 3200.376672
-363.028496 94.990089 3193.773413
-339.473190 152.717786 3254.220190
-334.420129 210.477031 3181.861450
-422.424440 98.265331 3206.979932
-437.572151 159.664696 3282.307178
-448.755061 197.350861 3072.282825
-390.807449 138.935559 3204.858398
-369.435393 180.166404 3205.022205
-362.199467 264.127359 3169.982812
-365.247569 345.005461 3196.851379
-408.177855 182.074800 3213.658044
-405.750659 266.025037 3222.185962
-401.585747 341.826205 3214.403247
