419.104351 58.956448 3440.471375
419.183865 102.321321 3424.821625
450.961166 102.921347 3433.729065
464.004616 166.577694 3484.714417
472.178478 222.055218 3373.452026
387.240807 101.718121 3415.914185
372.040363 162.462027 3456.675110
368.317886 225.138840 3391.013123
419.362255 146.640633 3401.467712
440.628628 191.817272 3383.938751
439.409386 281.531181 3467.162384
441.577091 366.157322 3423.642792
398.384720 191.327368 3372.288849
398.511955 281.703186 3445.999420
396.728325 366.717453 3445.269653
418.891388 56.764503 3438.700653
420.163982 104.640295 3431.180237
451.783218 105.939514 3442.677979
463.819839 168.080383 3486.696075
469.549107 223.443632 3360.923218
388.332127 103.332321 3419.682495
372.498871 162.334396 3456.033508
368.555054 225.047602 3391.228729
419.757626 148.427181 3399.784607
440.437809 193.700071 3375.909943
439.787247 283.405106 3463.203461
441.369003 368.910805 3423.470032
398.155140 192.357576 3360.868011
398.291679 283.142601 3431.034393
397.323509 367.961620 3439.261780
419.042793 58.459608 3437.268585
419.948753 104.220823 3429.689117
451.584229 105.101635 3441.431854
463.012688 165.821766 3488.964203
467.725925 221.390888 3360.154449
388.095921 103.333935 3417.946381
372.608631 163.416241 3457.812469
368.134071 225.981096 3390.800537
419.997128 148.407852 3405.440094
441.053696 193.611889 3388.869690
440.383461 282.316463 3490.455597
442.014622 365.916035 3444.961212
398.943031 192.843670 3373.512451
399.325699 282.957962 3452.316833
398.217762 365.475037 3465.976135
419.678112 58.814604 3438.239502
419.881496 103.454767 3429.031036
451.600639 104.222471 3438.265869
462.752312 164.086269 3490.667908
467.190720 219.991041 3363.362183
387.991070 102.682943 3419.796204
372.422035 163.889511 3460.173431
367.994614 226.247068 3389.470642
419.825191 147.767744 3406.866943
440.801422 193.011211 3390.741760
439.430500 281.664219 3493.318359
441.246609 365.854820 3431.270599
398.659584 192.309597 3378.663940
398.416203 282.587276 3449.557617
396.850410 365.806034 3454.174347
419.681236 58.668537 3437.591858
419.729507 102.987144 3428.602020
451.491875 103.690166 3436.575073
465.568382 162.786587 3513.652954
466.561169 216.357468 3368.108276
387.819031 102.280861 3420.628967
372.434635 163.131987 3463.274597
367.511421 225.209822 3389.134460
419.622665 147.395428 3408.135864
440.551552 192.668575 3392.883270
439.442276 281.814079 3482.923370
441.723278 365.635746 3429.650665
398.412632 192.010923 3382.456146
398.316158 282.274784 3451.379150
396.510521 366.215412 3448.994293
420.280437 58.516617 3423.219543
419.835629 103.152300 3422.224182
451.723515 103.804167 3427.599792
464.214111 161.537510 3503.776520
466.628941 216.212362 3366.106567
387.847424 102.498390 3416.848572
372.259369 163.073227 3467.227478
366.820244 225.134583 3394.995392
419.458591 147.967009 3409.270752
440.103893 193.460312 3399.832947
439.273018 282.436043 3489.692871
441.734539 366.338493 3435.208649
398.009914 192.786112 3392.801697
397.956734 282.878002 3458.470276
396.607613 366.699429 3449.711151
419.633823 59.461544 3430.101929
419.561382 103.552048 3425.090240
451.403778 104.043755 3431.371948
463.517509 161.910049 3494.112122
466.959526 217.189510 3359.710052
387.601982 103.058556 3418.808533
372.257790 163.610888 3467.730377
365.897461 225.914234 3402.688293
419.529041 148.218922 3409.269928
440.525837 193.518488 3397.557404
440.324066 282.862003 3479.559082
442.209286 366.899929 3424.095428
398.416031 193.085524 3389.341827
398.674793 283.613674 3442.629364
397.498020 367.951286 3436.910431
419.582703 60.119453 3435.234467
419.632038 103.709976 3427.398468
451.440342 104.170870 3434.239380
467.317406 161.774900 3510.036255
466.318680 214.866554 3360.743042
387.696533 103.247263 3420.557556
371.611038 164.610592 3465.546021
364.478783 226.815920 3398.551941
419.722229 148.268497 3409.654449
440.844784 193.479950 3396.383789
439.880013 282.915218 3477.210754
442.246708 365.825363 3429.872589
398.726326 193.105968 3387.437073
398.569118 283.590946 3444.448700
397.869736 367.416561 3444.021881
419.645565 58.370911 3436.529755
419.668224 102.302902 3430.929199
451.468460 102.575020 3436.786560
464.857155 161.374260 3496.484070
469.422077 216.605278 3363.348450
387.759224 102.029858 3425.071838
367.226910 165.282801 3483.593262
356.803493 227.761414 3429.680054
419.939140 146.841064 3413.740265
441.230061 191.908991 3400.381714
439.995129 281.202141 3483.455658
442.278225 364.541885 3433.064392
399.148132 191.750805 3392.720947
398.316879 281.780159 3460.707367
397.823387 367.480968 3449.482086
418.779774 58.937033 3436.682739
418.669945 102.797373 3430.269470
450.477047 103.095686 3436.233673
463.721821 164.549618 3492.504547
468.156487 220.322365 3355.189728
386.752052 102.498030 3424.305267
364.387493 167.814583 3496.723022
349.290939 230.263172 3445.238617
418.897362 147.373249 3413.630127
440.141796 192.480177 3400.890930
438.541363 282.107758 3473.695679
440.807293 367.085152 3431.737793
398.063988 192.291246 3393.090637
397.044147 282.597576 3451.261047
396.631714 369.701408 3446.946716
418.426632 58.798691 3436.251251
418.306160 102.780396 3430.138733
450.129570 103.136782 3435.540985
463.281132 163.836639 3498.740662
466.162743 219.833593 3361.324493
386.382328 102.422876 3424.736481
361.580589 170.323483 3495.498047
345.073357 232.974752 3456.850891
418.398788 147.370142 3413.755371
439.514614 192.532293 3400.904663
438.856705 282.189606 3473.049957
441.257252 366.204838 3433.009735
397.426266 192.247284 3393.839355
397.762859 282.336754 3458.308777
396.819134 368.017857 3448.153839
418.003967 59.201614 3437.222717
417.887100 102.997684 3429.909119
449.716278 103.380283 3435.207001
462.952778 163.496647 3496.854858
464.588573 220.427490 3367.821259
385.959423 102.613867 3424.611237
360.296082 171.429428 3497.188568
343.101929 234.321007 3467.903687
417.940830 147.563828 3412.908051
439.028778 192.737738 3399.371521
439.287712 282.292603 3475.111267
441.245647 366.678177 3435.084778
396.918491 192.414310 3392.442444
397.780334 282.711525 3451.454407
396.701614 369.654373 3450.326111
418.711933 58.830500 3438.252686
418.174084 102.722237 3430.831421
450.078209 103.212673 3431.624359
462.736107 163.781158 3499.611603
463.460896 220.839615 3371.498932
386.255196 102.231525 3430.038483
358.378658 171.266144 3494.070099
342.120918 234.944481 3476.828705
417.707268 147.249550 3413.429626
438.323250 192.543692 3396.546387
438.638077 282.162380 3472.853027
441.036186 366.420822 3430.485077
396.141689 191.922586 3395.509277
397.818031 282.056156 3457.305725
396.020943 367.334610 3450.691681
418.691505 58.744394 3440.990204
418.162754 102.388321 3432.281891
450.041164 102.965841 3433.952911
462.671803 163.871212 3501.286469
463.173637 220.731794 3370.682648
386.253307 101.810234 3430.610870
358.968590 169.099760 3491.902496
341.886772 231.687962 3466.969574
417.651581 146.870384 3414.328308
438.202126 192.175598 3397.467316
439.559795 281.640255 3476.722961
441.531292 366.216579 3432.037994
396.054348 191.469572 3395.282135
398.090458 281.844051 3448.922333
397.722828 368.069012 3452.113312
418.856438 59.085348 3438.972015
418.455814 102.815208 3431.492798
450.364231 103.400024 3432.121765
462.563072 163.909647 3498.025452
463.111633 220.947487 3368.393372
386.535656 102.230169 3430.863831
359.778145 167.380383 3490.275696
342.101692 229.153811 3462.515991
417.844391 147.326883 3413.926483
438.308624 192.674566 3396.771332
439.567005 281.989964 3480.164429
441.845947 366.583214 3433.301147
396.139561 191.923342 3395.949005
398.265450 282.146759 3454.126831
397.608604 367.669796 3446.940674
418.830894 58.485323 3440.216492
418.297955 102.242220 3432.569183
450.152641 102.910017 3435.316315
462.514904 164.127640 3502.090118
463.035038 220.857399 3369.586212
386.392216 101.573341 3429.822052
360.102139 166.401278 3492.816833
342.256256 227.661987 3460.514557
417.741600 146.749088 3415.235504
438.230072 192.104067 3399.698364
439.788208 281.501793 3479.204224
441.889378 365.723946 3433.856506
396.106808 191.315626 3396.105286
398.398556 281.556004 3454.018066
397.126030 367.229038 3445.120789
419.270176 58.699797 3439.152191
418.736996 102.559296 3431.767181
450.573349 103.178461 3435.768677
462.510338 163.742466 3500.179871
463.459007 220.570107 3368.299988
386.826347 101.938671 3427.765686
360.345520 166.149948 3491.271606
341.563946 227.244318 3458.808105
418.354294 147.086334 3414.557922
439.006153 192.404766 3399.965332
441.224121 281.960060 3474.159576
442.628242 367.086937 3430.799835
396.896862 191.723682 3394.731995
399.229225 282.129284 3447.830841
398.169628 368.440590 3444.602234
419.221287 59.474470 3441.446686
418.545078 103.056547 3432.655701
450.393688 103.740309 3435.733795
462.540379 164.027407 3497.481354
463.227196 220.697033 3363.338013
386.639305 102.371550 3429.577606
359.865349 166.909344 3492.782776
339.191345 228.001156 3458.411499
418.011314 147.503609 3413.979492
438.534634 192.838846 3397.316254
440.133350 282.329578 3475.445526
441.214474 366.038498 3428.811859
396.383801 192.039900 3393.290314
398.015545 282.593662 3442.732635
396.684860 368.365883 3446.722870
419.459003 58.702560 3438.630066
418.612988 102.535675 3431.820465
450.435745 103.382978 3436.275696
462.550850 164.505226 3498.928253
464.083408 220.615906 3358.786926
386.707489 101.686140 3427.365234
359.627598 167.301865 3494.063782
338.247482 228.355379 3464.167786
417.932384 147.086987 3415.304443
438.268456 192.554317 3401.701996
439.822918 281.865166 3481.915924
441.215504 365.573811 3436.284210
396.185875 191.587383 3395.874847
398.207462 282.008160 3447.769043
397.317398 367.061119 3449.593323
419.209339 59.393171 3437.223267
418.506145 103.185928 3430.612518
450.319324 104.128315 3435.913422
462.482220 164.432133 3497.242401
464.516235 220.516445 3356.361694
386.594501 102.240572 3425.311615
359.904179 166.908176 3491.881348
339.561172 228.072618 3461.031189
417.752930 147.769907 3414.404388
438.007359 193.310366 3401.662720
439.526047 282.644852 3480.946655
441.347408 367.146160 3431.548828
395.934837 192.246906 3394.729797
397.906643 282.662636 3447.695709
397.438625 367.635292 3442.493958
419.263241 60.419535 3437.098297
418.313232 103.919781 3430.147522
450.128746 105.019014 3435.395966
462.605267 164.595177 3497.355560
464.185616 220.590672 3355.585236
386.400181 102.817183 3424.899078
359.731968 169.282957 3490.260590
340.221828 231.131710 3450.517548
417.334179 148.496000 3413.663086
437.365997 194.140572 3400.610779
438.875313 283.445652 3480.918365
441.258694 367.360153 3429.261475
395.282799 192.867754 3393.746521
397.675003 283.182289 3450.359619
396.707691 368.597900 3440.957245
419.776886 60.452562 3439.273865
418.511536 103.937805 3431.416718
450.313591 105.200186 3436.520142
462.565887 165.345285 3501.846771
463.574638 220.948139 3356.785767
386.614723 102.671648 3426.313293
359.244278 170.927010 3491.129883
340.711029 233.328014 3454.667633
417.286079 148.499331 3415.124817
437.058174 194.234076 3402.170288
439.671650 283.436314 3482.836853
441.639542 366.264679 3430.083527
394.998287 192.740536 3395.495544
397.962124 283.102089 3448.259033
396.899952 368.049751 3441.712830
420.137169 59.882372 3439.248596
418.770985 103.457479 3430.983856
450.591099 104.799271 3435.328674
462.662155 165.384922 3501.745148
463.741116 220.763689 3354.386627
386.870190 102.112289 3426.639038
359.192711 171.605827 3489.902161
340.927013 234.475863 3452.258331
417.378056 148.002113 3414.359070
436.995277 193.794279 3400.575623
439.714977 282.922153 3484.323303
442.124382 365.671074 3426.044403
394.912525 192.169659 3394.892944
398.569908 282.544464 3447.137054
396.588524 367.334576 3439.510895
419.457390 60.563885 3438.675659
418.799309 103.940243 3430.249695
450.618324 104.774328 3435.360260
462.578831 165.429623 3501.482300
463.902512 220.781610 3353.680206
386.885330 103.103668 3425.139130
360.687950 171.955536 3485.338715
341.771141 234.608471 3454.246307
418.203300 148.474869 3412.839111
438.637253 193.929600 3398.771118
441.427162 282.919338 3486.757050
443.746754 366.507374 3430.433167
396.523567 193.001976 3392.085938
400.029545 283.308632 3448.958862
398.537601 369.580524 3437.375702
419.464119 59.698488 3438.926147
419.091579 103.433773 3431.519989
450.909359 104.094172 3436.384735
462.630432 164.891670 3502.876465
463.872059 220.560373 3358.702606
387.183506 102.771503 3426.655243
361.946159 172.207329 3481.905762
342.174133 234.547068 3449.588379
418.711006 147.997066 3415.028137
439.345287 193.345333 3401.717377
440.339722 282.430550 3487.097076
443.160736 365.366615 3434.117157
397.268818 192.639685 3395.355194
398.988281 282.772533 3456.598206
397.294018 367.733105 3443.479431
419.661358 59.731859 3439.656189
419.233955 103.376404 3432.418945
451.035461 103.976395 3437.695679
462.602245 164.342886 3501.628693
463.879784 219.906326 3356.395477
387.334499 102.774525 3427.142212
362.620892 171.981628 3486.963593
342.362240 234.469442 3463.827759
418.984566 147.899649 3415.236053
439.750168 193.178925 3401.503693
439.814472 282.389935 3484.597687
442.785038 365.876827 3432.698547
397.672428 192.566849 3394.602631
398.624737 282.971935 3447.629242
397.186661 367.360359 3441.183289
419.376846 59.451433 3438.869568
419.073177 103.138859 3431.538391
450.847527 103.774538 3438.214508
462.523041 164.343109 3505.778503
464.354736 220.119530 3363.240784
387.174957 102.500708 3424.862274
363.507660 172.389565 3493.967377
342.515739 234.374977 3468.326935
418.884384 147.685158 3414.596375
439.694275 192.980965 3402.020325
439.507233 282.227440 3484.301056
442.443775 366.077465 3431.457092
397.639126 192.369713 3393.288391
398.235786 282.838966 3445.992554
396.864658 365.751171 3442.557678
418.641689 59.679245 3440.154968
418.373589 103.221291 3431.988281
450.145706 103.899010 3438.661377
462.592323 164.160221 3507.704956
464.123852 220.128868 3367.603455
386.477669 102.540928 3425.315186
363.728451 172.186197 3490.165009
342.579597 234.303017 3465.154907
418.120594 147.762989 3415.061096
438.863331 193.081490 3402.497681
438.597771 282.374794 3483.337006
441.482712 365.808266 3432.707886
396.812817 192.414482 3393.770142
397.594391 282.873882 3446.558075
396.879833 365.245697 3441.972382
418.850739 58.835838 3440.673248
418.487881 102.586882 3432.818024
450.252789 103.263639 3439.485352
465.067612 164.319660 3532.438202
463.327549 217.083595 3370.932312
386.599377 101.907497 3426.150696
363.803604 169.705364 3487.576630
343.516045 231.590904 3461.008942
418.231625 147.131790 3416.262451
438.962002 192.443064 3404.066803
439.687786 281.699993 3484.686401
442.213955 365.050552 3431.628479
396.929787 191.777224 3395.346954
398.240799 282.244434 3446.498199
397.733883 365.748184 3448.643829
418.930733 58.750780 3438.774536
418.647388 102.769958 3432.559570
450.410683 103.412762 3439.393616
463.995415 163.489403 3521.523285
463.665585 217.816521 3370.953186
386.757374 102.124615 3425.725525
363.845592 167.771959 3487.485168
344.218792 229.737528 3463.177368
418.440605 147.353319 3416.755737
439.211151 192.658001 3405.421143
439.594711 282.080292 3480.675842
442.395298 366.309311 3431.015717
397.197441 192.043230 3396.482666
398.640324 282.687767 3438.756958
398.087986 366.273708 3449.991577
419.287994 58.312649 3437.263916
418.877998 102.469688 3431.916870
450.638649 103.111771 3439.066772
463.201653 164.110577 3508.627258
463.863441 219.550232 3365.129608
386.984756 101.824945 3424.766968
363.887650 166.891989 3490.781342
344.568741 228.747231 3458.149200
418.694595 147.074112 3416.420654
439.483955 192.385986 3405.599945
440.192814 281.828121 3480.298737
442.403469 366.436649 3431.808929
397.477283 191.783215 3396.248932
398.938671 282.316841 3443.558533
397.676960 364.954216 3451.105591
418.758282 57.869711 3439.405151
418.599770 101.751045 3433.381073
450.348679 102.343054 3440.504883
462.835087 163.879829 3507.005676
463.400402 219.735369 3366.855286
386.718819 101.156582 3426.257263
363.890224 168.765656 3489.746979
343.867744 230.753368 3447.778381
418.498146 146.302803 3417.200134
439.370384 191.547112 3405.677673
439.681366 281.043869 3479.559906
442.144741 365.575699 3431.026428
397.363266 191.009125 3396.360718
398.598232 281.523663 3445.115021
396.888794 365.550671 3446.483368
418.613297 58.509527 3438.181549
418.604027 102.368134 3432.924316
450.315857 103.011829 3441.521118
462.846279 162.595682 3510.287292
463.549335 218.251648 3368.744934
386.732998 101.721176 3424.327515
363.916592 170.196590 3492.546570
343.296730 232.353424 3448.646851
418.540787 146.945126 3417.101257
439.426620 192.214325 3406.900177
439.314972 281.338509 3489.362457
442.089466 366.600552 3430.028320
397.457920 191.658520 3395.656219
398.337719 282.073975 3448.613617
397.622372 366.333309 3445.378143
418.435043 59.432825 3438.681976
418.261803 102.986578 3432.673828
449.992310 103.618824 3440.725433
462.671013 163.462675 3508.450378
463.722919 219.016674 3364.884888
386.382156 102.351345 3424.622223
363.932316 171.118000 3493.984406
343.021763 233.245239 3452.261078
418.163200 147.578505 3417.050171
439.021122 192.859205 3406.691711
439.135277 282.019180 3488.108917
441.735947 366.885612 3427.017242
397.041229 192.300087 3396.161316
398.037003 282.756020 3446.858276
397.070103 366.630936 3444.227600
419.117466 59.284201 3437.838776
418.224346 103.129349 3432.650757
449.991039 104.143267 3438.887695
462.516380 164.187378 3503.520813
464.380486 220.498713 3366.466919
386.341988 102.111723 3426.413818
363.708160 171.585674 3490.765686
342.862461 233.673912 3450.377747
417.426979 147.727249 3417.467377
437.599800 193.285458 3406.363220
438.217335 282.705173 3480.406677
440.871117 366.985760 3426.648376
395.594845 192.159702 3398.204773
396.972221 282.621918 3446.543518
396.027946 365.754021 3444.629700
419.685940 58.792374 3437.405365
418.371151 102.860579 3432.857574
450.179283 103.993698 3437.079620
462.295692 165.462255 3503.470551
464.230797 221.633978 3364.209503
386.484673 101.724644 3428.635529
363.571072 171.826841 3485.211273
342.777145 233.991606 3445.395447
417.230118 147.488949 3418.621765
437.065212 193.165432 3407.146820
439.293480 282.540138 3480.509674
441.562191 366.540058 3431.001434
395.059845 191.814560 3401.625092
397.532490 282.214668 3447.892365
397.208977 365.642990 3449.887482
419.075787 59.327631 3437.761047
418.085678 103.219042 3432.822144
449.916229 104.238522 3436.300140
462.485825 164.409285 3507.219910
464.025902 220.675318 3370.088837
386.190582 102.197519 3429.344147
363.526783 171.956223 3486.947937
342.704395 234.139252 3441.875702
417.056499 147.819294 3417.788452
437.024734 193.426529 3405.028931
439.933777 282.833027 3478.327789
441.755344 367.053806 3429.165619
394.983559 192.199888 3400.480591
398.059181 282.717842 3442.091858
397.403744 366.064213 3443.338531
419.196053 59.366255 3438.492188
418.107685 103.250198 3432.318695
449.908813 104.351028 3437.262817
462.425022 164.717623 3506.512390
463.544220 221.169926 3371.198181
386.214821 102.146175 3427.374573
363.478546 171.804646 3483.280701
342.702061 234.221151 3448.893494
417.091244 147.824890 3416.528320
437.066757 193.455420 3403.970947
439.773994 282.893898 3477.549683
441.900398 366.552727 3430.746826
395.023968 192.170500 3397.504944
397.840519 282.663906 3443.738159
397.610596 366.480938 3438.823975
419.224514 58.460089 3436.592926
418.277561 102.646620 3432.497772
450.047653 103.754402 3438.692688
462.441055 164.730583 3507.756317
462.886482 221.624760 3377.875671
386.392628 101.534838 3426.302856
363.452248 171.831493 3481.431702
342.722351 234.204466 3446.202667
417.334797 147.271729 3417.915070
437.352814 192.903751 3407.383301
439.860168 282.074661 3486.272003
442.043530 365.502914 3436.628906
395.365059 191.653267 3399.281433
397.974586 281.908974 3452.977936
397.938160 365.652294 3443.912018
418.328922 59.473011 3437.344116
417.738853 103.199369 3432.660370
449.512310 104.123320 3438.893188
462.414139 164.514393 3505.407166
462.623428 221.624039 3377.644684
385.849800 102.272072 3426.427551
363.417469 171.676037 3477.721069
342.718575 234.228069 3445.324036
417.062027 147.817577 3417.789001
437.353329 193.328390 3406.993561
440.104546 282.762371 3478.298401
441.844093 367.310440 3432.423065
395.354897 192.321922 3398.841705
397.946949 282.794266 3444.251770
397.712288 366.303303 3443.567047
418.527569 59.356144 3437.159271
417.908489 103.172659 3432.601044
449.664471 104.065727 3439.587250
462.486031 164.349152 3510.684448
462.807999 220.936380 3378.133026
386.023006 102.275969 3425.614838
363.341972 172.281624 3482.595978
342.719639 234.309849 3432.423340
417.340221 147.784893 3417.523682
437.733559 193.261906 3407.014709
440.445637 282.419529 3485.787781
442.062172 366.194744 3432.047333
395.743950 192.321836 3397.877930
398.722137 282.823792 3443.005646
397.320316 365.897461 3446.783844
418.500721 58.390120 3435.929626
418.074451 102.670618 3434.020752
449.888695 103.315241 3437.982697
466.397335 164.111950 3531.815826
462.249550 217.482021 3378.941071
386.186703 102.024502 3430.058807
363.276398 172.667828 3479.981781
342.596386 234.541883 3424.209412
417.599052 147.325321 3420.374634
438.103455 192.694771 3409.319641
440.364029 281.949795 3484.913544
442.156174 365.965439 3428.887115
396.104336 191.980230 3404.137390
398.606884 282.298302 3450.981995
397.529091 364.736172 3454.174622
418.447334 58.225136 3437.004913
418.186684 102.520741 3434.818909
450.039585 102.963146 3436.759644
464.778500 162.183111 3526.646759
463.024017 216.981869 3383.730286
386.297768 102.077854 3432.878174
363.688763 170.079243 3483.747620
343.620312 231.891415 3440.851501
417.842468 147.157505 3420.964874
438.499031 192.415615 3408.380035
440.376080 281.809273 3481.473175
442.058052 366.781586 3427.419617
396.476154 191.898743 3405.841644
398.597614 282.286697 3448.463928
397.551613 365.948444 3449.171997
419.052956 58.763723 3439.249695
418.501442 102.792961 3435.388550
450.366291 103.288616 3436.529205
463.623528 162.724342 3514.737305
463.479675 218.795162 3380.453339
386.615376 102.296997 3434.247894
363.714615 168.368483 3489.588776
344.254189 229.944105 3436.148804
418.031639 147.371618 3420.386993
438.580467 192.650396 3406.131134
439.977825 282.089767 3479.921906
442.218006 366.612328 3426.427277
396.525696 192.035505 3404.639740
398.611553 282.390930 3449.970703
396.833828 366.011238 3443.791168
418.775654 59.137705 3440.937744
418.196365 102.956503 3435.237762
450.068733 103.566416 3436.032074
463.062950 163.554222 3510.081573
463.192520 220.090347 3378.367310
386.309269 102.346281 3434.443451
363.724743 167.707329 3491.942596
344.732197 229.002989 3427.212524
417.549820 147.470135 3418.794250
437.942471 192.803123 3402.870117
439.684559 282.305374 3476.935822
441.288975 367.948540 3427.240265
395.845127 192.024845 3401.831360
398.013966 282.349457 3451.156677
395.593643 366.740662 3440.927307
418.863373 58.831341 3438.384796
418.293423 102.845318 3433.980377
450.121880 103.546005 3437.319397
462.733978 163.982140 3508.366333
463.574226 220.414890 3374.163940
386.403030 102.143274 3430.641357
363.728897 167.080868 3493.650696
344.878830 228.582058 3436.857422
417.708916 147.436180 3418.883240
438.127487 192.827620 3405.969910
439.985275 281.988934 3486.682617
442.097225 366.390232 3434.515961
396.083977 192.017035 3401.602295
398.622162 282.343208 3450.787811
397.288044 366.763836 3443.995514
419.246864 58.920879 3437.659973
418.318932 102.955919 3434.102600
450.083015 103.964516 3439.869873
462.508656 164.477709 3508.185059
463.799515 220.638342 3370.410187
386.447971 101.943907 3428.335327
363.835670 167.077366 3494.496094
345.045959 228.332754 3430.393066
417.473122 147.588564 3420.107941
437.578102 193.154240 3409.884888
439.447289 282.463646 3483.663574
441.619869 366.692322 3433.566467
395.616131 192.020451 3402.341675
398.027664 282.289307 3453.145477
396.671368 366.085361 3444.660187
418.873535 57.924093 3437.302643
418.182049 102.142708 3435.841736
449.966320 103.005409 3440.284882
462.572617 164.280487 3506.225922
463.881569 220.649019 3370.207214
386.315483 101.277792 3431.398590
363.782455 167.167694 3494.375244
344.966652 228.356735 3420.677582
417.429005 146.785789 3422.632324
437.625790 192.267231 3412.328247
440.292824 281.699924 3480.399536
442.108074 366.073036 3432.346985
395.678787 191.281551 3406.517578
398.729759 281.557858 3452.171265
397.338135 366.097721 3448.521606
419.172707 56.559505 3435.997742
418.392162 101.113392 3436.631104
450.202663 101.896442 3439.645477
462.500793 163.689697 3509.142242
463.893517 219.818470 3371.241302
386.525768 100.328985 3433.616730
363.833405 167.407127 3489.807404
345.104633 228.479319 3415.200348
417.607155 145.855471 3426.186401
437.753712 191.334732 3417.712921
440.410721 280.886147 3478.265717
442.339508 365.710693 3435.400635
395.856903 190.407057 3413.770477
398.848171 280.505367 3459.682068
397.431141 365.534191 3448.442780
418.505081 57.398140 3436.488831
417.808926 101.959545 3436.947784
449.661861 102.698410 3437.653931
462.454239 162.888742 3511.462555
463.879852 219.007095 3374.134552
385.942875 101.220388 3436.241638
363.887924 166.724567 3492.606445
345.003765 228.446995 3438.189789
416.920715 146.653473 3425.392090
437.000393 192.124357 3414.298370
439.093975 281.711597 3476.995422
441.270195 367.862469 3424.412384
395.046936 191.175482 3413.374420
397.917526 281.435017 3452.262177
396.228035 368.134071 3439.773468
419.308903 58.954628 3438.427917
418.224415 102.965807 3436.953552
450.093178 103.842653 3436.630554
466.488487 163.064798 3528.582001
463.031364 216.807907 3377.547455
386.361626 102.089098 3437.276550
363.613232 166.619390 3495.131653
344.934689 228.165831 3447.673462
417.080566 147.571981 3423.415649
436.932140 193.115856 3409.666534
439.254478 282.800686 3472.425659
442.061073 367.997223 3422.644135
394.925709 191.948971 3410.088959
398.264557 282.257996 3449.680939
397.021557 368.457687 3433.545868
418.443317 57.694530 3439.375763
417.996964 101.893456 3438.702301
449.861984 102.353010 3438.125244
464.494949 164.071163 3516.763184
463.796116 219.417023 3375.894836
386.142586 101.434090 3439.279358
363.644268 166.526161 3490.743988
344.872513 228.023335 3446.273254
417.418121 146.517002 3425.960358
437.828041 191.786390 3412.841034
440.499264 281.363125 3476.791901
443.460182 364.559395 3431.297516
395.846638 191.161148 3413.595795
399.269188 281.315575 3456.236481
397.776077 367.236351 3443.159454
418.154480 58.963108 3438.168640
418.188263 102.969275 3437.427063
450.080475 103.111376 3436.194122
463.547550 162.649240 3512.501587
463.334175 219.134966 3382.147156
386.318916 102.827259 3438.660004
363.762852 166.272909 3488.564301
344.826267 227.977947 3445.528107
418.014404 147.597988 3424.192657
438.853958 192.687836 3410.151855
440.769459 282.273823 3476.215942
443.159088 367.267971 3428.130432
396.834446 192.458273 3411.764648
399.042561 282.713310 3452.914215
397.928616 369.589108 3436.437744
418.846756 57.743780 3437.531433
418.698990 101.880100 3437.866241
450.581692 102.028913 3437.053253
462.961292 163.766052 3505.348114
463.240688 220.957134 3379.913910
386.831394 101.731339 3438.679230
363.722786 166.364817 3487.966370
344.884975 227.882572 3451.169586
418.546005 146.521500 3425.107544
439.394657 191.608755 3411.817108
440.744705 281.254532 3475.856140
442.478657 365.753677 3432.134674
397.395710 191.384771 3412.880585
398.963837 281.693745 3451.638702
397.221336 367.611946 3442.067963
418.636642 56.897318 3437.776428
418.589298 101.192545 3438.974487
450.458885 101.299370 3438.381226
462.716125 162.984444 3507.927155
463.671970 220.605589 3387.696350
386.730698 101.085772 3439.567749
363.830864 166.101128 3491.630310
344.878006 227.907154 3450.327209
418.502815 145.864363 3427.315247
439.397369 190.921646 3415.267914
440.686958 280.523563 3478.412109
441.835133 365.739429 3434.365723
397.438969 190.760645 3416.044098
398.508385 281.048195 3452.749420
396.571564 367.009140 3443.779083
418.801197 56.972437 3437.952484
418.906460 101.381596 3438.906097
450.769661 101.384857 3438.721802
466.637318 161.650978 3533.419006
463.260292 216.040237 3390.857666
387.046658 101.378334 3439.090393
363.883667 165.352238 3493.513916
347.403557 227.649319 3449.387329
419.007740 146.021107 3426.423706
440.098606 190.992388 3413.820740
440.591927 280.698246 3475.211517
442.739273 366.465523 3426.860413
398.122387 190.981762 3414.061890
398.958000 281.411499 3446.284790
397.450676 368.252243 3439.041504
418.529423 57.874483 3436.338043
418.827530 102.094196 3437.030731
450.679195 102.137730 3438.295807
464.655075 161.853745 3524.716736
464.024803 217.209801 3386.345581
386.952415 102.050646 3435.765656
364.113590 164.945194 3493.311218
348.640411 227.484833 3453.247650
418.989098 146.743801 3424.132507
440.141899 191.738033 3412.061554
440.201740 281.437798 3474.932739
441.996117 367.367500 3424.067688
398.151775 191.724112 3410.407013
398.674656 282.277840 3441.112976
396.587700 368.499710 3444.268799
419.107475 60.157545 3423.704315
419.292492 104.699226 3430.875916
451.140621 104.943827 3434.762054
467.679199 162.325401 3539.443359
463.270557 215.209723 3384.604797
387.372128 104.454077 3426.989777
364.028446 165.932453 3495.459869
347.310242 228.016640 3448.379883
419.297813 149.637257 3423.250580
440.233429 194.869686 3418.166931
440.426994 284.300045 3482.741821
442.024269 369.094345 3435.209747
398.341702 194.682009 3413.083557
398.559505 285.109291 3445.410553
397.083595 369.709339 3446.186737
418.345539 60.391726 3430.324402
418.861794 104.697269 3433.732086
450.753319 104.629927 3434.127869
466.597836 165.050406 3522.846313
463.589539 219.495111 3375.528442
386.962921 104.764629 3433.336304
363.989960 167.049316 3496.541748
346.465118 228.500725 3443.226746
419.075306 149.541521 3424.519775
440.261856 194.576591 3415.566467
440.217155 284.270554 3473.947815
441.957493 366.200409 3428.711060
398.314922 194.678799 3415.048462
398.171688 285.196152 3439.310669
397.237267 367.908577 3447.794037
418.477203 59.942127 3433.666168
419.152039 104.205631 3435.313019
451.038895 104.050982 3435.409424
464.626991 164.960747 3512.417816
463.232861 220.780048 3374.895355
387.263363 104.360281 3435.216614
363.968983 169.043404 3496.548615
346.842052 231.013298 3452.028717
419.483517 148.969391 3424.565369
440.798023 193.911610 3413.880615
440.903561 283.551670 3475.792419
442.432274 365.663246 3425.660706
398.835400 194.118427 3413.754822
398.678947 284.571133 3443.687897
397.637581 366.967461 3447.384521
418.827599 59.760269 3435.322632
419.482830 103.996960 3436.085083
451.331818 103.874960 3437.756378
463.525612 164.518032 3508.507233
462.897846 221.066105 3376.801483
387.602840 104.119062 3434.413788
363.888680 168.618404 3501.584473
346.027863 230.389154 3446.670135
419.898560 148.713959 3424.412933
441.289799 193.627785 3413.833649
441.035637 283.509579 3467.634796
442.702469 366.266155 3430.349945
399.331020 193.845984 3411.647919
399.046680 284.316525 3443.884277
397.863453 366.723633 3447.401001
418.520256 59.337072 3436.143036
419.226334 103.563583 3436.585236
451.086720 103.406393 3437.555878
463.039845 164.033775 3507.378662
463.633621 220.576338 3374.407288
387.347923 103.720877 3435.614594
364.340458 168.615829 3500.200745
347.963757 229.430202 3428.224640
419.637909 148.273544 3424.903198
441.030865 193.169346 3413.855896
439.999249 282.976227 3470.710144
441.790878 365.801811 3432.531830
399.065941 193.409775 3412.586426
398.174538 283.707642 3451.503021
396.829296 366.196770 3445.238342
419.036751 59.023447 3436.523712
419.584934 103.398668 3437.685242
451.438866 103.318005 3438.534485
462.847618 163.459723 3503.290100
463.857262 220.683798 3377.058838
387.715279 103.479349 3436.835999
364.157639 168.282858 3498.893372
346.862789 229.330965 3429.396606
419.875317 148.111050 3426.401184
441.137192 193.051243 3415.672485
440.159615 282.797802 3473.279572
442.157135 365.872124 3436.486633
399.191185 193.186615 3414.561768
399.098145 283.508789 3450.357971
396.752495 366.683189 3446.521271
419.584831 59.753111 3436.737671
419.769573 103.763346 3436.276245
451.589790 103.953100 3439.227448
462.723747 163.565689 3506.874115
463.378532 220.539688 3378.295074
387.894630 103.573265 3433.325043
364.055878 169.347416 3497.682404
348.714500 231.528351 3445.502838
419.843559 148.471264 3424.401398
440.879356 193.564613 3414.456573
440.277374 283.242302 3475.104126
441.825897 366.111557 3432.329407
398.933109 193.415972 3410.596527
398.213642 283.805557 3448.042603
396.555977 366.840637 3437.904694
419.331974 59.965490 3436.287506
419.528423 104.092249 3436.481689
451.385754 104.174131 3437.607788
462.605061 164.558149 3505.695557
463.231934 221.607817 3377.156067
387.650185 104.010298 3435.355591
364.210133 170.294163 3497.102875
348.334030 232.548328 3446.279846
419.616314 148.794056 3424.481598
440.686855 193.844833 3413.217865
440.274971 283.656315 3470.331940
442.011292 366.641098 3432.295074
398.713760 193.775654 3411.745148
398.546013 283.991604 3455.093079
396.493938 367.647926 3439.394989
419.174458 59.190765 3440.013519
419.483345 103.330021 3438.732788
451.342117 103.356045 3438.785522
462.522011 164.802784 3504.031677
462.872097 222.297758 3380.339905
387.623577 103.303997 3438.680054
364.617760 169.199959 3500.202942
349.105408 230.690145 3451.728516
419.579544 147.951267 3425.576660
440.670547 192.932814 3412.455139
440.388851 282.742973 3470.839783
442.150028 365.514347 3432.183563
398.682003 192.900301 3412.385925
398.741844 283.179577 3453.002380
396.502281 366.771320 3444.958740
419.012135 60.841581 3438.450714
419.472050 104.691811 3437.941223
451.345413 104.664980 3437.669861
462.553871 163.964390 3499.186432
462.756397 221.734159 3378.153351
387.603733 104.718624 3438.212585
364.775723 168.570992 3494.390625
349.581802 229.025700 3429.252411
419.609585 149.365946 3425.683502
440.740139 194.347939 3413.248352
440.551483 284.006641 3475.047546
442.006416 367.686241 3433.431885
398.758255 194.373962 3413.603210
398.707031 284.779701 3445.767059
397.047752 368.303192 3447.995636
419.139645 61.115107 3438.795135
419.472908 105.143623 3438.245819
451.349052 105.124123 3437.705566
462.597336 164.878349 3505.540924
462.807346 221.839577 3376.190918
387.606754 105.163107 3438.786072
364.507175 169.202431 3500.552856
347.886955 228.944160 3422.078064
419.578377 149.820660 3426.107849
440.676762 194.811819 3413.616669
440.341747 284.477303 3474.733063
442.123146 366.817669 3430.090118
398.696766 194.818943 3414.323090
398.234035 285.229900 3445.450104
397.130665 367.871155 3448.778412
419.378460 61.554405 3439.037109
419.563648 105.654127 3438.091461
451.448341 105.589754 3437.176849
464.906044 165.398312 3538.958038
462.270252 217.992645 3378.956177
387.695915 105.718483 3439.006073
364.329300 170.122982 3498.603058
347.415436 231.121204 3431.755096
419.707569 150.322426 3425.642853
440.853607 195.289879 3412.596039
441.000549 284.695827 3481.547333
442.247875 366.794220 3428.323517
398.858814 195.343248 3413.792450
398.922020 285.679585 3448.953094
396.932430 366.890968 3445.963165
419.219021 61.588085 3439.108795
419.510433 105.370783 3438.489166
451.401100 105.230124 3437.024139
463.812218 165.301220 3523.847443
462.703972 220.166376 3380.175659
387.646923 105.511339 3439.954193
364.230080 169.092207 3495.876251
348.642197 230.065229 3432.019592
419.717731 150.045193 3426.342133
440.926907 194.970022 3413.237091
440.250011 284.183212 3487.539001
442.693062 366.193680 3425.813416
398.937916 195.104914 3415.153107
398.878658 285.422882 3449.858368
397.704357 366.117599 3446.975555
418.497356 60.491032 3452.105347
419.127285 103.843288 3446.034302
450.943691 103.563086 3444.763458
463.137245 165.193829 3515.053436
462.679287 221.122066 3378.579071
387.334328 104.123285 3447.305145
364.066109 168.517124 3492.266418
347.176380 229.500910 3435.132843
419.583012 148.210854 3429.376282
441.050400 192.848253 3411.887146
440.175201 282.292946 3482.001617
442.548454 365.495808 3424.608490
399.046268 193.174736 3413.549377
398.762512 283.544495 3448.813019
397.534138 365.621910 3441.925415
418.500893 60.781826 3444.522858
419.191177 104.497816 3442.857880
451.020973 104.169909 3442.426941
462.767658 164.044281 3510.705048
462.807037 220.438408 3377.498291
387.369347 104.825638 3443.288818
364.124062 168.178659 3496.613159
346.427147 229.291569 3443.808746
419.761402 149.016666 3428.633057
441.324303 193.697668 3414.126434
440.051056 282.794163 3491.745392
442.692032 367.595810 3429.141998
399.351963 194.115303 3414.690033
398.933075 284.425117 3450.939972
397.317501 368.359669 3442.462921
418.836250 60.159485 3456.497406
419.667400 103.453651 3448.037933
451.391281 103.273012 3450.337646
462.705208 164.297224 3509.141693
463.617691 221.134598 3379.500824
387.901154 103.634514 3445.738220
364.063225 168.133959 3499.370728
346.070503 229.175097 3448.152466
420.314289 147.645847 3428.354279
441.960686 192.189709 3410.174652
440.638206 281.617458 3482.375977
443.120327 365.557365 3419.516876
399.958031 192.507317 3407.166595
399.183426 282.908592 3448.603455
397.626457 365.546070 3429.332886
419.251877 60.929832 3447.283997
419.832813 104.766706 3443.356384
451.629444 104.509901 3444.280060
462.598915 163.963566 3509.091431
463.295242 220.607168 3377.142059
388.019119 105.023632 3442.432709
364.037888 166.706474 3502.429596
347.975464 228.412577 3448.301056
420.433250 149.188620 3427.151001
442.031307 193.847288 3411.549591
440.367840 283.274815 3481.887909
442.724957 367.994545 3427.043610
400.040016 194.218060 3410.341644
398.554356 284.371181 3457.110718
397.090805 369.338860 3443.406921
418.874840 60.122080 3440.986908
419.589878 104.269438 3441.477448
451.401615 103.958113 3442.561249
462.566711 165.202171 3510.435333
463.334175 221.337742 3372.627228
387.758091 104.580935 3440.393646
364.214458 165.932762 3501.699280
349.019577 227.626934 3448.212616
420.243359 148.856403 3428.572357
441.863251 193.556597 3416.376160
440.414635 283.072563 3480.407227
442.371403 365.574223 3431.042358
399.931595 194.004084 3414.958374
398.792553 284.100060 3459.686737
396.391251 366.657406 3442.056152
418.933136 60.296745 3439.509247
419.771118 104.216721 3440.878418
451.596313 103.856163 3441.584839
462.483284 164.921745 3507.004852
463.184555 221.825964 3377.138763
387.932877 104.577433 3440.171997
364.141571 165.326351 3508.641815
348.359711 226.433733 3448.036011
420.452271 148.868248 3429.255432
442.092556 193.573986 3418.094421
441.081779 283.139030 3479.297882
442.658627 366.408909 3431.590851
400.177998 194.073092 3417.170471
399.119328 284.278244 3454.495972
396.778725 368.675594 3445.567383
418.915661 60.255787 3438.206543
419.808094 104.360092 3440.368652
451.646233 103.953049 3440.655121
462.461346 164.738256 3507.293518
462.896404 221.673374 3377.818268
387.964634 104.767187 3440.082184
364.190872 165.258717 3509.300995
349.346764 226.308008 3451.780975
420.510944 149.069298 3429.954712
442.165787 193.778091 3419.728088
440.937618 283.373005 3478.534607
442.495857 366.347145 3430.530121
400.268154 194.323563 3419.353455
399.067589 284.484032 3456.246094
396.665085 367.591621 3441.206085
419.161205 60.801739 3438.131561
419.728340 104.993729 3440.169525
451.572796 104.632948 3440.273621
462.588100 164.499218 3509.130981
463.393295 221.148571 3376.702332
387.881962 105.354527 3440.065430
363.994835 165.905142 3504.610657
347.822617 227.253553 3454.475647
420.350819 149.713097 3429.830292
441.927727 194.463741 3419.559174
440.734921 284.159935 3474.700653
442.181683 367.108257 3428.240021
400.025528 194.942024 3419.422943
398.592224 285.144138 3453.969727
396.342155 368.687439 3440.304657
419.212120 61.022409 3438.045044
419.894440 105.154541 3440.227753
451.740063 104.833963 3440.273071
462.590263 164.926500 3509.976379
463.175629 221.269060 3374.263367
388.047958 105.475153 3440.182434
364.176968 166.247314 3498.811798
348.897423 227.426056 3444.985657
420.451206 149.893513 3430.358185
441.956841 194.679039 3420.518280
440.917500 284.352230 3475.585052
442.153976 366.456287 3433.029236
400.065147 195.102287 3420.458954
398.542923 285.152824 3460.328613
396.509800 367.683048 3440.756744
419.296474 59.577003 3440.346680
419.784679 103.841417 3441.867462
451.619900 103.573969 3441.691956
462.556789 165.573303 3509.418274
462.715302 222.226931 3376.886353
387.952686 104.108814 3442.042969
364.015846 166.998539 3506.128967
347.485439 227.992624 3448.545227
420.260525 148.509459 3430.831421
441.692139 193.292788 3419.680573
440.550694 283.004997 3474.947296
441.987534 364.250507 3429.756134
399.788120 193.638805 3419.910187
398.079128 283.800819 3456.066193
396.142822 367.458344 3439.506226
419.129620 60.305380 3438.600128
419.519051 104.392759 3441.142914
451.364227 104.129482 3440.803162
462.487335 164.547421 3508.860168
462.494751 221.580265 3381.007874
387.680157 104.655985 3441.482666
364.101883 167.211777 3503.521637
346.611958 228.505325 3452.792267
419.968769 149.102085 3430.847900
441.370995 193.913172 3420.330688
440.918152 283.604095 3475.324951
441.552853 367.036674 3432.101166
399.474049 194.247894 3420.775085
397.775734 284.373138 3457.455414
396.508976 368.847153 3440.990753
419.332695 59.740408 3438.355682
419.680515 104.018950 3441.377747
451.514912 103.800081 3441.499695
462.520603 164.695324 3511.789124
462.907906 221.236101 3378.785614
387.843853 104.237852 3441.255798
364.011589 169.046579 3497.163025
348.251221 231.568846 3463.928833
420.103249 148.720207 3430.970398
441.473648 193.547344 3420.642700
440.856937 283.314674 3472.854126
442.358562 365.744923 3429.459503
399.582470 193.839546 3420.483398
398.518135 284.012169 3455.885468
396.808834 367.118591 3441.646912
418.175045 59.274622 3451.720551
418.774521 103.238457 3448.784454
450.599785 102.734253 3444.715393
462.508484 164.608858 3510.987396
463.415749 221.444653 3380.889221
387.024273 103.741493 3452.853516
363.969772 170.239077 3496.839752
347.855335 232.971113 3460.422272
419.310585 147.619377 3433.342896
440.850449 192.138124 3415.239349
440.205173 282.166637 3463.633026
441.721287 365.463158 3422.564484
398.885216 192.664112 3420.563324
397.834133 282.920849 3452.278381
395.844406 367.544209 3442.258026
418.953701 59.983360 3444.890625
419.161240 104.095339 3444.765656
451.017677 103.893705 3441.464539
462.536911 163.413391 3513.084137
463.612541 220.070057 3381.766479
387.365810 104.296577 3448.066772
363.878174 171.131252 3500.036774
348.867519 234.387199 3468.822693
419.315495 148.652058 3432.076996
440.449104 193.463161 3417.229797
440.198307 283.269218 3470.998535
441.757507 368.088066 3431.592773
398.519096 193.615631 3421.546875
397.660103 283.711521 3459.170105
395.998489 369.196587 3442.204468
418.733906 59.918352 3440.911102
418.826225 104.176947 3443.144897
450.684586 104.119492 3440.812500
465.281502 163.961746 3547.939636
463.378292 215.899441 3383.992310
387.010986 104.234333 3445.477295
364.014439 171.479656 3497.682678
348.177544 234.453478 3458.123932
418.837006 148.830328 3432.219818
439.808189 193.771053 3419.769562
440.221516 283.529594 3472.559967
441.384556 366.618542 3434.101776
397.906162 193.766745 3422.819916
397.555012 283.904194 3457.056610
395.544445 369.050400 3447.650116
418.816441 59.770449 3439.465027
418.702526 104.108625 3443.043823
450.557934 104.123199 3441.046783
465.035648 164.652906 3536.160095
463.483143 217.823851 3378.277496
386.884060 104.094069 3445.040863
364.319412 171.866444 3500.982971
347.719036 234.390667 3460.241272
418.628746 148.803738 3433.078400
439.502254 193.802845 3421.807251
440.814537 283.484310 3474.812164
441.559273 366.171741 3434.027069
397.622749 193.715281 3424.418701
397.274689 283.793095 3459.723267
396.710506 368.276104 3448.862457
418.248413 60.237986 3442.161072
418.531380 104.573828 3443.827698
450.392658 104.411779 3441.045410
463.909687 163.913527 3527.906067
463.576561 217.906677 3374.469086
386.721565 104.735636 3446.609985
364.284290 169.379791 3506.639008
348.793568 231.658264 3458.705109
418.654976 149.231827 3433.112732
439.739559 194.110497 3420.578430
441.334259 283.983398 3467.107178
442.030106 366.635159 3430.433167
397.841377 194.228359 3424.217102
398.100998 284.327923 3458.464233
396.896793 368.178978 3445.832428
417.499214 59.698694 3454.184235
418.029133 103.559687 3450.342041
449.856388 103.098587 3445.492950
463.180023 164.536640 3520.803406
463.799721 219.375481 3372.825531
386.291176 104.019499 3455.191132
364.019623 167.253868 3503.269226
349.449623 229.423473 3457.514740
418.438202 147.923183 3434.916687
439.844410 192.465517 3416.320129
441.176571 282.380733 3466.658386
442.081810 365.062569 3427.179565
397.896481 192.907906 3422.662537
398.217453 283.033802 3458.292297
397.104195 365.703072 3444.961761
418.316425 60.155914 3447.809692
418.317249 104.044149 3447.786621
450.146461 103.855288 3444.543457
462.757359 163.589241 3521.894073
463.838654 218.704473 3376.488922
386.547844 104.232668 3451.029785
363.876045 166.853485 3499.311676
347.290363 228.557253 3446.721771
418.451180 148.585539 3435.699463
439.541325 193.372524 3421.491394
440.990868 282.932041 3478.871887
441.526176 367.294510 3438.195007
397.656807 193.510265 3425.733215
397.572144 283.615665 3458.150024
397.305725 367.991318 3452.089417
418.494610 58.489992 3442.940277
418.455299 102.905279 3446.631958
450.251587 102.927509 3445.931854
462.650551 164.028746 3520.426300
463.930218 219.393299 3376.713043
386.671955 102.883049 3447.332062
363.707268 166.785404 3498.454193
346.081215 228.213999 3451.908966
418.463505 147.557304 3436.940643
439.382195 192.488434 3426.791473
440.817387 282.101578 3477.980347
442.258862 365.132675 3436.885986
397.566856 192.435270 3427.707184
397.857891 282.549923 3457.441956
397.392483 365.083477 3449.999268
418.062126 57.032913 3439.945129
418.514111 101.835142 3447.055756
450.303635 101.476576 3446.449860
462.620579 162.898441 3520.780060
463.883766 218.638607 3381.344604
386.735779 102.193554 3447.661652
363.731438 166.562656 3498.581909
345.516518 228.065357 3456.869568
419.042484 146.592688 3440.466705
440.439972 191.297001 3433.481598
442.042603 280.999271 3474.033234
443.349358 364.461033 3437.558350
398.710602 191.746960 3434.273712
398.887413 281.725571 3462.526978
398.464130 367.146503 3459.149231
418.298161 59.136950 3439.590820
419.055016 103.346020 3444.365479
450.853432 102.659426 3444.341858
462.606915 161.631649 3520.045898
463.869656 217.460546 3381.832947
387.257046 104.032614 3444.389099
363.739986 166.748566 3498.118835
345.253498 228.010082 3441.049255
420.108913 148.069954 3436.053223
442.063030 192.560051 3427.725586
442.332504 282.582058 3460.253632
443.726360 367.870949 3426.443756
400.272961 193.461582 3427.756348
399.535606 283.727795 3446.767090
398.715958 369.543274 3443.272339
418.316975 59.961800 3438.278503
419.221493 104.103579 3443.737061
451.002434 103.299225 3444.773071
462.451836 163.403057 3516.039734
463.987312 219.082935 3374.744568
387.421463 104.908430 3442.701050
363.867393 167.753763 3501.234833
345.146072 228.145283 3432.292328
420.517467 148.845451 3435.682434
442.701130 193.251366 3428.305115
441.202904 283.171749 3464.682220
442.744663 366.926228 3433.415405
400.929668 194.344076 3426.950500
398.880821 284.523102 3451.040222
397.425716 366.800915 3445.330902
418.642513 59.812162 3439.260681
419.481457 103.944586 3444.905731
451.259239 103.100458 3445.602539
462.357422 164.160547 3520.662231
464.491447 218.952610 3371.074585
387.690834 104.789040 3444.208923
363.738716 167.591732 3505.039124
345.142982 228.074558 3437.580872
420.804588 148.691368 3437.349060
443.006241 193.068958 3430.248047
440.507160 282.862312 3470.085022
442.521950 365.645119 3435.118286
401.255276 194.201855 3429.336731
398.144875 284.190491 3459.026184
397.092899 366.571953 3454.008179
418.140747 58.196674 3440.367279
418.844799 102.673021 3446.026611
450.601501 101.915222 3447.377380
462.242546 164.304863 3515.964752
464.314430 219.323330 3367.624054
387.063206 103.431438 3444.675842
363.780121 167.800610 3506.370117
345.055641 228.028948 3428.694031
420.093086 147.400990 3438.344971
442.208977 191.808346 3431.546631
439.586746 281.532349 3474.029663
441.493561 364.885174 3433.537628
400.474113 192.850485 3429.780029
397.254364 282.928951 3454.617371
395.878635 365.573914 3456.572937
418.392368 59.298981 3440.361237
418.851906 103.417585 3444.962311
450.636074 102.874895 3445.666534
462.313305 163.183434 3517.801117
464.568455 218.186468 3369.966614
387.054760 103.960516 3444.258087
363.701431 167.611336 3507.636841
344.956661 228.158672 3431.558716
419.753815 148.144987 3436.672577
441.547428 192.720005 3428.843445
439.918121 282.631325 3466.186249
441.668930 367.107948 3428.492981
399.767040 193.457479 3427.922241
397.611214 283.688999 3447.734711
395.801079 366.223961 3449.683136
418.417294 60.899963 3441.492279
418.730370 104.862408 3443.941132
450.533627 104.472084 3444.297913
462.324360 163.836657 3516.453644
464.324181 218.954945 3369.264038
386.920521 105.252800 3443.584351
363.929157 167.859249 3501.527344
344.921299 228.014563 3429.321899
419.401909 149.564627 3434.460754
440.990490 194.251551 3425.213837
439.697605 284.125122 3467.824310
441.653790 367.415051 3429.268616
399.161007 194.777143 3424.746918
397.622406 285.098579 3444.904358
396.134308 367.686516 3448.338959
418.181465 61.117184 3439.205200
418.458321 104.993917 3443.656586
450.276306 104.624210 3443.426697
462.278526 165.254889 3516.637665
464.349277 219.576273 3361.506592
386.644627 105.363573 3443.886475
363.734837 167.689236 3499.001312
344.890057 227.935907 3428.176849
419.042381 149.759686 3435.706604
440.532326 194.494160 3427.606110
439.628666 284.226299 3473.561920
441.744976 365.963722 3432.758698
398.727837 194.972048 3427.907135
397.411572 285.034481 3457.564728
396.742916 366.806923 3454.651154
418.495331 60.695635 3439.194763
418.607735 104.868055 3444.511322
450.407936 104.686489 3444.873596
462.297272 165.409899 3513.579895
464.694557 219.746475 3357.884949
386.800838 105.049656 3444.149048
363.439819 167.733765 3498.852997
344.937916 227.974823 3429.816559
418.959709 149.653307 3437.330933
440.196796 194.500631 3430.387299
440.073887 284.185444 3475.372467
441.677307 365.301041 3436.979370
398.426605 194.751514 3429.913788
397.125584 284.769814 3459.869385
397.192806 366.397648 3454.091949
418.074383 60.900993 3441.472778
418.075962 104.860966 3445.482513
449.881107 104.771856 3445.128754
462.325768 165.470753 3514.934509
464.843971 219.159565 3353.617310
386.277340 104.950058 3445.836273
363.530388 167.991188 3503.891052
344.844360 228.103981 3425.677460
418.255589 149.589243 3437.097748
439.336086 194.483757 3428.481720
438.921421 284.239552 3472.810181
441.236618 365.555134 3429.713287
397.538876 194.588779 3428.944244
397.010948 284.687382 3456.511688
395.600166 365.578926 3456.457306
418.660091 60.619417 3441.469757
418.269630 104.573536 3445.356720
450.066776 104.746107 3445.452026
462.365044 165.549322 3516.554169
464.888844 219.546421 3358.117035
386.470699 104.400948 3445.261414
363.673416 168.604620 3505.253906
344.956387 228.262819 3424.245117
418.114002 149.287308 3436.591003
438.858250 194.341553 3427.887634
438.806992 284.155712 3470.513214
441.670990 366.037056 3429.128815
397.056164 194.117947 3427.762939
396.579460 284.094738 3462.947754
396.247330 366.500439 3453.831299
418.280994 61.107828 3440.867981
417.859325 104.965611 3445.523987
449.656677 105.210623 3445.537170
462.395531 165.237997 3517.135620
464.422440 219.478374 3361.200623
386.061768 104.720598 3445.510803
363.626724 167.995050 3502.536987
345.170036 228.194241 3427.480591
417.590435 149.692240 3437.120544
438.215618 194.798876 3428.725616
438.561790 284.429890 3477.115723
441.721458 365.811974 3430.763855
396.424690 194.477320 3428.708588
395.834587 284.460651 3462.582733
395.498680 366.695480 3450.820770
418.116646 61.788517 3440.045654
417.678120 105.495049 3444.406403
449.508362 105.715857 3443.102325
462.387669 165.593559 3516.031769
464.355595 220.000259 3361.281647
385.871979 105.274412 3445.710480
363.590092 167.477354 3500.666016
345.159016 228.058748 3435.250946
417.350555 150.227394 3435.734619
437.939552 195.353548 3426.210022
439.254547 285.057072 3473.369659
441.990074 366.457832 3426.977966
396.113503 195.018757 3427.915649
396.080303 285.096485 3457.937439
396.122086 367.670586 3452.185822
418.436829 61.482204 3440.745483
417.713722 105.184582 3445.872803
449.522129 105.641407 3444.884033
462.324188 165.933586 3518.946167
463.953014 219.455423 3356.812958
385.923546 104.728014 3446.861572
363.724812 167.609327 3507.007874
345.138039 227.942104 3439.207397
417.069134 149.913391 3437.757202
437.318893 195.170900 3428.995056
438.370731 284.781933 3477.408783
441.985508 365.257782 3434.265472
395.532017 194.536938 3430.288147
395.157486 284.598976 3458.223907
396.124763 366.908958 3455.180969
418.111462 61.310852 3441.678223
417.216763 105.013126 3446.247711
449.048756 105.518875 3443.339081
462.367104 165.873814 3516.795044
463.725529 219.967215 3359.510651
385.438465 104.508270 3449.156342
363.741909 167.283754 3502.898438
345.116272 227.866934 3442.729889
416.369476 149.696171 3437.171082
436.438477 194.997969 3426.192444
438.286789 284.726212 3472.220764
441.462044 366.042240 3430.824829
394.620083 194.234110 3429.996460
395.184437 284.245903 3460.819977
395.824562 366.900787 3452.432739
417.869076 60.363728 3439.301056
416.969707 104.468599 3445.118866
448.797443 105.066856 3443.137756
462.346642 165.510956 3518.191956
463.062332 219.718014 3362.481079
385.178604 103.871012 3447.099976
363.853592 167.841825 3500.792358
345.057873 227.934294 3426.131470
416.049122 149.210438 3437.267212
436.027863 194.583973 3428.119995
438.802631 284.131336 3477.937500
441.936138 365.674782 3434.349792
394.236523 193.730627 3430.711121
396.253338 283.678528 3462.574493
396.045456 366.422470 3455.633881
418.255760 58.448982 3452.775238
417.111156 102.524534 3452.401428
448.896870 103.251400 3448.160431
462.350143 165.096771 3518.191681
463.585556 219.192095 3361.382996
385.403446 101.799437 3456.642426
363.729378 168.144945 3504.842194
344.836258 228.212437 3423.099518
415.865410 146.944593 3439.508423
435.543880 192.249893 3423.841644
438.806236 282.014065 3470.206970
441.789745 364.576561 3426.459961
393.710484 191.148788 3429.389191
395.826313 281.227238 3457.508698
395.850174 364.556099 3458.085480
417.333664 60.107969 3445.420990
416.334183 103.987364 3447.755859
448.150074 104.680550 3444.627502
462.335793 163.736183 3524.096558
463.513939 217.410267 3364.927185
384.575935 103.295414 3450.884216
363.641899 167.565605 3502.340607
344.826714 228.299984 3428.600098
415.207294 148.589384 3437.544617
434.994907 193.966473 3425.287720
439.051987 283.573471 3473.849487
441.540699 368.625092 3433.553009
393.177544 192.948503 3429.379028
395.874550 283.014576 3456.709717
395.925911 368.183681 3460.480774
418.017117 60.331318 3441.183289
416.663704 104.453339 3445.055695
448.494907 105.478312 3441.880096
462.309975 165.084995 3517.110077
463.582775 219.142588 3359.747955
384.891140 103.430237 3448.231293
363.596237 168.174883 3499.979095
345.003319 228.317339 3420.174408
415.056816 149.129105 3436.149353
434.357357 194.764956 3425.166321
438.649853 284.570549 3464.729462
441.589279 367.546749 3431.572723
392.551117 193.310091 3429.319702
396.165482 283.391338 3453.710449
395.452744 366.593307 3462.690948
417.113869 60.765638 3454.826385
415.909904 104.271687 3450.954254
447.719856 105.112621 3445.217468
462.298851 166.011074 3513.298096
463.799103 220.066778 3354.881836
384.205559 103.433533 3456.691040
363.564651 168.179741 3499.376221
345.019764 228.405985 3421.339783
414.392624 148.567411 3435.050446
433.842991 193.927746 3415.394806
439.220558 283.659782 3464.848114
441.413017 365.927399 3419.455627
391.925480 192.624098 3422.898468
396.730865 282.887581 3442.815582
395.280396 365.372555 3450.715576
417.362572 60.612087 3445.884338
416.061344 104.197580 3446.081818
447.895466 105.190075 3441.887787
462.363396 165.314301 3516.241608
463.848438 219.405264 3358.858612
384.304573 103.207489 3450.275848
363.027420 168.039579 3497.365723
345.077614 228.295572 3414.171204
414.437290 148.724344 3434.067993
433.753830 194.288733 3419.311432
439.830540 283.493958 3480.602509
441.720222 367.378727 3434.708221
391.883423 192.839945 3424.796906
396.910046 282.706341 3460.685120
395.991280 366.522858 3453.405304
416.699547 60.888908 3442.542297
415.606098 104.546791 3444.485779
447.442417 105.462759 3441.551331
462.318970 165.299212 3513.407959
463.578690 220.086983 3362.253937
383.823956 103.632351 3447.420227
362.567196 167.616554 3498.601959
345.104256 228.355654 3418.104584
414.177223 149.171917 3434.000427
433.678196 194.723104 3421.596039
439.471149 284.080044 3477.200592
442.123833 366.670074 3432.752655
391.824440 193.418478 3425.434113
396.748650 283.424950 3454.537445
396.445976 368.066780 3454.400116
417.116547 61.349733 3442.003967
416.027046 105.043751 3443.508270
447.885029 105.760351 3440.177216
462.316704 165.520792 3512.929779
462.690136 220.626137 3365.032104
384.230621 104.328541 3446.839325
362.625801 168.060316 3496.437103
345.256279 228.290337 3412.970123
414.854530 149.687485 3432.826538
434.629234 195.138353 3419.966492
440.338486 284.608727 3473.658051
443.112568 366.674915 3430.369171
392.746811 194.082172 3424.323120
398.044590 284.186852 3448.925079
397.358837 367.201572 3448.145050
417.080292 61.869524 3441.211029
415.947533 105.553328 3442.238251
447.823196 106.193264 3438.680878
462.326283 165.765461 3513.687286
462.936092 220.570175 3362.764801
384.137684 104.914713 3445.795624
362.534992 167.297075 3493.153839
345.247318 228.139601 3427.687958
414.869843 150.199894 3431.042358
434.757122 195.620825 3417.520111
439.347553 285.201302 3471.937592
442.503548 366.940887 3429.169739
392.841499 194.657375 3422.172821
397.539150 284.833740 3448.108246
396.491398 368.563774 3450.480743
417.510166 61.698910 3439.660309
416.287663 105.624310 3440.761139
448.166210 106.298716 3437.988190
462.474701 165.597679 3515.141876
463.076271 219.520878 3356.573456
384.460510 104.950933 3443.534088
362.496094 166.907455 3491.433105
345.195717 227.945108 3435.147949
415.222504 150.280781 3429.284546
435.130074 195.728645 3415.994659
439.503593 285.389271 3469.659576
442.862663 366.829205 3429.290863
393.192547 194.746244 3419.621246
398.425369 284.957748 3445.918671
396.717579 368.206066 3453.984558
417.843910 60.581274 3437.169434
416.526512 104.628073 3441.584015
448.382812 105.359711 3439.725677
462.344582 166.024584 3511.278534
463.664108 220.405586 3355.759369
384.704578 103.897224 3443.442352
362.483494 167.361259 3491.692108
345.038166 227.845837 3424.929016
415.433990 149.356728 3432.316772
435.276157 194.840366 3421.834167
439.291798 284.072285 3485.076416
442.498020 365.065590 3434.069092
393.409767 193.815136 3424.264893
398.224491 283.890564 3453.115540
396.342499 366.519974 3464.819824
417.005447 60.511253 3452.266571
416.345100 104.213356 3447.846497
448.116051 104.787048 3447.772339
462.408165 164.975578 3514.096527
463.384609 219.291864 3358.874542
384.575489 103.639681 3447.920654
362.477623 166.946268 3490.753876
345.050011 227.917454 3427.984589
415.672668 148.532444 3431.093994
435.975437 193.666597 3414.293152
439.481998 283.375614 3469.874359
443.219479 365.543118 3419.970612
394.012436 192.906292 3414.389832
399.049530 283.282917 3440.776245
396.004807 365.698059 3447.101074
416.524658 60.061243 3445.165558
416.087814 103.942045 3444.138885
447.898041 104.272442 3444.008972
462.336823 164.693590 3513.422516
463.737991 218.717245 3355.392975
384.279957 103.611700 3444.268799
362.574165 166.540117 3490.793976
345.110641 227.860273 3435.247375
415.727360 148.460312 3430.609772
436.330433 193.551035 3416.995514
439.068604 283.183422 3474.295258
442.620895 365.428619 3428.681396
394.398708 193.111101 3417.165802
399.042423 282.994354 3461.398407
395.408627 365.910404 3458.135468
417.354263 59.629686 3455.717651
416.420254 103.266815 3449.627106
448.218361 103.847837 3446.288361
462.372631 164.375296 3515.230316
464.293900 218.321136 3356.716553
384.683636 102.686926 3452.965851
362.445522 166.671902 3495.919098
345.057152 227.873508 3433.524994
415.471207 147.551262 3432.695526
435.509651 192.715353 3413.580139
438.311096 282.564926 3467.042633
441.044804 365.463123 3427.466583
393.542633 191.834661 3417.947754
397.261059 281.809444 3461.209442
394.845303 365.930248 3453.655792
416.419498 60.477762 3449.701813
415.846527 104.126822 3447.411987
447.692974 104.499687 3442.359100
462.318935 164.305824 3515.149292
464.230728 218.134747 3355.584137
384.093292 103.755072 3452.464874
362.388565 166.433636 3498.445953
345.166534 227.796673 3430.028870
415.040611 148.595409 3433.756805
435.206703 193.751072 3416.797485
438.903568 283.469753 3469.993561
441.668758 366.586304 3436.506958
393.290359 193.087772 3423.405762
398.068005 283.046024 3458.062958
395.667458 367.964127 3456.479828
416.117718 60.940767 3446.698425
415.654335 104.487087 3445.776672
447.512833 104.843388 3441.248932
462.327827 164.682243 3517.779419
464.170200 218.118696 3355.023010
383.879436 104.131714 3450.304413
362.318150 166.698818 3494.612549
345.103363 227.903790 3430.679810
414.912380 148.991123 3432.238770
435.150673 194.159815 3415.740326
439.568996 284.031155 3462.629974
442.088642 366.531715 3432.351654
393.214691 193.535997 3421.661407
397.797226 283.638256 3452.588470
396.273560 366.859760 3449.529327
416.768486 61.658123 3447.452087
415.940666 105.042892 3445.200165
447.772797 105.663517 3442.630463
462.377060 164.353151 3517.591553
464.159763 217.813963 3355.148254
384.156017 104.423178 3447.769867
362.217316 166.946423 3497.230316
345.085201 227.924629 3423.723541
414.983379 149.512939 3430.688599
435.005791 194.813965 3414.496674
439.036674 284.460926 3470.514038
442.112640 365.943707 3431.120087
393.050789 193.908056 3417.857391
397.252029 284.033283 3453.541809
396.292545 367.510288 3450.377747
416.800278 59.707174 3437.602020
416.407379 103.569592 3435.484131
448.333786 103.887732 3432.535400
462.341835 163.845840 3496.821075
464.630974 219.846125 3347.637451
384.535732 103.252001 3438.432861
363.725327 166.509441 3495.108582
344.974514 227.800827 3442.287964
415.853497 148.138121 3420.298828
436.353676 193.364748 3403.184875
438.491959 283.043724 3471.199860
441.659832 367.017654 3428.761047
394.259457 192.843859 3407.041626
397.329380 283.284668 3443.244598
396.061558 367.413849 3451.721649
414.859337 60.042274 3423.788361
414.773678 104.454746 3426.243256
446.757591 104.567837 3425.348694
461.819126 165.296482 3492.761627
464.199760 221.888569 3348.178528
382.806450 104.341707 3427.137817
360.975277 168.020782 3486.792206
344.139759 229.989149 3428.708862
414.631302 149.355526 3416.189392
435.524208 194.611216 3405.550507
437.585346 284.436001 3466.502655
441.311634 367.037636 3427.373749
393.459240 194.431538 3406.720551
395.149967 284.731052 3450.042389
395.358364 368.660179 3454.731354
414.380642 60.666126 3418.562439
414.143063 105.297947 3422.179688
446.017971 105.710621 3427.687134
460.990997 166.427130 3486.188782
464.202335 224.375410 3355.146332
382.165432 104.883951 3416.672241
357.974121 170.357506 3487.708191
342.753181 232.004248 3416.752991
414.020290 150.336004 3414.078918
434.864273 195.764317 3409.581940
437.373035 285.428993 3471.331696
441.159782 367.664131 3432.728485
392.885239 195.411896 3402.374359
394.357819 285.546375 3455.691010
395.794659 367.598694 3450.597473
414.303600 59.416517 3428.898376
413.922821 104.079117 3427.779694
445.809299 104.512081 3430.852844
460.156929 167.107578 3486.390381
463.868523 226.222847 3369.764740
381.979111 103.645380 3424.706543
356.474934 172.147350 3488.176483
341.968517 233.396284 3402.521301
413.652660 148.840525 3414.834778
434.391415 194.174835 3403.898712
436.974884 284.126358 3462.075714
441.178802 365.423779 3420.916809
392.344711 193.710062 3399.881012
393.913284 283.712482 3460.886169
395.809078 365.837723 3454.097443
414.075497 60.462879 3432.952057
413.482819 104.709612 3428.829987
445.372971 105.228373 3431.624908
458.638515 165.888885 3485.043732
463.870171 225.326946 3373.253448
381.540619 104.190010 3426.035065
355.831581 172.928787 3487.862823
341.525528 234.287790 3395.139313
413.090572 149.371593 3413.733948
433.735428 194.724409 3400.465210
437.060749 284.807442 3455.927490
440.945034 367.579777 3424.353882
391.631630 194.135988 3396.810608
393.215549 284.187916 3459.013550
395.560478 367.091743 3450.960571
412.641403 60.713350 3423.120667
412.397266 105.277159 3423.349731
444.405796 105.376019 3422.327179
458.162258 166.380043 3482.114777
463.990265 226.142561 3373.820343
380.407825 105.178385 3424.372284
355.313026 172.923946 3488.215485
341.985958 234.838051 3398.878510
412.268143 150.167227 3411.905273
433.211826 195.442245 3399.792023
437.170887 285.547817 3453.720612
440.857281 367.605045 3426.570923
391.072701 195.276678 3401.129608
393.584690 285.216442 3462.073517
395.424179 368.416317 3461.561005
411.512112 60.696390 3415.962524
411.530033 105.445421 3420.421326
443.605133 105.277416 3416.876038
457.765034 166.026335 3486.429932
463.979485 225.776905 3379.222321
379.521366 105.613066 3423.966614
355.125641 172.527357 3485.027527
342.218937 234.810963 3402.187866
411.571232 150.528316 3412.959961
432.670750 195.760059 3403.180481
437.278072 285.810219 3454.588806
441.031620 366.243427 3430.974243
390.583122 195.857460 3407.816711
393.419621 285.612877 3468.654053
395.653553 366.860516 3463.326233
410.067993 60.294462 3413.515594
410.218884 105.332485 3419.903046
442.334564 104.892036 3412.520782
456.559696 166.201275 3488.372589
464.015053 225.411129 3375.415009
378.241596 105.771011 3427.285309
354.929844 172.029316 3484.010468
342.676826 234.517096 3410.636902
410.369637 150.462158 3413.386230
431.590073 195.603899 3402.041473
437.373344 285.886848 3442.190735
440.405571 365.546448 3432.233826
389.511406 195.924631 3411.697357
392.360161 285.824673 3463.975800
395.184059 366.554237 3457.401306
409.439747 60.191963 3411.731964
409.632042 105.288712 3420.373810
441.761730 104.683640 3410.617126
456.630112 165.896473 3483.928345
463.784168 225.120506 3369.689484
377.685139 105.890333 3430.130493
354.555347 172.291306 3487.443695
342.862221 234.293713 3404.284332
409.851460 150.454811 3414.974854
431.127068 195.537054 3403.196136
437.007500 285.649166 3448.944855
440.865417 364.352371 3437.408112
389.094715 195.990017 3415.955658
392.758896 285.812073 3466.117859
395.776703 364.105385 3454.531403
409.593075 60.443550 3410.849487
409.738678 105.244268 3418.355621
441.870632 104.730349 3411.186493
455.826565 166.050591 3489.669525
463.677567 224.566040 3368.351898
377.741238 105.756042 3425.524750
354.791725 170.481720 3490.277069
343.908978 231.522068 3400.322662
410.008118 150.429028 3412.688049
431.345730 195.551920 3402.332336
436.861553 285.746738 3447.177429
441.380230 364.193687 3435.703033
389.269054 195.975769 3411.708618
392.239655 286.044571 3457.797638
396.349537 366.157906 3447.777283
409.396523 60.589445 3410.977203
409.432846 105.423861 3416.815613
441.563255 104.984064 3411.524323
456.265297 168.590269 3490.855499
462.653675 225.726986 3358.550995
377.401794 105.862301 3422.106903
354.752312 170.459198 3485.511475
345.688522 232.127277 3397.102570
409.729443 150.577206 3409.712952
431.114536 195.722551 3399.150146
435.558712 285.927189 3448.893494
441.022625 364.292358 3430.167297
388.982895 196.115192 3406.070435
391.121967 286.215477 3457.163727
395.582417 366.488594 3441.051727
409.010731 60.488663 3410.468536
408.981995 105.330425 3417.572845
441.063824 104.979326 3415.430511
455.680000 168.127178 3494.761963
461.526718 224.112459 3353.663727
376.940369 105.681078 3419.715179
356.303925 171.433617 3485.373322
346.551327 232.516932 3393.681427
409.367306 150.543869 3412.452942
430.794113 195.700167 3405.932007
435.404079 285.811214 3452.540955
441.144539 364.246010 3439.079407
388.730724 196.086010 3408.734070
389.982101 286.026649 3463.601990
395.740585 367.237793 3452.866150
407.693127 61.110678 3410.205414
407.690620 105.786221 3417.464630
439.794422 105.373289 3413.850677
454.617073 171.929478 3494.480438
461.691891 225.378925 3334.162445
375.654659 106.198277 3421.078583
357.273262 172.802050 3483.070587
347.129551 233.199080 3388.335754
408.058903 151.028847 3413.087402
429.467068 196.179926 3406.347015
433.697250 286.309959 3452.592865
440.469189 364.990608 3427.693176
387.418270 196.595123 3411.073334
387.806293 286.480900 3465.858307
394.350849 367.348000 3452.622528
406.465611 59.062723 3408.943634
406.551888 104.167522 3419.438049
438.623108 103.740910 3416.996063
452.956627 171.806602 3504.485138
459.774193 224.731882 3346.460541
374.526466 104.593552 3421.880035
353.819504 171.574619 3471.762909
347.555649 233.056292 3390.642334
407.006996 149.470196 3417.744781
428.450352 194.580986 3414.454651
433.484013 284.552216 3457.629272
440.682220 363.669125 3432.869385
386.494389 195.054342 3417.648376
387.921444 284.870579 3469.298126
394.876957 366.169235 3452.986176
405.238300 59.729696 3409.442688
405.153191 104.667727 3419.892334
437.213768 104.329863 3418.041412
451.689011 167.354170 3509.621796
458.245033 221.535393 3370.511810
373.127323 105.005213 3421.743256
349.946617 170.813370 3460.460724
348.666298 232.824669 3384.688293
405.520409 149.971825 3418.342712
426.868355 195.128036 3415.582672
432.401379 285.316933 3444.817566
440.289253 366.010620 3420.153259
384.922451 195.505846 3418.003510
386.596115 285.355488 3467.939667
394.526150 369.500736 3448.193665
404.460571 59.222780 3410.209259
404.404438 104.214506 3420.120850
436.462921 103.903610 3418.325684
450.677822 166.081146 3511.743256
456.986549 220.103222 3372.642059
372.379566 104.525059 3421.916016
347.763668 171.034847 3462.113342
348.615692 232.799280 3381.090546
404.732655 149.550087 3419.618500
426.027592 194.726830 3417.942261
433.124519 284.914146 3437.354004
441.150684 365.268047 3421.342529
384.108776 195.071062 3420.290039
387.297901 284.863232 3468.522217
395.406086 368.561302 3449.691101
403.735783 58.743090 3410.064514
403.850384 103.724653 3420.360626
435.920334 103.313902 3417.342407
450.531223 168.541260 3515.904053
457.430088 221.321674 3361.737030
371.837013 104.134701 3423.378845
346.985493 170.731899 3462.989777
348.366371 232.906517 3377.731201
404.237926 149.101759 3421.299133
425.580139 194.237938 3420.263672
433.502483 284.445511 3429.723999
441.283928 365.716839 3421.866302
383.694489 194.669752 3424.211609
387.359631 284.458008 3468.286835
395.750130 368.089096 3455.111481
401.939037 59.319443 3409.443237
402.120552 104.114067 3420.741852
434.167843 103.635149 3419.074127
449.251934 166.257803 3513.414276
457.172424 219.433983 3362.270691
370.104504 104.592522 3422.409576
346.691643 170.774334 3462.849701
347.910507 233.180059 3372.407501
402.687653 149.511154 3422.565857
424.186386 194.575991 3423.299194
432.975449 284.743412 3420.129089
439.801975 366.599316 3421.691895
382.335239 195.143606 3425.480530
386.267143 284.768990 3474.059875
394.812927 367.891891 3449.264557
400.429104 60.492937 3410.273804
400.475212 105.109119 3420.792114
432.527069 104.754364 3418.799744
448.727921 169.454361 3520.706451
457.530819 220.788528 3348.193359
368.460674 105.463428 3422.784485
346.445206 171.819220 3462.263855
346.685154 234.324045 3369.793030
400.848679 150.498962 3422.335144
422.158894 195.650728 3422.575470
432.858753 285.681713 3403.296387
438.416771 366.463291 3415.807343
380.300640 196.044949 3425.180878
386.008175 285.540985 3474.468842
393.622456 366.765450 3445.506409
398.725433 60.317533 3410.668213
399.103500 105.116329 3421.814941
431.166824 104.537333 3417.017761
448.777050 171.539394 3523.773560
456.540161 223.463579 3344.928223
367.129955 105.693712 3426.612122
346.209446 172.139420 3461.944153
346.035107 234.959827 3377.519714
399.623222 150.509829 3423.977600
421.076912 195.551147 3423.002838
434.001572 285.306633 3397.710663
438.002758 365.742760 3416.421204
379.245953 196.140306 3429.277679
387.288219 285.296539 3479.849396
394.516468 367.565392 3448.245575
397.676514 59.788782 3410.300446
398.330750 104.826719 3422.960815
430.393833 104.102943 3416.457458
448.315109 166.771465 3530.183533
455.603783 220.715126 3370.538452
366.389236 105.547731 3429.464172
346.020103 171.728806 3455.597626
344.534477 234.520409 3375.012634
398.954876 150.235977 3426.227875
420.492680 195.199327 3425.242126
434.612411 284.747463 3397.990265
437.799202 364.963623 3419.676453
378.714729 195.917301 3433.747742
387.739105 285.096416 3475.489197
394.794937 366.745365 3448.933868
397.721695 58.891508 3410.141693
398.112431 103.967400 3423.011078
430.182449 103.307894 3415.538452
448.598076 164.322132 3525.605530
456.354492 220.297388 3386.546631
366.182144 104.624039 3430.483704
346.157295 171.143646 3454.143860
343.944202 234.028427 3377.523560
398.582886 149.364040 3425.769470
419.975601 194.386854 3423.641418
433.812023 284.038330 3398.874115
436.175766 363.134502 3415.434082
378.189137 194.987549 3433.414307
387.367527 284.211811 3474.323273
395.129265 365.948891 3443.729919
397.803646 57.755590 3408.343231
398.050632 103.021219 3422.354645
430.126831 102.461861 3415.256653
448.572224 162.421446 3526.837097
456.520798 218.128635 3384.352112
366.107231 103.578278 3429.452637
346.080975 170.221722 3449.396667
343.445011 233.369316 3378.074524
398.400307 148.436005 3425.359131
419.673923 193.529354 3423.721893
433.271221 283.217651 3402.021149
434.779026 363.059795 3417.447327
377.881416 194.012409 3433.005341
387.378376 283.169689 3476.643036
395.386791 366.317139 3445.122711
398.628273 58.836216 3408.596741
399.169590 103.624935 3421.061554
431.218117 103.148317 3418.126556
447.951015 161.343687 3528.274658
457.214584 216.525799 3381.762909
367.175995 104.100729 3423.996552
345.989307 169.793495 3452.139679
343.184052 233.057081 3379.769440
399.655941 149.032459 3423.307159
421.072517 194.120075 3423.632904
434.820946 283.799515 3397.877655
434.892872 364.669739 3420.321625
379.234245 194.640535 3427.472626
389.217007 284.079185 3461.818085
397.498844 369.091393 3441.296173
400.046642 59.686695 3410.417450
400.305302 104.215982 3419.901672
432.363476 103.897293 3417.711823
449.528618 163.419914 3532.665619
459.400623 216.481939 3362.597809
368.288189 104.534243 3422.091522
346.049423 169.891445 3453.514618
342.025303 232.722187 3374.081818
400.616867 149.583767 3420.341675
421.879944 194.769590 3419.349884
433.925697 284.796867 3394.858063
432.523052 365.078327 3422.103058
379.994293 195.109995 3422.213470
388.820091 284.680584 3461.969971
396.706009 369.437462 3440.516968
401.147747 60.101892 3410.166962
401.213768 104.620005 3420.264496
433.181511 104.715311 3423.338196
450.000996 162.963467 3532.036377
460.080093 216.779411 3370.689240
369.188519 104.524509 3417.190796
345.933758 170.273769 3450.794128
342.644348 233.082024 3370.577728
401.271893 149.976906 3420.471863
422.247643 195.337395 3422.690002
432.886047 285.412308 3408.247925
431.049751 365.427109 3432.710358
380.387741 195.319233 3418.668457
388.612793 284.861927 3465.526520
395.724930 367.741962 3439.443329
401.848812 60.790426 3409.508606
401.902851 105.154249 3419.027710
433.933834 105.189526 3419.043365
452.196476 163.314857 3524.784576
460.128193 217.918985 3368.502411
369.871593 105.119024 3419.012054
345.775520 169.850298 3450.037170
342.841827 233.118176 3372.705780
401.857841 150.494396 3418.175171
422.767262 195.879948 3417.332794
431.635426 286.243149 3410.067810
430.094044 365.269592 3426.102081
380.858231 195.834372 3417.312469
388.521194 285.450691 3464.716278
395.778934 367.887325 3443.654663
403.614178 60.127007 3409.711029
403.229038 104.606598 3421.193665
435.201553 105.151846 3423.553802
454.178581 163.497934 3523.050110
460.517624 218.225075 3366.825623
371.212406 104.060595 3418.833527
345.717293 169.974804 3442.306366
343.143539 233.181004 3365.392731
402.602989 149.944805 3421.431519
422.887047 195.592432 3423.212677
430.565357 285.775063 3428.779175
429.397133 364.731949 3439.471619
381.048157 194.960735 3420.126068
388.545605 284.584900 3465.624298
395.920315 366.645287 3447.128265
405.326534 59.946917 3413.228302
404.780651 104.294294 3422.320862
436.735725 105.025881 3425.190216
457.212730 167.864811 3521.615021
463.670288 220.493185 3337.031525
372.771950 103.561472 3419.451508
346.790588 168.436375 3433.413208
344.325325 230.765110 3364.182861
403.937656 149.556610 3420.753113
424.013248 195.289673 3421.061554
431.147152 285.584518 3428.199921
430.479012 365.182320 3433.669464
382.151562 194.430679 3417.309174
389.429523 284.352470 3453.829651
397.056610 367.594265 3442.863922
407.336929 59.911503 3411.587219
406.534550 104.495619 3421.364502
438.528934 105.221695 3422.427155
458.534935 169.953690 3525.351471
465.276215 223.166296 3339.784149
374.520321 103.769079 3420.301849
350.099224 168.738602 3441.904541
345.754955 231.482946 3364.396271
405.576439 149.799923 3420.717407
425.550201 195.577961 3420.765198
432.921684 285.836895 3430.859985
430.789272 365.259087 3437.725891
383.677254 194.664551 3419.375427
391.179920 284.351097 3462.721436
397.152397 366.737675 3443.882629
409.206699 59.815733 3409.663239
408.064705 104.683691 3420.838257
440.095070 105.552349 3419.336426
459.478386 169.079865 3528.367767
466.083710 224.178463 3368.003906
376.062424 103.815788 3422.340088
352.376003 169.790268 3456.850342
346.820423 232.365715 3370.770264
406.739822 149.992733 3420.415833
426.363464 195.907139 3419.011230
433.152294 286.281635 3427.805786
430.000008 364.039604 3439.626801
384.477848 194.719105 3420.975586
392.122032 284.429272 3461.375885
396.793831 367.660732 3445.459167
412.042648 59.569450 3409.215820
410.534706 104.570189 3421.827850
442.437733 105.955976 3425.717010
459.817554 169.616581 3536.026611
468.345795 223.727612 3370.027863
378.559067 103.181259 3417.938690
353.393646 171.026058 3463.701691
348.159039 232.920868 3360.146759
408.809681 149.873960 3422.092896
427.964310 196.010221 3424.902374
434.134232 286.234840 3436.753601
430.687511 363.739368 3444.999664
386.174515 194.329914 3419.813507
393.984077 284.048252 3460.897430
397.675587 366.868584 3439.760284
413.982765 59.578342 3410.144165
412.157421 104.529591 3422.840790
444.007713 106.190500 3428.590485
460.428806 169.356325 3543.268250
470.312553 222.601204 3371.583252
380.199909 102.863119 3417.091095
354.410809 169.307728 3465.457306
351.193943 230.843456 3363.617615
410.159592 149.804661 3422.951202
429.000458 196.063934 3426.820862
434.345444 286.326199 3436.005157
429.850285 364.365074 3442.759003
387.277611 194.087563 3419.302368
393.768093 283.849125 3463.271301
397.289555 368.401176 3436.169403
416.016472 59.484529 3409.471802
413.754387 104.462385 3423.114624
445.558674 106.448713 3430.183502
462.848785 168.085773 3533.932068
471.463680 221.759617 3365.365265
381.818504 102.467852 3416.045746
355.310623 168.166986 3463.522064
352.753040 229.204451 3365.504242
411.351540 149.763462 3424.852661
429.746944 196.194998 3431.212921
434.265312 286.368359 3441.952332
429.506550 365.399712 3446.075775
388.099113 193.838997 3421.968475
394.094765 283.658615 3462.298737
396.490849 368.877228 3436.069427
416.994598 59.121895 3408.580261
414.700413 104.162922 3423.186859
446.470951 106.252024 3431.479614
464.830341 167.901958 3527.036499
473.312611 221.296337 3360.902893
382.775585 102.063658 3414.894104
356.947002 167.818085 3467.042358
353.653713 228.282269 3371.316559
412.215168 149.479586 3425.550842
430.504074 195.955994 3433.337402
434.660751 286.142967 3439.975891
429.619503 364.773697 3443.110016
388.896755 193.507622 3422.492249
393.716904 283.636230 3448.705078
396.103752 369.224361 3432.303589
418.011520 59.624708 3409.165558
415.785725 104.436001 3423.910858
447.547920 106.491457 3432.335175
466.334335 168.815815 3527.457550
474.571129 218.877783 3342.860046
383.866837 102.370451 3415.486542
359.737976 167.281214 3470.373138
354.151188 227.901695 3379.269836
413.349129 149.755960 3426.587128
431.678684 196.203014 3434.772217
435.146004 286.376152 3442.025940
430.575520 364.809368 3444.888977
390.087158 193.803480 3423.754578
392.999393 284.126633 3439.781158
396.096439 369.410923 3433.338501
419.153824 59.358839 3422.512573
416.826336 103.821522 3430.353241
448.587845 105.911551 3435.930450
468.481750 168.097034 3520.998413
474.652016 217.692066 3339.537506
384.961349 101.724678 3424.776031
361.502895 166.655937 3478.948242
354.354126 227.718584 3383.994232
414.240807 148.888968 3428.289734
432.467091 195.284128 3429.873962
434.968128 285.567284 3441.184387
430.713604 363.773117 3437.649261
390.792892 192.734579 3422.578491
391.306435 283.257683 3424.019897
395.644627 368.489445 3431.687805
420.855743 59.221699 3430.309570
418.423679 103.457256 3433.821350
450.175163 105.469746 3438.594086
469.439861 167.668568 3527.322144
475.262856 217.048937 3346.505310
386.583790 101.439171 3429.048615
362.457127 165.801888 3478.186615
354.874226 227.433249 3393.327667
415.932529 148.400951 3429.305145
434.266273 194.701303 3427.909882
435.703732 284.911915 3448.591095
431.986542 364.643612 3439.421906
392.565365 192.222822 3421.667999
391.219917 282.832478 3416.135834
396.702473 369.230713 3433.939728
422.091190 59.134993 3433.640350
419.591354 103.298384 3436.042236
451.352177 105.235977 3439.561432
468.358875 168.904461 3527.091980
475.567795 216.906441 3342.183563
387.765438 101.356808 3432.523041
362.964695 165.390673 3482.310883
355.408470 227.089085 3393.109589
417.134743 148.186907 3430.674042
435.515625 194.427246 3427.607208
435.048122 284.605568 3451.397003
431.523262 365.011688 3443.305023
393.797173 192.003387 3423.004486
390.024433 282.528397 3414.657074
396.166134 369.791702 3434.936462
422.509426 57.818779 3421.802307
420.253658 102.680111 3432.670807
451.998722 104.553503 3438.379028
468.426785 169.731663 3526.996399
477.300785 214.510031 3332.992950
388.402817 100.800470 3426.962585
363.212196 165.075983 3484.329346
355.720242 227.033878 3398.376709
417.954048 147.802059 3432.872681
436.430065 194.046432 3436.807709
435.239388 283.951950 3463.231750
430.866692 364.383957 3451.105591
394.834110 191.788553 3429.341400
389.838078 282.103912 3408.888702
394.802902 368.971710 3443.262177
422.777115 57.850965 3415.870789
420.621597 102.887495 3430.991547
452.360516 104.692514 3437.772308
468.981903 170.542454 3522.433228
479.351349 212.846512 3313.801758
388.756989 101.075352 3424.210785
363.551193 164.315849 3485.894348
357.608002 226.314034 3403.229095
418.439678 148.126619 3433.925171
437.000668 194.351149 3441.292877
435.130142 284.273849 3457.697662
430.454327 365.783306 3446.134552
395.468639 192.223097 3432.424713
388.983307 282.326385 3400.388855
392.896191 369.442234 3433.787567
422.744431 58.615459 3412.326050
420.844002 103.533302 3428.975006
452.597614 105.284283 3436.049927
468.827305 171.069317 3516.757690
480.808994 211.447351 3291.731598
388.959103 101.775095 3421.900085
363.721275 163.626200 3486.664490
358.307281 225.511105 3409.137268
418.722267 148.859528 3433.776855
437.333416 195.080143 3443.205048
434.732849 285.026825 3452.342102
430.270443 366.242363 3444.003479
395.823635 193.035433 3433.952362
388.070858 282.993599 3396.410156
391.336681 369.648708 3425.197906
