276.3996276855469 35.04241943359375 3734.4306640625
271.10369873046875 65.83204650878906 3744.56298828125
292.0367431640625 64.53091430664062 3721.495849609375
298.9297180175781 102.8541259765625 3736.87939453125
287.6258850097656 57.522216796875 3659.368896484375
250.42697143554688 67.11724853515625 3767.630126953125
246.05224609375 108.69122314453125 3839.0439453125
243.93325805664062 151.05487060546875 3670.703857421875
272.845458984375 111.16236114501953 3770.404296875
290.1506042480469 155.32284545898438 3778.822509765625
292.40411376953125 227.56089782714844 3800.82177734375
280.06304931640625 284.714599609375 3903.08203125
259.1188659667969 156.42318725585938 3813.668701171875
261.9725036621094 225.33702087402344 3881.242431640625
271.8555908203125 288.50225830078125 3969.459716796875
276.48854064941406 34.868499755859375 3734.79345703125
270.9039611816406 66.12625122070312 3740.62158203125
291.89447021484375 64.84547424316406 3718.823974609375
297.0267333984375 102.63153076171875 3685.67236328125
266.3381042480469 54.77238464355469 3583.425048828125
250.15664672851562 67.39216613769531 3762.419189453125
245.27066040039062 99.92521667480469 3659.033203125
266.8867950439453 80.18266296386719 3553.636474609375
272.6921081542969 111.6969223022461 3766.516845703125
289.70416259765625 156.10081481933594 3776.348388671875
292.72247314453125 228.85240173339844 3801.62939453125
280.5843505859375 287.9609375 3899.988525390625
259.336181640625 157.1851043701172 3808.475830078125
262.5790100097656 229.30848693847656 3863.402587890625
271.96974182128906 291.9796142578125 3963.9228515625
276.4263916015625 34.78562927246094 3735.69091796875
270.9976501464844 66.4344482421875 3738.65380859375
291.90447998046875 65.16828918457031 3719.04052734375
295.0783386230469 106.15474700927734 3667.856201171875
271.9280548095703 59.56684875488281 3611.903564453125
250.30902099609375 67.68740844726562 3758.26708984375
246.95614624023438 99.02658081054688 3657.1396484375
268.8009796142578 82.92681884765625 3551.788818359375
272.8959503173828 111.91033935546875 3764.37939453125
289.71319580078125 156.20489501953125 3775.884033203125
291.94378662109375 228.5857391357422 3796.921630859375
281.2139892578125 289.5384521484375 3894.62841796875
259.93548583984375 157.3286590576172 3804.325927734375
263.4595642089844 226.88429260253906 3848.76513671875
272.64306640625 293.01544189453125 3963.506103515625
276.4225769042969 34.764556884765625 3736.041748046875
271.05145263671875 66.73907470703125 3738.11376953125
292.01593017578125 65.59832763671875 3721.004638671875
293.9150085449219 101.08308410644531 3645.060546875
270.1401672363281 48.61592102050781 3620.1044921875
250.27801513671875 67.86947631835938 3755.222900390625
247.57891845703125 102.3060302734375 3686.789306640625
268.0293273925781 90.38200378417969 3572.236328125
272.9251403808594 113.3663330078125 3765.336181640625
290.0638427734375 158.80303955078125 3779.8916015625
291.3016052246094 228.5775146484375 3786.917236328125
281.9090576171875 290.0484619140625 3883.134765625
259.58184814453125 159.84188842773438 3805.2255859375
262.4201965332031 228.7530517578125 3866.292724609375
283.2594299316406 278.37530517578125 3976.639892578125
276.4117431640625 34.73210144042969 3736.778564453125
271.07691955566406 66.90339660644531 3736.6044921875
292.07012939453125 65.70367431640625 3720.72802734375
293.7928466796875 101.89521789550781 3649.6611328125
271.5046691894531 41.121917724609375 3625.38330078125
250.26132202148438 68.09294128417969 3752.48095703125
248.17953491210938 104.82145690917969 3717.733642578125
269.87005615234375 90.95991516113281 3568.979736328125
273.1495056152344 113.81884002685547 3763.44384765625
290.8145446777344 159.47344970703125 3778.296142578125
291.51837158203125 229.28805541992188 3784.467041015625
282.3898010253906 290.50164794921875 3879.103759765625
259.66941833496094 160.66253662109375 3802.270263671875
261.72698974609375 228.82864379882812 3868.3154296875
265.19239807128906 285.7278747558594 3891.88232421875
276.8399658203125 35.65568542480469 3737.016845703125
271.1672058105469 67.00538635253906 3734.753662109375
292.1756286621094 65.81942749023438 3718.94091796875
293.06610107421875 103.60404968261719 3667.925048828125
273.0690002441406 41.13111877441406 3626.00390625
250.33592224121094 68.18136596679688 3750.56640625
249.06927490234375 106.0726318359375 3727.78271484375
270.960693359375 93.28213500976562 3572.658447265625
273.20372009277344 113.32682037353516 3761.705322265625
290.3945617675781 158.4152069091797 3777.0595703125
291.1350402832031 231.45216369628906 3786.241943359375
282.5421447753906 293.08966064453125 3877.802490234375
260.1206512451172 159.55972290039062 3800.25439453125
261.1969909667969 227.23306274414062 3856.311279296875
269.156494140625 286.03240966796875 3912.617431640625
276.94757080078125 35.62591552734375 3741.52783203125
270.1691131591797 66.23619079589844 3737.39990234375
289.7097473144531 64.749267578125 3712.7197265625
293.1546630859375 100.96368408203125 3658.8154296875
291.1642761230469 53.98603820800781 3727.135009765625
250.88485717773438 67.70361328125 3762.080078125
254.744384765625 107.53929138183594 3934.133544921875
268.3157958984375 100.88690185546875 3608.635498046875
271.73484802246094 109.05558013916016 3752.12841796875
287.04351806640625 150.89328002929688 3749.331298828125
293.1260986328125 229.8769989013672 3817.77392578125
283.77880859375 289.8631286621094 3827.918212890625
259.66053771972656 152.18093872070312 3784.382568359375
260.2727355957031 219.92584228515625 3834.69140625
274.1543884277344 282.97198486328125 3901.387451171875
278.05377197265625 37.77362060546875 3746.43994140625
267.26556396484375 64.58277893066406 3722.55517578125
286.0245361328125 62.96881103515625 3695.298583984375
293.02459716796875 100.91804504394531 3661.103515625
279.1634216308594 45.8670654296875 3630.7421875
248.779296875 66.17326354980469 3749.811767578125
254.89620971679688 108.83685302734375 3905.523193359375
271.2703094482422 104.00799560546875 3600.864990234375
269.5659637451172 109.9544677734375 3748.369140625
282.8436279296875 154.14944458007812 3757.945556640625
290.966796875 230.86868286132812 3805.716552734375
280.91015625 286.1516418457031 3865.370849609375
260.92047119140625 155.25677490234375 3790.420654296875
258.44129943847656 226.7906951904297 3828.625732421875
268.28834533691406 287.2496337890625 3892.442138671875
278.62364196777344 39.1953125 3747.472900390625
267.5926208496094 64.70840454101562 3723.850830078125
286.01214599609375 62.8648681640625 3697.83935546875
293.14666748046875 102.46424102783203 3663.8330078125
283.54498291015625 51.354705810546875 3669.26220703125
249.42864990234375 66.52633666992188 3749.8623046875
253.6993408203125 108.37335968017578 3888.62255859375
270.3416748046875 109.65968322753906 3647.313232421875
270.5511779785156 110.51852416992188 3749.281982421875
284.00347900390625 155.02476501464844 3759.623291015625
290.32330322265625 231.0010986328125 3774.041748046875
284.7569274902344 289.8942565917969 3864.095947265625
263.0201721191406 156.392578125 3789.802978515625
260.92474365234375 225.1702117919922 3835.678466796875
267.03712463378906 291.48590087890625 3894.617431640625
276.35382080078125 42.56956481933594 3757.027587890625
267.83006286621094 64.47993469238281 3725.8984375
286.27386474609375 62.53369140625 3699.639892578125
293.822998046875 101.7928237915039 3661.834228515625
247.23257446289062 102.5569076538086 3666.42724609375
249.6444091796875 66.39898681640625 3752.156982421875
253.0462646484375 107.63848876953125 3883.9326171875
267.71763610839844 114.39842224121094 3699.462890625
270.96697998046875 110.57884216308594 3750.357666015625
285.1815185546875 155.3008575439453 3758.773193359375
291.9631042480469 230.44789123535156 3792.303466796875
288.3218994140625 295.6108703613281 3848.814208984375
263.03904724121094 156.85317993164062 3790.860595703125
259.02459716796875 228.91726684570312 3834.737548828125
268.4281311035156 290.5160217285156 3902.550537109375
277.3662414550781 42.05693054199219 3749.722900390625
267.9179382324219 64.29331970214844 3714.635498046875
286.6954040527344 62.134033203125 3681.23291015625
294.9145202636719 101.2381362915039 3657.04150390625
281.90081787109375 149.1321563720703 3637.2373046875
249.4751739501953 66.41412353515625 3748.0380859375
247.81512451171875 118.20196533203125 3824.6669921875
266.63079833984375 115.62007904052734 3766.61474609375
271.20152282714844 110.95014190673828 3743.119140625
286.700439453125 156.04342651367188 3749.45068359375
291.67431640625 229.63763427734375 3800.732177734375
288.33172607421875 295.19146728515625 3849.32568359375
262.31378173828125 157.7510223388672 3793.7548828125
259.50152587890625 227.8585205078125 3831.292724609375
269.50421142578125 291.5696105957031 3911.828125
276.8633728027344 38.19171142578125 3736.177001953125
268.1591339111328 64.21478271484375 3715.18603515625
287.29827880859375 62.26458740234375 3686.58251953125
295.17486572265625 101.64161682128906 3660.603515625
251.72872924804688 127.99557495117188 3669.307861328125
249.31246948242188 66.13517761230469 3743.78955078125
249.09637451171875 115.00638580322266 3855.652587890625
264.0447692871094 121.10507202148438 3794.21826171875
271.2668762207031 110.38585662841797 3744.214599609375
287.1337890625 155.01937866210938 3753.802734375
292.3817443847656 229.9398956298828 3806.344970703125
288.42816162109375 296.41229248046875 3850.41748046875
261.651123046875 156.6652374267578 3792.68359375
260.65269470214844 227.33567810058594 3830.86328125
268.65264892578125 291.280029296875 3917.64501953125
276.6495361328125 36.64457702636719 3730.37353515625
268.50323486328125 64.48162841796875 3713.30322265625
288.0129089355469 62.597564697265625 3685.224365234375
295.775390625 101.42990112304688 3666.89404296875
244.42506408691406 100.7496337890625 3672.772705078125
249.286376953125 66.33740234375 3741.382080078125
248.8770751953125 113.96186065673828 3845.79833984375
264.4573669433594 120.26506042480469 3763.98681640625
271.358642578125 110.19146728515625 3740.746337890625
287.91632080078125 154.3972625732422 3748.11572265625
292.4900207519531 228.7837371826172 3804.586181640625
288.55401611328125 295.22955322265625 3853.3984375
260.5743103027344 156.06491088867188 3788.26318359375
261.188720703125 226.85910034179688 3836.72412109375
267.7957458496094 292.9112243652344 3922.227294921875
276.182373046875 36.4149169921875 3733.468994140625
268.3150939941406 64.72996520996094 3713.59423828125
287.6317138671875 62.86082458496094 3685.278076171875
296.2126159667969 101.22431945800781 3666.926025390625
246.27459716796875 102.04621124267578 3669.7607421875
249.2908172607422 66.57084655761719 3741.910400390625
249.021484375 113.51679229736328 3846.888916015625
263.3577117919922 123.15628051757812 3779.28759765625
271.1988830566406 111.1332778930664 3741.599853515625
288.1903991699219 155.99826049804688 3748.553955078125
293.0215759277344 232.3251190185547 3826.00341796875
288.5773620605469 296.06024169921875 3858.21044921875
260.0464782714844 157.68649291992188 3790.656982421875
261.7637023925781 233.931396484375 3841.51708984375
268.9443817138672 270.07708740234375 3842.2734375
276.65228271484375 37.83522033691406 3734.761962890625
270.2356262207031 67.48118591308594 3728.874755859375
290.7661437988281 66.20278930664062 3708.429443359375
297.3759460449219 93.22113037109375 3651.75830078125
279.5821838378906 46.14208984375 3587.361572265625
249.92901611328125 68.74563598632812 3749.320068359375
250.25341796875 115.22059631347656 3863.0791015625
254.37625122070312 110.6541519165039 3616.781494140625
272.0195007324219 113.836181640625 3751.1123046875
287.9947509765625 159.11209106445312 3759.01708984375
293.3460693359375 233.1531982421875 3814.89990234375
288.403076171875 297.5030822753906 3857.966064453125
259.6775207519531 160.17352294921875 3787.6826171875
261.078369140625 237.885986328125 3846.9208984375
275.26751708984375 313.6758728027344 3957.068115234375
277.0764617919922 38.45570373535156 3736.7412109375
270.9309997558594 68.3541259765625 3734.152099609375
292.0780029296875 67.21051025390625 3716.62060546875
297.7290954589844 90.49237060546875 3647.837646484375
278.20025634765625 42.87120056152344 3610.578125
249.9816131591797 69.48701477050781 3751.68359375
250.4669647216797 115.60932159423828 3865.19775390625
268.93505859375 86.79640197753906 3565.97900390625
272.53662109375 114.91059875488281 3754.631591796875
288.6371765136719 160.47726440429688 3762.938720703125
293.19342041015625 231.75698852539062 3819.18408203125
288.0476989746094 299.6495361328125 3853.237060546875
259.7057647705078 161.44351196289062 3787.283447265625
262.9325408935547 238.937255859375 3869.67578125
275.5247802734375 313.6408996582031 3957.693603515625
279.9726257324219 41.67729187011719 3748.464599609375
270.8590545654297 69.81027221679688 3728.291015625
292.23931884765625 68.23377990722656 3706.358642578125
286.7809143066406 114.99142456054688 3625.5625
280.50347900390625 45.64433288574219 3601.59033203125
249.7288818359375 71.36834716796875 3750.223388671875
249.76980590820312 115.65620422363281 3875.761962890625
266.8041076660156 90.70425415039062 3589.05859375
273.2357940673828 115.53255462646484 3753.39990234375
289.2113037109375 159.9856414794922 3764.326171875
292.595458984375 230.88546752929688 3809.7412109375
287.78900146484375 300.50933837890625 3845.61083984375
262.052490234375 161.3037109375 3792.69140625
262.34361267089844 237.37547302246094 3868.595458984375
275.75563049316406 312.0164489746094 3964.40478515625
279.75860595703125 41.39111328125 3746.9287109375
271.08689880371094 69.58045959472656 3732.401123046875
292.5786437988281 68.34495544433594 3715.13232421875
290.002197265625 110.73353576660156 3644.1689453125
279.48590087890625 43.663787841796875 3585.132568359375
249.79312133789062 70.80459594726562 3749.669921875
249.5255584716797 114.17803955078125 3870.904296875
266.0226135253906 89.0369873046875 3588.5458984375
272.8968505859375 114.274169921875 3754.07421875
289.87506103515625 157.87400817871094 3763.393798828125
292.6318359375 228.79022216796875 3807.781494140625
287.8304748535156 299.5863952636719 3838.7265625
259.5960388183594 159.03176879882812 3788.100830078125
261.80352783203125 237.11375427246094 3863.531005859375
275.00244140625 313.88458251953125 3962.899169921875
276.6707763671875 40.528472900390625 3757.658447265625
269.7712097167969 67.2003173828125 3725.46533203125
290.24652099609375 65.71853637695312 3706.399658203125
290.9150390625 107.13945770263672 3676.60498046875
281.394287109375 48.343841552734375 3629.792236328125
249.50439453125 68.66702270507812 3744.531005859375
249.1268310546875 112.00328063964844 3865.9052734375
265.8843231201172 86.04685974121094 3581.998046875
272.17079162597656 112.77928161621094 3750.114990234375
290.17718505859375 156.98794555664062 3760.010009765625
292.7251892089844 227.24183654785156 3803.669189453125
287.97052001953125 298.9501953125 3827.7421875
259.0226287841797 158.53192138671875 3789.519287109375
260.92205810546875 231.44003295898438 3851.09326171875
274.35614013671875 312.723876953125 3964.05810546875
277.2676086425781 39.307830810546875 3748.47802734375
269.40570068359375 64.54817199707031 3734.70556640625
289.2562561035156 62.94482421875 3712.900634765625
299.918701171875 92.59745788574219 3699.85791015625
273.8459930419922 116.4418716430664 3583.28125
249.7855987548828 66.13288879394531 3756.510498046875
250.6439208984375 96.97901916503906 3615.662353515625
263.8168029785156 86.25265502929688 3647.5390625
271.7724609375 111.0663833618164 3755.4970703125
289.56964111328125 156.24813842773438 3759.122802734375
292.6759033203125 226.4693145751953 3805.251220703125
287.86309814453125 302.0140075683594 3836.33203125
258.7965087890625 157.88906860351562 3793.454345703125
260.1733093261719 230.35179138183594 3837.45751953125
274.7296142578125 307.60052490234375 3956.38330078125
277.4432067871094 39.40740966796875 3748.991943359375
269.52392578125 64.12113952636719 3736.0537109375
289.35107421875 62.578643798828125 3713.029296875
297.92974853515625 95.490966796875 3680.2900390625
271.98260498046875 114.28687286376953 3587.46826171875
249.93963623046875 65.64474487304688 3759.078125
248.80670166015625 94.70455932617188 3634.64453125
266.1374206542969 84.67424011230469 3649.015625
271.4382019042969 110.8385238647461 3751.908447265625
288.2787170410156 156.4359130859375 3750.258056640625
292.364990234375 226.8984832763672 3811.05078125
288.55096435546875 299.640869140625 3843.396728515625
258.5321960449219 157.88278198242188 3785.268310546875
259.9922790527344 229.2760772705078 3824.8271484375
268.3560485839844 287.43280029296875 3942.0009765625
275.5799255371094 42.631378173828125 3736.319580078125
270.2094421386719 66.01313781738281 3735.913818359375
290.32958984375 64.64439392089844 3711.37939453125
296.12384033203125 98.50575256347656 3644.598388671875
262.52056884765625 111.22087097167969 3595.83154296875
250.35183715820312 67.36402893066406 3760.4482421875
250.38613891601562 97.430908203125 3636.092041015625
269.5351257324219 85.37330627441406 3658.28564453125
271.9161376953125 113.8238296508789 3757.990966796875
288.63494873046875 160.5235595703125 3761.51123046875
291.96673583984375 231.20074462890625 3816.591796875
288.4010314941406 303.2941589355469 3844.4228515625
258.7177429199219 161.62315368652344 3798.625
255.94448852539062 230.39907836914062 3835.432373046875
265.8320617675781 285.49444580078125 3951.149658203125
275.7279968261719 44.37071228027344 3733.331787109375
270.47943115234375 66.93878173828125 3734.98486328125
290.9198913574219 65.66127014160156 3712.267822265625
294.7980651855469 99.463134765625 3675.1474609375
261.6828918457031 106.4090576171875 3592.070556640625
250.28610229492188 68.20083618164062 3757.701904296875
248.6864471435547 109.8222885131836 3715.4287109375
269.9212951660156 83.923095703125 3636.24755859375
272.18690490722656 115.14799499511719 3758.689697265625
288.9229736328125 162.24456787109375 3765.446044921875
291.948974609375 237.30616760253906 3820.3671875
287.87957763671875 305.8321838378906 3841.677001953125
258.9573059082031 163.2567901611328 3799.343017578125
257.3567810058594 228.2881622314453 3831.556396484375
263.48590087890625 285.3406677246094 3961.476806640625
276.11865234375 42.58197021484375 3739.9560546875
270.6406555175781 67.99609375 3736.916259765625
291.2960205078125 66.73377990722656 3714.912353515625
294.45928955078125 99.39070129394531 3666.131591796875
262.45509338378906 101.33226013183594 3595.2529296875
250.22714233398438 69.24363708496094 3758.920166015625
248.7616424560547 110.27130889892578 3723.31884765625
269.694091796875 85.46806335449219 3634.9736328125
272.3555603027344 115.26990509033203 3760.67431640625
288.844482421875 161.44509887695312 3768.459228515625
287.6181335449219 235.5426025390625 3798.671875
286.8453063964844 303.1666259765625 3852.416259765625
259.37770080566406 162.45101928710938 3800.405517578125
257.1541748046875 227.1243133544922 3865.3701171875
263.3658447265625 287.01348876953125 3958.171142578125
276.0862274169922 41.61834716796875 3741.656982421875
270.7052917480469 68.81855773925781 3734.297119140625
291.5372619628906 67.54595947265625 3710.718505859375
288.5227355957031 108.43244171142578 3774.178466796875
270.1603698730469 94.09854125976562 3562.514404296875
250.13473510742188 70.07514953613281 3757.875732421875
249.25735473632812 111.3101806640625 3751.530029296875
267.1194305419922 97.26106262207031 3682.632568359375
272.41419982910156 115.50269317626953 3760.05029296875
288.806640625 161.06976318359375 3768.9140625
288.5904541015625 235.94998168945312 3798.412353515625
254.9163360595703 267.6058349609375 4051.091796875
259.52369689941406 162.02932739257812 3802.69287109375
257.9201354980469 228.21583557128906 3852.54248046875
263.5223083496094 289.7117614746094 3958.20361328125
275.8702392578125 42.391357421875 3739.35205078125
270.9739990234375 68.94229125976562 3747.95947265625
291.6520080566406 67.75772094726562 3730.16162109375
291.0284423828125 103.23847961425781 3710.47314453125
266.5708312988281 109.06291961669922 3572.33447265625
250.49142456054688 70.11566162109375 3765.75732421875
250.5401611328125 111.79133605957031 3780.87353515625
264.89892578125 105.73750305175781 3732.0927734375
272.6268310546875 116.62026977539062 3766.319091796875
289.09954833984375 163.31100463867188 3771.776611328125
296.5131530761719 226.1337890625 3926.909423828125
258.9830780029297 271.6717529296875 4044.688232421875
259.52854919433594 164.35675048828125 3797.580810546875
260.90460205078125 234.7655029296875 3859.26953125
264.1038818359375 293.3897705078125 3959.245361328125
276.2290344238281 41.30155944824219 3738.54638671875
270.8134307861328 69.12336730957031 3742.635009765625
291.5025634765625 67.89064025878906 3722.94580078125
294.17364501953125 103.26168060302734 3718.94921875
269.68853759765625 74.84919738769531 3657.12353515625
250.34085083007812 70.34318542480469 3762.32421875
250.33567810058594 112.6386947631836 3793.662353515625
263.7966613769531 103.78850555419922 3716.92041015625
272.55198669433594 116.8386459350586 3764.052734375
289.0335998535156 163.492919921875 3771.25146484375
294.07080078125 231.89146423339844 3874.31689453125
261.20494079589844 277.68719482421875 4024.2744140625
259.6186218261719 164.53115844726562 3799.689453125
257.9463348388672 236.98922729492188 3845.948974609375
265.0098876953125 295.1775817871094 3954.74169921875
276.46319580078125 40.457183837890625 3731.893310546875
270.6148681640625 69.17549133300781 3740.31884765625
291.2774963378906 68.01463317871094 3717.4150390625
294.1537170410156 102.83065032958984 3679.78564453125
290.935791015625 57.76850891113281 3724.96142578125
250.20376586914062 70.32220458984375 3763.22265625
248.86724853515625 113.87360382080078 3834.05078125
263.2211608886719 109.54859161376953 3755.74365234375
271.6588592529297 111.00204467773438 3755.998291015625
289.17913818359375 151.96450805664062 3753.239990234375
287.4861145019531 212.8234100341797 3785.637451171875
263.41917419433594 270.9734191894531 4028.26806640625
256.3695831298828 152.9921417236328 3790.115478515625
257.0998229980469 220.02978515625 3845.57958984375
262.10552978515625 294.269775390625 3868.04296875
276.4907531738281 40.398895263671875 3734.368408203125
270.5531311035156 68.74996948242188 3738.51171875
291.30303955078125 67.45709228515625 3719.429931640625
294.138671875 102.14452362060547 3675.5517578125
284.6537170410156 55.460174560546875 3654.684814453125
250.01397705078125 70.02970886230469 3757.593505859375
248.22222900390625 111.85591125488281 3778.161865234375
264.86663818359375 107.63424682617188 3741.573486328125
272.1535339355469 112.10118103027344 3754.541748046875
289.11212158203125 154.45462036132812 3756.306884765625
290.3406982421875 220.61444091796875 3785.8505859375
264.6787414550781 270.7177734375 4024.452880859375
258.4843444824219 155.7082061767578 3784.836669921875
257.6254577636719 224.5577850341797 3822.4658203125
264.53106689453125 292.30413818359375 3906.628173828125
276.7895812988281 39.66485595703125 3735.019287109375
270.53627014160156 67.20619201660156 3740.241455078125
291.1522521972656 65.93061828613281 3722.31591796875
295.99822998046875 98.29811096191406 3677.608642578125
263.0626525878906 109.86528015136719 3574.66650390625
250.11697387695312 68.46963500976562 3758.1669921875
248.0312042236328 108.57719421386719 3809.582763671875
258.5077819824219 85.74649047851562 3574.10009765625
272.1880187988281 111.65509796142578 3755.866455078125
288.4402770996094 155.13412475585938 3758.670166015625
291.2527770996094 225.1929168701172 3797.83251953125
268.27239990234375 273.86004638671875 4015.41943359375
259.3108825683594 156.33316040039062 3784.312744140625
259.90797424316406 227.04190063476562 3837.041015625
264.6263732910156 292.44097900390625 3901.817626953125
276.8501739501953 40.19480895996094 3735.375244140625
269.5946807861328 70.779296875 3732.78076171875
291.3702392578125 69.3514404296875 3716.114990234375
293.79931640625 107.1189956665039 3693.80810546875
265.2268371582031 100.89045715332031 3592.423583984375
248.0126953125 72.1944580078125 3749.446533203125
247.74212646484375 113.83654022216797 3844.027587890625
255.4997100830078 174.0604248046875 3889.00830078125
271.79454040527344 114.77613067626953 3754.214599609375
288.3951721191406 157.5880889892578 3764.474365234375
290.9000549316406 227.92527770996094 3805.73583984375
269.8028869628906 277.64093017578125 4016.33447265625
259.62884521484375 158.95474243164062 3786.822509765625
260.64556884765625 231.21734619140625 3853.84228515625
267.1396942138672 285.71533203125 3948.6513671875
276.8887634277344 40.20579528808594 3737.03173828125
269.97850036621094 70.28732299804688 3733.259033203125
291.16082763671875 68.91265869140625 3714.484130859375
291.6754150390625 108.53900909423828 3684.290283203125
265.94737243652344 95.78666687011719 3595.9619140625
249.0081787109375 71.64823913574219 3752.033935546875
247.81365966796875 114.16535186767578 3835.097412109375
255.41525268554688 174.3878173828125 3895.3642578125
272.0520324707031 115.33109283447266 3755.86865234375
288.47601318359375 159.21063232421875 3765.57421875
290.93865966796875 229.42697143554688 3806.875244140625
271.2969665527344 279.6914367675781 4002.9140625
259.8233642578125 160.45663452148438 3791.38232421875
260.8206787109375 232.8111114501953 3856.6640625
268.15174865722656 284.9584045410156 3947.71142578125
276.9925842285156 39.76484680175781 3736.813720703125
270.0380401611328 70.15335083007812 3733.670654296875
291.04119873046875 68.75445556640625 3713.762939453125
291.8429260253906 107.88737487792969 3685.17822265625
266.24285888671875 92.36036682128906 3595.865234375
249.25765991210938 71.53738403320312 3753.578369140625
248.26246643066406 114.27832794189453 3831.1884765625
255.25503540039062 173.67620849609375 3905.426025390625
272.13616943359375 115.78662109375 3756.822998046875
288.5448913574219 160.23858642578125 3766.20947265625
291.21929931640625 230.5091552734375 3809.84130859375
272.5377197265625 281.3221740722656 3991.580322265625
259.97637939453125 161.4786376953125 3793.7412109375
261.6443786621094 234.289306640625 3853.427978515625
268.4338684082031 287.1813659667969 3939.233154296875
