283.309618 35.918480 3827.791431
277.881291 67.477848 3838.177063
299.337662 66.144187 3814.533246
306.402961 105.425479 3830.301379
294.816532 58.960272 3750.853119
256.687646 68.795180 3861.820880
252.203552 111.408504 3935.020044
250.031590 154.831242 3762.471454
279.666595 113.941420 3864.664404
297.404369 159.205917 3873.293073
299.714217 233.249920 3895.842322
287.064626 291.832465 4000.659082
265.596838 160.333767 3909.010419
268.521816 230.970446 3978.273492
278.651981 295.714815 4068.696210
283.400754 35.740212 3828.163293
277.676560 67.779408 3834.137122
299.191832 66.466611 3811.794574
304.452402 105.197319 3777.814172
272.996557 56.141694 3673.010675
256.410563 69.076970 3856.479669
251.402427 102.423347 3750.509033
273.558965 82.187230 3642.477386
279.509411 114.489345 3860.679767
296.946767 160.003335 3870.757098
300.040535 234.573712 3896.670129
287.598959 295.159961 3997.488239
265.819586 161.114732 3903.687726
269.143485 235.041199 3959.987653
278.768985 299.279105 4063.020923
283.337051 35.655270 3829.083191
277.772591 68.095309 3832.120154
299.202092 66.797496 3812.016541
302.455297 108.808616 3759.552606
278.726256 61.056020 3702.201154
256.566747 69.379594 3852.223767
253.130050 101.502245 3748.568140
275.521004 84.999989 3640.583539
279.718349 114.708098 3858.488879
296.956026 160.110017 3870.281134
299.242381 234.300383 3891.844672
288.244339 296.776913 3991.994128
266.433873 161.261876 3899.434076
270.046053 232.556400 3944.984265
279.459143 300.340828 4062.593756
283.333141 35.633671 3829.442792
277.827739 68.407552 3831.566614
299.316328 67.238286 3814.029755
301.262884 103.610161 3736.187061
276.893671 49.831319 3710.607104
256.534966 69.566213 3849.103473
253.768391 104.863681 3778.959039
274.730061 92.641554 3661.542236
279.748269 116.200491 3859.469586
297.315439 162.773116 3874.388892
298.584145 234.291953 3881.590167
288.956784 297.299673 3980.213135
266.071394 163.837936 3900.356226
268.980701 234.471878 3962.950043
290.340916 285.334688 4076.055890
283.322037 35.600404 3830.198029
277.853843 68.575982 3830.019604
299.371883 67.346266 3813.746228
301.137668 104.442598 3740.902661
278.292286 42.149966 3716.017883
256.517855 69.795265 3846.292981
254.384023 107.441993 3810.676984
276.616808 93.233913 3658.204230
279.978243 116.664311 3857.529944
298.084908 163.460286 3872.753546
298.806331 235.020257 3879.078717
289.449546 297.764189 3976.081354
266.161154 164.679100 3897.327020
268.270164 234.549360 3965.023315
271.822208 292.871072 3989.179382
283.760965 36.547078 3830.442267
277.946386 68.680521 3828.122504
299.480019 67.464913 3811.914441
300.392754 106.194151 3759.623175
279.895725 42.159397 3716.654004
256.594320 69.885900 3844.330566
255.296007 108.724448 3820.977283
277.734711 95.614188 3661.974908
280.033813 116.159991 3855.747955
297.654426 162.375587 3871.486060
298.413416 237.238468 3880.897992
289.605698 300.416902 3974.747552
266.623668 163.548716 3895.260754
267.726916 232.913889 3952.719061
275.885406 293.183220 4010.432867
283.871260 36.516563 3835.066028
276.923341 67.892096 3830.834900
296.952491 66.367999 3805.537720
300.483530 103.487776 3750.285815
298.443383 55.335689 3820.313385
257.156979 69.396204 3856.132080
261.112994 110.227774 4032.486884
275.023691 103.409074 3698.851385
278.528219 111.781970 3845.931628
294.219606 154.665612 3843.064581
300.454251 235.623924 3913.218274
290.873279 297.109707 3923.616168
266.152051 155.985462 3878.992133
266.779554 225.423988 3930.558691
281.008248 290.046284 3998.922137
285.005116 38.717961 3840.100940
273.947203 66.197348 3815.619055
293.175150 64.543031 3787.681049
300.350212 103.440996 3752.631104
286.142507 47.013742 3721.510742
254.998779 67.827595 3843.557062
261.268615 111.557774 4003.161273
278.052067 106.608195 3690.886615
276.305113 112.703329 3842.078369
289.914719 158.003181 3851.894196
298.240967 236.640400 3900.859467
287.932910 293.305433 3962.005121
267.443483 159.138194 3885.181171
264.902332 232.460463 3924.341376
274.995554 294.430875 3989.753192
285.589233 40.175195 3841.159723
274.282436 66.326115 3816.947101
293.162450 64.436490 3790.285339
300.475334 105.025847 3755.428833
290.633607 52.638573 3760.993762
255.664366 68.189495 3843.608862
260.041824 111.082694 3985.838123
277.100217 112.401175 3738.496063
277.314957 113.281487 3843.014032
291.103566 158.900384 3853.613873
297.581386 236.776126 3868.392792
291.875851 297.141613 3960.698346
269.595676 160.302393 3884.548053
267.447862 230.799467 3931.570428
273.713053 298.773048 3991.982867
283.262666 43.633804 3850.953278
274.525814 66.091933 3819.045898
293.430711 64.097034 3792.130890
301.168573 104.337644 3753.380084
253.413389 105.120830 3758.087927
255.885519 68.058961 3845.960907
259.372421 110.329451 3981.030933
274.410577 117.258383 3791.949463
277.741154 113.343313 3844.116608
292.311057 159.183379 3852.742523
299.262182 236.209089 3887.111053
295.529947 303.001142 3945.034564
269.615023 160.774509 3885.632111
265.500212 234.640199 3930.605988
275.138834 297.778922 4000.114301
284.300397 43.108354 3843.465973
274.615887 65.900653 3807.501385
293.862789 63.687384 3773.263733
302.287383 103.769090 3748.467542
288.948338 152.860460 3728.168237
255.712053 68.074477 3841.739038
254.010503 121.157014 3920.283667
273.296568 118.510581 3860.780115
277.981561 113.723895 3836.697119
293.867950 159.944512 3843.186951
298.966174 235.378575 3895.750482
295.540019 302.571254 3945.558826
268.871626 161.694798 3888.598755
265.989064 233.554984 3927.075043
276.241817 298.858851 4009.623828
283.784957 39.146504 3829.581427
274.863112 65.820152 3808.065686
294.480736 63.821202 3778.747083
302.554237 104.182657 3752.118604
258.021947 131.195464 3761.040558
255.545281 67.788557 3837.384290
255.323784 117.881545 3952.043903
270.645889 124.132699 3889.073718
278.048548 113.145503 3837.819965
294.312134 158.894863 3847.647803
299.691288 235.688393 3901.503595
295.638866 303.822600 3946.677917
268.192401 160.581868 3887.500684
267.169012 233.019070 3926.634863
275.368965 298.562030 4015.586145
283.565775 37.560691 3823.632874
275.215816 66.093669 3806.135803
295.213232 64.162504 3777.354974
303.169775 103.965649 3758.566394
250.535691 103.268375 3764.592023
255.518536 67.995837 3834.916632
255.099002 116.810907 3941.943298
271.068801 123.271687 3858.086487
278.142609 112.946254 3834.264996
295.114229 158.257194 3841.818616
299.802271 234.503331 3899.700836
295.767867 302.610292 3949.733398
267.088668 159.966534 3882.969763
267.718439 232.530578 3932.642224
274.490639 300.234005 4020.282977
283.086932 37.325290 3826.805719
275.022971 66.348214 3806.434094
294.822507 64.432345 3777.410028
303.617931 103.754927 3758.599176
252.431462 104.597367 3761.504761
255.523088 68.235118 3835.458160
255.247021 116.354712 3943.061139
269.941655 126.235188 3873.769788
277.978855 113.911610 3835.139850
295.395159 159.898217 3842.267804
300.347115 238.133247 3921.653503
295.791796 303.461748 3954.665710
266.547640 161.628655 3885.423407
268.307795 239.779681 3937.555017
275.667991 276.829015 3938.330273
283.568590 38.781101 3828.131012
276.991517 69.168216 3822.096625
298.035297 67.857859 3801.140179
304.810345 95.551659 3743.052258
286.571738 47.295642 3677.045612
256.177242 70.464277 3843.053070
256.509753 118.101111 3959.656079
260.735658 113.420506 3707.201031
278.819988 116.682086 3844.890112
295.194620 163.089893 3852.992517
300.679721 238.982028 3910.272400
295.613153 304.940659 3954.415216
266.169459 164.177861 3882.374683
267.605328 243.833136 3943.093921
282.149205 321.517770 4055.994818
284.003373 39.417096 3830.159741
277.704275 70.062979 3827.505902
299.379953 68.890773 3809.536121
305.172323 92.754680 3739.033588
285.155263 43.942981 3700.842578
256.231153 71.224190 3845.475684
256.728639 118.499555 3961.827698
275.658435 88.966312 3655.128479
279.350037 117.783364 3848.497382
295.853106 164.489196 3857.012189
300.523256 237.550913 3914.663684
295.248891 307.140775 3949.567987
266.198409 165.479600 3881.965533
269.505854 244.910687 3966.417676
282.412900 321.481922 4056.635944
286.971941 42.719224 3842.176215
277.630531 71.555529 3821.498291
299.545302 69.939624 3799.017609
293.950437 117.866210 3716.201562
287.516066 46.785441 3691.630090
255.972104 73.152556 3843.978973
256.014051 118.547609 3972.656012
273.474210 92.971861 3678.785059
280.066689 118.420868 3847.234900
296.441586 163.985283 3858.434326
299.910345 236.657604 3904.984741
294.983727 308.022072 3941.751111
268.603802 165.336304 3887.508691
268.902203 243.309860 3965.310345
282.649521 319.816860 4063.514905
286.752571 42.425891 3840.601929
277.864071 71.319971 3825.711151
299.893110 70.053579 3808.010632
297.252252 113.501874 3735.273169
286.473048 44.755383 3674.760883
256.037949 72.574711 3843.411670
255.763697 117.032491 3967.676904
272.673179 91.262912 3678.259546
279.719272 117.131024 3847.926074
297.121938 161.820858 3857.478644
299.947632 234.509978 3902.976031
295.026237 307.076055 3934.694727
266.085940 163.007563 3882.803351
268.348616 243.041598 3960.119281
281.877502 321.731697 4061.971649
283.587546 41.541685 3851.599908
276.515490 68.880325 3818.601965
297.502684 67.361500 3799.059650
298.187915 109.817944 3768.520105
288.429144 49.552438 3720.537042
255.742004 70.383698 3838.144281
255.355002 114.803363 3962.552905
272.531431 88.198031 3671.547998
278.975061 115.598764 3843.867865
297.431615 160.912644 3854.010260
300.043319 232.922882 3898.760919
295.169783 306.423950 3923.435742
265.498195 162.495219 3884.257269
267.445110 237.226034 3947.370593
281.215044 320.541974 4063.159558
284.199299 40.290527 3842.189978
276.140843 66.161876 3828.073206
296.487663 64.518445 3805.723151
307.416669 94.912394 3792.354358
280.692143 119.352918 3672.863281
256.030239 67.786211 3850.423260
256.910019 99.403495 3706.053912
270.412223 88.408971 3738.727539
278.566772 113.843043 3849.384497
296.808882 160.154342 3853.100873
299.992801 232.131047 3900.382501
295.059676 309.564358 3932.240332
265.266422 161.836295 3888.290704
266.677642 236.110586 3933.393958
281.597855 315.290538 4055.292883
284.379287 40.392595 3842.716742
276.262024 65.724168 3829.455054
296.584851 64.143110 3805.855029
305.377992 97.878241 3772.297290
278.782170 117.144045 3677.154968
256.188127 67.285863 3853.055078
255.026869 97.072173 3725.510645
272.790856 86.791096 3740.241016
278.224157 113.609487 3845.706158
295.485685 160.346811 3844.014508
299.674115 232.570945 3906.327051
295.764738 307.131891 3939.481647
264.995501 161.829852 3879.900018
266.492086 235.007979 3920.447827
275.064950 294.618620 4040.551001
282.469424 43.697163 3829.727570
276.964678 67.663466 3829.311664
297.587830 66.260504 3804.163879
303.526936 100.968396 3735.713348
269.083583 114.001393 3685.727332
256.610633 69.048130 3854.459448
256.645792 99.866681 3726.994342
276.273504 87.507639 3749.742786
278.714041 116.669425 3851.940741
295.850822 164.536649 3855.549011
299.265904 236.980763 3912.006592
295.611057 310.876513 3940.533423
265.185686 165.663733 3893.590625
262.343101 236.159055 3931.318182
272.477863 292.631807 4049.928400
282.621197 45.479980 3826.665082
277.241417 68.612251 3828.359485
298.192889 67.302802 3805.074518
302.168017 101.949713 3767.026147
268.224964 109.069284 3681.872321
256.543255 69.905857 3851.644452
254.903608 112.567846 3808.314429
276.669328 86.021173 3727.153748
278.991578 118.026695 3852.656940
296.146048 166.300682 3859.582196
299.247699 243.238822 3915.876367
295.076567 313.477988 3937.718927
265.431239 167.338210 3894.326593
263.790701 233.995366 3927.345306
270.073048 292.474184 4060.513727
283.021619 43.646519 3833.454956
277.406672 69.695996 3830.339166
298.578421 68.402124 3807.785162
301.820772 101.875469 3757.784882
269.016471 103.865567 3685.134253
256.482821 70.974728 3852.893170
254.980684 113.028092 3816.401819
276.436444 87.604765 3725.847974
279.164449 118.151653 3854.691174
296.065594 165.481226 3862.670709
294.808587 241.431168 3893.638672
294.016439 310.745792 3948.726666
265.862143 166.512295 3895.415656
263.583029 232.802421 3962.004370
269.949991 294.188826 4057.125421
282.988383 42.658806 3835.198407
277.472924 70.539022 3827.654547
298.825694 69.234608 3803.486469
295.735804 111.143253 3868.532928
276.914379 96.451005 3651.577264
256.388103 71.827028 3851.822626
255.488789 114.092935 3845.318280
273.797416 99.692589 3774.698383
279.224555 118.390261 3854.051550
296.026807 165.096507 3863.136914
295.805215 241.848731 3893.372662
261.289244 274.295981 4152.369092
266.011789 166.080061 3897.760193
264.368139 233.921231 3948.856042
270.110366 296.954556 4057.158704
282.766995 43.451141 3832.835852
277.748349 70.665849 3841.658459
298.943308 69.451664 3823.415662
298.304153 105.819442 3803.234973
273.235102 111.789493 3661.642834
256.753710 71.868553 3859.901257
256.803665 114.586119 3875.395374
271.521399 108.380941 3825.395093
279.442502 119.535777 3860.477069
296.327037 167.393780 3866.071027
303.925982 231.787134 4025.082159
265.457655 278.463547 4145.805438
266.016763 168.465669 3892.520331
267.427217 240.634641 3955.751270
270.706479 300.724515 4058.226495
283.134760 42.334098 3832.010046
277.583767 70.851451 3836.200885
298.790128 69.587906 3816.019446
301.527986 105.843223 3811.922949
276.430751 76.720427 3748.551624
256.599372 72.101765 3856.382324
256.594070 115.454662 3888.503912
270.391578 106.383218 3809.843420
279.365786 119.759612 3858.154053
296.259440 167.580243 3865.532751
301.422571 237.688751 3971.174817
267.735064 284.629375 4124.881274
266.109087 168.644437 3894.681689
264.394993 242.913958 3942.097699
271.635135 302.557021 4053.610242
283.374776 41.468613 3825.190643
277.380240 70.904879 3833.826819
298.559434 69.714999 3810.350415
301.507560 105.401417 3771.780286
298.209186 59.212722 3818.085461
256.458860 72.080260 3857.303223
255.088930 116.720444 3929.902051
269.801690 112.287306 3849.637244
278.450331 113.777096 3849.898248
296.408617 155.763621 3847.070990
294.673267 218.143995 3880.278387
270.004654 277.747755 4128.974768
262.778823 156.816945 3884.868365
263.527319 225.530530 3941.719080
268.658168 301.626520 3964.744043
283.403022 41.408868 3827.727618
277.316959 70.468719 3831.974512
298.585616 69.143520 3812.415680
301.492139 104.698137 3767.440552
291.770060 56.846679 3746.051935
256.264326 71.780452 3851.533344
254.427785 114.652309 3872.615912
271.488304 110.325103 3835.112823
278.957372 114.903711 3848.405292
296.339925 158.315986 3850.214557
297.599216 226.129802 3880.496851
271.295710 277.485718 4125.064203
264.946453 159.600911 3879.457587
264.066094 230.171730 3918.027466
271.144344 299.611742 4004.293878
283.709321 40.656477 3828.394769
277.299677 68.886347 3833.747491
298.431059 67.578884 3815.373816
303.398186 100.755564 3769.548859
269.639219 112.611912 3664.033167
256.369898 70.181376 3852.121167
254.231984 111.291624 3904.822333
264.970477 87.890153 3663.452600
278.992719 114.446475 3849.763116
295.651284 159.012478 3852.636920
298.534097 230.822740 3892.778333
274.979210 280.706548 4115.804919
265.793655 160.241489 3878.920563
266.405674 232.717948 3932.967041
271.242033 299.752003 3999.363068
283.771428 41.199679 3828.759625
276.334548 72.548779 3826.100281
298.654495 71.085226 3809.017865
301.144299 109.796971 3786.153308
271.857508 103.412719 3682.234174
254.213013 73.999319 3843.182697
253.935680 116.682454 3940.128278
261.887203 178.411935 3986.233508
278.589404 117.645534 3848.069965
295.605051 161.527791 3858.586224
298.172556 233.623410 3900.879236
276.547959 284.581953 4116.742834
266.119566 162.928611 3881.493073
267.161708 236.997780 3950.188342
273.818187 292.858215 4047.367651
283.810983 41.210940 3830.457532
276.727963 72.044506 3826.590509
298.439848 70.635475 3807.346234
298.967300 111.252484 3776.397540
272.596057 98.181334 3685.860962
255.233383 73.439445 3845.834784
254.009001 117.019486 3930.974847
261.800634 178.747513 3992.748364
278.853333 118.214370 3849.765369
295.687914 163.190898 3859.713574
298.212126 235.162646 3902.047125
278.079391 286.683723 4102.986914
266.318948 164.468050 3886.166882
267.341196 238.631389 3953.080664
274.855542 292.082365 4046.404211
283.917399 40.758968 3830.234064
276.788991 71.907185 3827.012421
298.317229 70.473317 3806.607013
299.138999 110.584559 3777.307678
272.898930 94.669376 3685.761865
255.489101 73.325819 3847.417828
254.469028 117.135286 3926.968188
261.636411 178.018114 4003.061676
278.939574 118.681287 3850.743573
295.758514 164.244551 3860.364709
298.499782 236.271884 3905.087341
279.351163 288.355228 4091.369830
266.475789 165.515604 3888.584741
268.185488 240.146539 3949.763678
275.144715 294.360900 4037.713983
