-317.366484 41.835040 4269.458386
-313.620526 79.943144 4280.921606
-287.440303 79.959270 4288.585559
-282.668863 133.374214 4366.746814
-280.710831 181.666554 4207.962866
-339.894699 79.926948 4273.257654
-350.448041 129.614358 4366.168445
-344.228221 184.996494 4173.268579
-313.737393 122.510472 4304.744800
-296.231549 164.518295 4333.780615
-299.671091 255.435327 4437.619495
-310.393521 327.814014 4446.671252
-331.516840 164.700475 4323.355371
-342.832590 262.399481 4337.117188
-335.209418 339.579158 4473.645154
-317.088354 40.714977 4263.134229
-313.623228 79.926720 4281.083325
-287.598319 80.081612 4293.551111
-282.388031 132.101407 4372.117505
-280.205881 184.055977 4185.659436
-339.800188 79.770914 4268.615540
-350.424246 127.524122 4363.899890
-344.147186 184.945448 4210.968701
-313.654568 122.331303 4302.141016
-296.682593 164.263890 4331.416040
-296.274734 233.849892 4361.289648
-324.910762 314.730728 4387.528516
-330.753343 164.381933 4314.981372
-344.110126 262.716338 4343.715649
-324.259746 308.941071 4375.223291
-317.612256 43.013924 4262.253760
-313.640197 79.764264 4273.475244
-287.942147 79.485134 4280.904199
-282.144365 134.111634 4358.409875
-279.204965 182.839419 4157.242700
-339.427722 80.044289 4266.046289
-350.249542 127.853965 4363.959131
-344.091911 185.312596 4209.457080
-313.219493 121.259556 4293.829907
-296.001588 162.087127 4319.084985
-296.612753 240.831910 4368.852527
-320.960129 317.386523 4374.859424
-329.642159 162.640140 4309.284155
-339.858305 263.769019 4332.036243
-320.169258 309.457040 4338.680469
-318.350256 46.986702 4280.465930
-313.314689 79.468341 4274.706665
-287.679670 79.205057 4280.337622
-280.944670 134.780927 4346.002734
-279.051950 178.157945 4169.237402
-339.017354 79.732345 4269.075708
-349.849843 130.833504 4349.704858
-348.822360 165.572819 4213.457092
-312.884299 120.202067 4289.577771
-295.690521 160.412260 4308.155774
-292.219289 247.327490 4376.282043
-322.037833 318.547473 4381.999475
-329.252110 160.896820 4300.741980
-340.667145 261.380474 4326.660217
-318.931450 309.276546 4327.992151
-318.196889 45.333349 4277.118127
-312.619470 79.184737 4273.240808
-287.546045 79.097034 4280.512256
-280.549902 135.690401 4341.798889
-277.378680 175.715950 4187.668005
-337.778387 79.272738 4265.969360
-349.454320 133.367554 4337.442029
-344.307677 182.939809 4173.007751
-312.372926 120.031566 4288.437036
-295.529434 160.440302 4308.478650
-290.419395 251.484185 4380.710498
-322.000316 319.498203 4377.161670
-328.764182 160.739874 4298.787878
-339.299239 258.589790 4333.839856
-318.356450 308.527333 4343.537085
-318.191924 44.812729 4276.459180
-313.145337 79.426104 4273.460364
-288.154982 78.652167 4280.978040
-281.181422 135.962284 4343.071582
-279.075920 177.505560 4161.351086
-338.223816 80.202814 4265.942688
-348.701562 135.353996 4333.434717
-333.964590 164.339520 4154.766382
-311.766288 121.274349 4289.625500
-293.343073 162.180147 4310.957776
-297.937387 267.300581 4349.989832
-316.931619 352.098709 4474.263672
-327.493103 163.438100 4300.623499
-339.470328 260.910865 4334.752051
-330.229828 338.358441 4405.269849
-319.284367 44.234483 4279.840955
-313.253746 79.555430 4274.125488
-288.275008 78.707354 4282.747119
-281.657384 136.145604 4343.839185
-277.253882 177.734679 4153.379138
-338.333453 80.406910 4265.503857
-348.355840 137.258824 4330.628784
-333.656735 166.889047 4152.168494
-311.668706 120.976311 4288.741382
-293.828229 161.455150 4309.007605
-297.448616 266.667147 4343.368909
-316.189215 352.478369 4475.887878
-326.403432 162.778222 4297.706946
-340.012619 260.391930 4335.080542
-330.354521 339.386696 4404.589844
-319.824641 43.325148 4282.798218
-313.176852 79.612424 4273.744495
-288.336723 78.813657 4285.542944
-282.214836 136.315535 4346.038672
-278.079742 179.984528 4164.608484
-338.154503 80.415596 4261.946045
-348.223917 137.409558 4327.759961
-334.016917 166.173210 4155.310498
-311.385979 121.388593 4285.743408
-293.602303 162.268832 4305.381287
-297.354736 263.626673 4340.541077
-315.641993 351.962329 4474.934973
-325.664853 163.596449 4290.103357
-339.274216 260.832041 4337.694434
-330.384492 341.731898 4404.621008
-319.438646 43.791423 4281.117017
-313.087149 79.607581 4272.981384
-288.260373 78.868581 4284.354199
-282.120325 136.557218 4343.299280
-280.006013 182.199966 4172.642200
-338.046445 80.350547 4261.608569
-348.316217 137.220149 4327.221741
-348.705844 170.093012 4187.569739
-311.419249 122.030045 4286.001709
-293.957133 163.581920 4306.301343
-295.281557 265.642683 4366.000830
-315.436721 351.733368 4481.250146
-325.619370 164.811235 4291.742725
-339.630222 263.871673 4345.482483
-330.663184 344.682704 4400.117871
-317.585303 40.188759 4261.686340
-313.292035 79.429964 4270.132214
-288.631873 78.939017 4282.036792
-282.166633 136.060709 4343.075793
-279.240903 182.882884 4176.750867
-338.090103 79.923666 4258.227637
-348.413641 136.437035 4325.169653
-333.710361 163.824533 4150.476624
-312.030678 122.279765 4284.764954
-294.339777 164.352207 4307.382275
-294.690764 259.820930 4400.108044
-320.018138 331.829327 4448.828064
-327.277197 165.325380 4291.413110
-343.204529 261.960475 4404.106653
-330.981006 345.730753 4416.628625
-317.966121 41.437254 4268.120276
-313.176537 79.567327 4269.076831
-288.356867 79.514053 4278.713135
-283.457224 132.338563 4350.834924
-279.876968 181.089589 4171.309705
-338.108528 79.620847 4259.440527
-348.783334 135.400111 4332.385229
-333.921353 163.579919 4147.671533
-312.848151 123.302958 4286.073022
-293.983034 166.506702 4310.320728
-295.735654 260.512587 4442.186646
-319.214949 332.442581 4454.799585
-331.124265 166.880098 4295.817700
-343.931596 260.690923 4411.216663
-332.151291 345.877696 4427.926758
-315.888379 39.743909 4246.314355
-313.315128 79.417313 4269.846399
-288.448132 79.938810 4283.484961
-283.612433 132.474715 4355.119629
-280.278545 184.147207 4177.848364
-338.341490 78.892481 4256.207837
-350.057677 129.126122 4319.332617
-333.925810 165.256435 4139.187195
-313.526506 123.182923 4279.996216
-293.602286 166.938567 4301.234436
-293.160683 263.910330 4443.169592
-318.636001 333.255702 4457.800366
-333.975856 166.543289 4279.057629
-344.280127 258.891592 4420.551428
-333.133957 342.952475 4441.821936
-315.748735 39.619585 4248.868445
-313.385248 79.284425 4269.565918
-288.332967 79.784303 4281.289404
-283.551718 132.126175 4352.361426
-280.162643 184.072437 4193.554456
-338.575505 78.781791 4257.842432
-349.874164 127.562920 4315.615894
-333.074681 165.718429 4133.627551
-313.705527 122.752024 4280.526013
-294.035238 166.206972 4300.882361
-293.039499 265.837689 4447.600293
-318.006709 334.806665 4470.089026
-334.100830 165.787303 4282.089856
-343.413977 251.385848 4416.902649
-333.225204 342.756503 4441.266870
-316.653419 40.746124 4258.644287
-313.266310 79.068764 4269.331763
-288.026744 79.590279 4279.104236
-283.429341 131.759562 4350.137512
-280.970535 183.654698 4173.521545
-338.621690 78.544863 4259.559290
-349.819099 127.074921 4316.677734
-348.528543 167.437305 4165.842432
-313.768839 122.857819 4281.140320
-294.565053 166.657384 4300.615637
-296.471337 268.362913 4428.941431
-317.632207 335.386438 4480.597375
-334.042712 166.153697 4285.282117
-341.322513 248.480228 4407.466528
-333.241629 342.597873 4449.486169
-315.775688 40.463835 4252.268469
-313.097449 78.715479 4268.767151
-287.792448 79.284179 4277.100439
-283.094919 130.281834 4350.721777
-279.067883 181.872844 4170.649915
-338.501454 78.144550 4260.433862
-349.406871 126.492174 4317.444214
-348.684717 169.193171 4167.471973
-313.813480 122.516202 4282.272632
-294.500618 166.356881 4302.410828
-301.374226 263.964833 4412.127454
-317.315526 336.673976 4490.748877
-334.611290 165.725185 4289.145398
-343.785320 249.212524 4373.654395
-333.862744 342.911133 4451.386646
-315.870252 41.296609 4255.466345
-312.958999 78.550987 4267.368677
-287.619745 79.237134 4275.686243
-282.754179 129.895787 4346.170911
-279.799619 181.618439 4161.819678
-338.397221 77.862156 4259.051111
-349.416417 125.851607 4320.064282
-333.671194 167.207747 4130.649231
-313.820183 122.116818 4278.907141
-294.407388 165.861880 4297.131384
-297.765350 257.063219 4408.086169
-316.389223 336.566164 4495.279248
-335.009410 165.033458 4283.759827
-346.292206 255.302930 4380.986768
-334.616765 344.451146 4450.517126
-315.932388 41.834163 4255.675513
-313.044228 78.549812 4267.573914
-287.605321 79.203320 4275.831958
-282.596602 129.659991 4344.619702
-279.018539 180.004866 4170.158020
-338.581752 77.893812 4259.315869
-349.503067 127.186647 4325.379102
-348.728165 170.788336 4168.164893
-313.843521 121.785291 4278.956274
-294.741476 165.172172 4296.828723
-299.719469 255.475845 4404.466870
-314.832785 336.601820 4502.623413
-334.595953 164.409377 4283.848547
-332.742505 253.721242 4257.986743
-334.801611 345.404858 4452.083215
-316.096055 42.311370 4254.675159
-313.135054 78.546372 4267.256934
-287.716292 79.129005 4275.723303
-282.014688 129.494131 4339.798743
-280.602141 181.862000 4161.831750
-338.654890 77.961423 4258.790564
-349.291548 128.226105 4327.093433
-334.831723 168.679745 4114.082324
-313.805302 121.799733 4278.720154
-294.785030 165.140849 4296.772290
-294.937062 256.491377 4416.334949
-314.470216 336.985306 4507.011719
-334.219452 164.502046 4283.594458
-335.207768 253.222855 4296.109692
-335.262692 346.147894 4450.206323
-316.114673 42.737268 4253.773633
-313.283401 78.642024 4265.878113
-287.638644 79.258875 4272.809277
-282.040694 130.563842 4336.996460
-280.525791 181.629424 4160.468933
-339.011598 78.023155 4258.946948
-348.989168 128.268307 4326.072583
-344.082471 183.765406 4148.512976
-314.091013 121.896271 4276.943494
-295.304369 165.291513 4293.328467
-300.688782 254.227631 4434.398596
-314.437508 338.029459 4502.996265
-334.533203 164.562094 4282.689282
-336.794879 257.026228 4333.427979
-335.657373 346.392122 4449.472974
-316.376553 42.930643 4256.518640
-313.280313 78.662169 4264.872144
-287.589388 79.419839 4271.787866
-282.081369 130.518156 4336.823792
-279.686542 183.785779 4161.622864
-339.054695 77.902024 4257.956421
-349.426173 130.173355 4327.173450
-336.265363 174.665410 4108.884302
-314.366001 122.574004 4277.278162
-295.070248 166.720274 4295.198340
-295.692451 261.859594 4437.289600
-314.528808 339.129413 4503.184937
-335.873033 165.742188 4284.170020
-341.655531 261.310406 4360.507727
-335.620628 344.094859 4440.474841
-316.058994 43.014397 4256.549524
-313.408972 78.788336 4264.527368
-287.537920 79.386762 4271.254980
-282.127203 130.328712 4336.986914
-280.999068 183.933600 4161.517297
-339.361743 78.187997 4257.799756
-349.562062 129.772278 4325.167126
-337.089574 178.772024 4115.814624
-314.240027 122.440379 4277.297534
-294.911197 166.191951 4295.337878
-295.315827 263.243346 4436.978796
-314.528439 339.610358 4503.285449
-335.270729 165.472289 4284.797522
-345.057521 261.215105 4389.822620
-335.817758 345.530324 4449.644238
-316.090633 43.897955 4256.878296
-313.424695 78.872161 4264.260083
-287.486559 79.402520 4271.340613
-282.188269 130.753698 4336.171301
-279.764787 184.297607 4174.346143
-339.449165 78.340083 4257.179553
-349.643974 129.755739 4325.817932
-337.554515 180.879404 4120.612000
-314.114281 122.494302 4276.796936
-294.760252 166.159734 4294.833630
-300.794962 261.065073 4416.048853
-313.790141 339.923828 4504.345886
-334.890894 165.562378 4283.833948
-346.121643 261.503149 4367.575623
-335.366609 347.141054 4450.686426
-316.128044 44.177453 4257.688293
-313.350925 78.840470 4263.363892
-287.388818 79.515018 4273.359290
-282.020742 131.368987 4332.181677
-280.695810 181.861526 4171.618542
-339.435022 78.162729 4253.368494
-349.546690 129.230513 4321.424011
-335.048752 177.980960 4101.529749
-314.120703 122.672516 4276.477991
-295.173516 166.593475 4297.222632
-299.568244 258.650751 4384.575183
-314.355174 340.195009 4507.231836
-334.668250 165.878375 4281.961548
-346.336987 261.362277 4357.583594
-335.602168 346.100937 4460.973535
-316.213326 44.333012 4257.446558
-313.400760 78.771508 4262.668164
-287.313715 79.438615 4273.079089
-282.020409 131.071064 4333.690210
-280.683000 181.655534 4170.937415
-339.615552 78.101049 4252.257239
-350.229117 128.480870 4317.358020
-334.968103 179.330441 4108.293298
-314.147218 122.605449 4276.378040
-295.242180 166.501280 4297.973108
-301.600380 259.619537 4388.066174
-313.080358 339.646260 4511.444385
-334.607956 165.815941 4282.202722
-346.554823 260.427393 4368.963147
-334.749811 322.370325 4497.276587
-316.175352 45.480538 4258.189734
-313.489288 78.784827 4261.462012
-287.297852 80.060397 4274.605872
-282.068454 131.537260 4336.672742
-280.735468 182.510664 4165.245532
-339.842793 77.501377 4248.318152
-350.269862 128.850458 4317.336963
-335.207242 179.562842 4110.674438
-315.349720 124.246291 4283.214307
-297.363580 170.003046 4315.006641
-304.210587 267.166675 4390.154761
-323.672462 322.896472 4444.616357
-337.111824 168.490038 4294.926562
-346.711067 259.552312 4376.392102
-332.145395 330.713089 4495.812976
-315.990594 46.614868 4259.796814
-313.515170 78.973341 4260.568347
-287.093229 80.059924 4270.736975
-282.071999 131.516598 4334.224219
-280.863583 184.697026 4161.109912
-340.063542 77.881528 4250.399719
-350.239400 128.927334 4320.571899
-335.063667 180.177078 4115.119177
-315.285162 126.205420 4283.605408
-298.051341 173.552014 4314.020605
-303.879358 263.133463 4392.420508
-322.392680 320.510384 4449.480554
-336.086237 172.310275 4299.264331
-343.026456 265.081738 4342.048767
-332.346490 334.502214 4493.355188
