-304.039590 38.546661 4107.873730
-298.214069 72.415251 4119.019287
-275.469669 73.828973 4144.393140
-270.657471 119.560345 4222.948340
-268.326584 166.160358 4037.774243
-321.240417 70.984006 4093.645435
-328.822690 113.139539 4110.567334
-316.388474 63.274438 4025.305786
-300.130005 122.278597 4147.444727
-285.030753 172.065506 4195.035571
-288.169754 247.870723 4269.366675
-299.041150 317.352484 4366.405688
-319.165665 170.855130 4156.704761
-321.644525 250.316988 4180.903955
-308.069354 313.186060 4293.390234
-304.137395 38.355350 4108.272803
-297.994357 72.738876 4114.683740
-275.172311 74.131383 4138.661108
-269.797726 109.917738 4024.936523
-293.575475 88.200929 3909.000122
-321.083917 71.330022 4090.706372
-326.729407 112.894684 4054.239600
-292.971915 60.249623 3941.767554
-299.961319 122.866615 4143.168530
-285.269800 172.903615 4189.323413
-288.836911 252.239336 4249.742847
-299.166716 321.177576 4360.315137
-318.674579 171.710896 4153.983228
-321.994720 251.737642 4181.792334
-308.642786 316.757031 4289.987378
-304.069031 38.264192 4109.260010
-298.097415 73.077893 4112.519189
-275.339923 74.456149 4134.093799
-271.651761 108.929239 4022.853613
-295.681078 91.219501 3906.967700
-321.094928 71.685118 4090.944580
-324.586172 116.770222 4034.641821
-299.120860 65.523534 3973.093921
-300.185545 123.101373 4140.817334
-285.929034 173.061525 4184.758521
-289.805521 249.572722 4233.641650
-299.907373 322.316986 4359.856714
-318.684515 171.825385 4153.472437
-321.138165 251.444313 4176.613794
-309.335388 318.492297 4284.091260
-304.064835 38.241013 4109.645923
-298.156598 73.412982 4111.925146
-275.305817 74.656424 4130.745190
-272.336810 112.536633 4055.468237
-294.832260 99.420204 3929.459961
-321.217523 72.158160 4093.105103
-323.306509 111.191393 4009.566602
-297.154184 53.477513 3982.114941
-300.217654 124.702966 4141.869800
-285.540033 175.826077 4185.748145
-288.662216 251.628357 4252.921997
-311.585373 306.212836 4374.303882
-319.070227 174.683344 4157.880762
-320.431766 251.435266 4165.608960
-310.099963 319.053308 4271.448242
-304.052917 38.205312 4110.456421
-298.184612 73.593736 4110.264941
-275.287454 74.902235 4127.729053
-272.997488 115.303603 4089.507007
-296.857062 100.055907 3925.877710
-321.277142 72.274042 4092.800830
-323.172131 112.084740 4014.627246
-298.655136 45.234109 3987.921631
-300.464456 125.200724 4139.788232
-285.636360 176.728790 4182.497290
-287.899689 251.711508 4255.146973
-291.711638 314.300662 4281.070557
-319.895999 175.420795 4156.125757
-320.670209 252.216861 4162.913745
-310.628781 319.551813 4267.014136
-304.523962 39.221254 4110.718530
-298.283926 73.705925 4108.229028
-275.369514 74.999503 4125.623047
-273.976202 116.679895 4100.560986
-298.056763 102.610349 3929.924292
-321.393192 72.401370 4090.835010
-322.372711 113.964455 4034.717554
-300.375900 45.244231 3988.604297
-300.524092 124.659502 4137.875854
-286.132716 175.515695 4180.279834
-287.316690 249.956369 4241.942407
-296.072144 314.635651 4303.879175
-319.434018 174.256728 4154.765527
-320.248544 254.597380 4164.866138
-310.796359 322.398627 4265.582739
-304.642328 39.188507 4115.680615
-297.186024 72.859810 4111.139893
-275.973343 74.473975 4138.288086
-280.218823 118.293221 4327.546899
-295.147375 110.975592 3969.499048
-318.680722 71.224194 4083.991699
-322.470129 111.060052 4024.696973
-320.280704 59.384642 4099.848511
-298.908333 119.961138 4127.341260
-285.626591 167.399033 4162.820825
-286.300009 241.918427 4218.160547
-301.569827 311.269183 4291.526196
-315.747870 165.982608 4124.264429
-322.438708 252.864699 4199.551318
-312.156689 318.849442 4210.710034
-305.859149 41.550983 4121.083936
-293.992120 71.041057 4094.810693
-273.657227 72.790590 4124.792944
-280.385831 119.720538 4296.075513
-298.397340 114.408795 3960.951489
-314.626990 69.265692 4064.828442
-322.327057 111.009850 4027.213867
-307.079764 50.453772 3993.816406
-296.522560 120.949915 4123.206055
-287.012518 170.782452 4169.462720
-284.285429 249.469765 4211.488306
-295.117180 315.974597 4281.686353
-311.127991 169.564389 4133.740112
-320.063477 253.955551 4186.288208
-309.001172 314.766806 4251.907935
-306.486006 43.114844 4122.220190
-294.351883 71.179245 4096.235913
-274.371515 73.178970 4124.848535
-279.069275 119.210696 4277.484814
-297.375842 120.625652 4012.044556
-314.613361 69.151355 4067.623291
-322.461334 112.710665 4030.216309
-311.899481 56.490176 4036.188428
-297.606296 121.570377 4124.210181
-289.322189 172.031836 4168.783276
-287.017218 247.687233 4219.246313
-293.740837 320.634491 4284.079175
-312.403827 170.527242 4135.585620
-319.355634 254.101208 4151.445923
-313.232620 318.883682 4250.505542
-303.989203 46.826521 4132.730347
-294.613069 70.927928 4098.488281
-274.608850 73.038885 4127.372681
-278.350891 118.402338 4272.325879
-294.489400 125.838264 4069.409180
-314.901251 68.787061 4069.603882
-323.205298 111.972106 4028.017651
-271.955832 112.812598 4033.069971
-298.063678 121.636726 4125.393433
-289.342952 172.538498 4169.946655
-284.927057 251.808994 4218.211304
-295.270944 319.567624 4292.805591
-313.699670 170.830943 4134.650513
-321.159415 253.492680 4171.533813
-317.154089 325.171957 4233.695630
-305.102866 46.262624 4124.695190
-294.709732 70.722652 4086.099048
-274.422691 73.055536 4122.841895
-272.596637 130.022162 4207.133691
-293.293878 127.182087 4143.276221
-315.364944 68.347437 4049.356201
-324.405972 111.361950 4022.745654
-310.090900 164.045372 4000.961035
-298.321675 122.045156 4117.431055
-288.545160 173.526125 4173.130371
-285.451678 250.644373 4214.421997
-296.454633 320.726572 4303.010938
-315.370483 171.647769 4124.395752
-320.841748 252.601398 4180.805396
-317.164899 324.710614 4234.258252
-304.549710 42.010883 4109.794702
-294.975047 70.636261 4086.704639
-274.243716 72.748695 4118.168506
-274.006012 126.507024 4241.217847
-290.449246 133.215579 4173.640088
-316.028107 68.491046 4055.240771
-324.692352 111.805779 4026.663867
-276.901602 140.795132 4036.238647
-298.393564 121.424442 4118.636060
-287.816235 172.331761 4171.951953
-286.717964 250.069246 4213.949609
-295.517914 320.408032 4309.409521
-315.847168 170.521317 4129.183008
-321.619919 252.933885 4186.979468
-317.270978 326.053522 4235.459229
-304.314490 40.309035 4103.410889
-295.353558 70.929791 4084.633545
-274.215015 72.971143 4115.520288
-273.764783 125.358047 4230.378174
-290.903104 132.291566 4140.385498
-316.814200 68.857321 4053.746802
-325.352930 111.572891 4033.583447
-268.867570 110.824597 4040.049976
-298.494507 121.210614 4114.820972
-286.631741 171.671402 4167.089502
-287.307593 249.545010 4220.396533
-294.575320 322.202347 4314.450024
-316.707953 169.836989 4122.927295
-321.739023 251.662111 4185.044800
-317.409418 324.752509 4238.738281
-303.800610 40.056409 4106.815894
-295.146603 71.202962 4084.953662
-274.219899 73.227931 4116.101440
-273.923633 124.868472 4231.577808
-289.693483 135.471909 4157.216357
-316.394885 69.146907 4053.805884
-325.833878 111.346751 4033.618628
-270.902057 112.250832 4036.736816
-298.318771 122.246606 4115.759839
-286.051126 173.455142 4169.722681
-287.940073 257.324536 4225.668799
-295.838820 297.084796 4226.500781
-317.009439 171.598087 4123.409351
-322.323734 255.557631 4208.603760
-317.435098 325.666266 4244.031494
-304.317511 41.618742 4108.238159
-297.259189 74.229305 4101.762231
-274.921918 75.620200 4124.252075
-275.278760 126.742656 4249.387012
-279.813876 121.719567 3978.459644
-319.842758 72.823068 4079.272388
-327.113541 102.543243 4016.934131
-307.540402 50.756299 3946.097729
-299.221451 125.219800 4126.223535
-285.645273 176.190875 4166.450879
-287.186206 261.674585 4231.612988
-302.794269 345.043460 4352.774927
-316.794226 175.023300 4134.918799
-322.680676 256.468518 4196.389893
-317.243384 327.253391 4243.762671
-304.784108 42.301274 4110.415332
-298.024100 75.189539 4107.567310
-274.979774 76.435716 4126.851953
-275.513661 127.170254 4251.717529
-295.828564 95.476042 3922.576904
-321.285803 73.931561 4088.282666
-327.502005 99.541608 4012.621411
-306.020282 47.158321 3971.635938
-299.790283 126.401659 4130.094751
-285.676341 177.587863 4166.011792
-289.225795 262.830981 4256.643359
-303.077258 345.004990 4353.462964
-317.500894 176.524991 4139.232593
-322.512762 254.932687 4201.102490
-316.852469 329.614490 4238.560767
-307.969888 45.845021 4123.311060
-297.944960 76.791299 4101.120117
-274.701770 78.505182 4125.245728
-274.746786 127.221825 4263.338159
-293.484518 99.774680 3947.964453
-321.463251 75.057158 4076.994507
-315.459006 126.490567 3988.118750
-308.553827 50.208766 3961.749365
-300.559373 127.085810 4128.739893
-288.257739 177.434082 4171.960547
-288.577974 261.113020 4255.455005
-303.331194 343.218094 4360.845264
-318.132434 175.984206 4140.758789
-321.855005 253.974014 4190.715332
-316.567902 330.560272 4230.171924
-307.734467 45.530225 4121.621582
-298.195589 76.538506 4105.641235
-274.772433 77.885056 4124.636914
-274.478114 125.595844 4257.994727
-292.624875 97.940686 3947.400488
-321.836508 75.179451 4086.645557
-319.002417 121.806889 4008.585840
-307.434491 48.030167 3943.645825
-300.186536 125.701587 4129.481641
-285.555643 174.934946 4166.910913
-287.983881 260.825130 4249.884106
-302.502686 345.273041 4359.189087
-318.862567 173.661409 4139.733179
-321.895020 251.669244 4188.559644
-316.613522 329.545035 4222.599219
-304.337854 44.581320 4133.424292
-296.748331 73.920349 4098.011865
-274.454834 75.533725 4118.984106
-274.039514 123.203609 4252.495801
-292.472755 94.651546 3940.197852
-319.271173 72.290390 4077.039624
-320.006543 117.853403 4044.265479
-309.533716 53.178226 3992.771460
-299.387871 124.057210 4125.126489
-284.924892 174.385114 4168.471216
-287.014264 254.584036 4236.202588
-301.791754 343.996265 4360.463916
-319.194904 172.686740 4136.011011
-321.997708 249.966020 4184.036108
-316.767572 328.845215 4210.516406
-304.994370 43.238614 4123.325830
-296.346271 71.002989 4108.176123
-274.764159 72.746178 4132.161548
-275.708313 106.676921 3977.228589
-290.198483 94.877921 4012.292969
-318.181882 69.239307 4084.190698
-329.910571 101.857204 4069.843701
-301.230592 128.086059 3941.609375
-298.949707 122.173022 4131.046777
-284.676160 173.677975 4172.799780
-286.190640 253.386971 4221.203271
-302.202576 338.360577 4352.021631
-318.526605 171.872952 4135.035083
-321.943494 249.116246 4185.776343
-316.649408 332.215408 4219.965234
-305.187527 43.348151 4123.891138
-296.476318 70.533253 4109.659082
-274.933600 72.209219 4134.985938
-273.687372 104.175015 3998.108984
-292.751163 93.141664 4013.917188
-318.286182 68.836508 4084.332227
-327.722723 105.040063 4048.319043
-299.180865 125.715560 3946.215088
-298.582022 121.922376 4127.099292
-284.385416 173.671060 4163.795142
-285.991507 252.203685 4207.309863
-295.191653 316.176080 4336.201074
-317.106589 172.079504 4125.283862
-321.601489 249.588332 4192.155859
-317.406061 329.604956 4227.736401
-303.137918 46.894516 4109.951538
-297.230386 72.614452 4109.505200
-275.387021 74.100432 4136.493066
-275.424753 107.173999 3999.701245
-296.488638 93.910637 4024.114209
-319.362549 71.108833 4082.517334
-325.736224 108.356328 4009.058228
-288.772626 122.342958 3955.414697
-299.107751 125.206213 4133.790063
-284.589517 177.785469 4178.487500
-281.538937 253.438986 4218.975610
-292.415268 314.043890 4346.264624
-317.498444 176.575916 4137.662354
-321.163409 254.320819 4198.250977
-317.241135 333.623575 4228.865137
-303.300797 48.807784 4106.664966
-297.527374 73.632660 4108.483350
-275.314713 75.020920 4133.472095
-273.555092 120.804517 4086.971582
-296.913425 92.315405 3999.872314
-320.011880 72.227397 4083.494604
-324.277872 109.409448 4042.662207
-287.851181 117.049963 3951.277612
-299.405595 126.662794 4134.558667
-284.853036 179.582469 4179.277319
-283.092459 251.116978 4214.712036
-289.834491 313.874734 4357.624487
-317.815271 178.469025 4141.990649
-321.143872 261.036784 4202.403906
-316.667535 336.415402 4225.844702
-303.730518 46.840167 4113.951660
-297.704721 74.795703 4110.607886
-275.249857 76.168001 4134.812183
-273.637807 121.298440 4095.650732
-296.663501 94.014870 3998.470996
-320.425623 73.407158 4086.403589
-323.905219 109.329771 4032.744751
-288.700603 111.465486 3954.778223
-299.591116 126.796896 4136.741748
-285.315471 178.696121 4180.446069
-282.869592 249.836745 4251.907129
-289.702429 315.714838 4353.988257
-317.728931 177.589609 4145.305151
-316.379947 259.096863 4178.539062
-315.529837 333.483289 4237.657886
-303.694850 45.780182 4115.822681
-297.775821 75.700414 4107.726831
-275.148209 77.082664 4133.663306
-274.183090 122.441199 4126.683032
-293.831374 106.987169 4050.895825
-320.690988 74.300555 4081.790356
-317.375009 119.275686 4151.596313
-297.176407 103.508395 3918.765845
-299.655620 127.052962 4136.055322
-285.476067 178.232260 4182.962158
-283.712149 251.037419 4237.796729
-289.874539 318.682938 4354.023975
-317.687305 177.176740 4145.805469
-317.449500 259.544980 4178.253589
-280.407970 294.366418 4456.200977
-303.457263 46.630493 4113.287256
-298.071399 75.836520 4122.755420
-275.540567 77.127228 4142.333057
-275.594177 122.970470 4158.960889
-291.388818 116.311253 4105.302051
-320.817209 74.533493 4103.177783
-320.131287 113.562328 4081.520459
-293.227914 119.969212 3929.567920
-299.889514 128.282297 4142.951001
-285.481404 180.792426 4177.338892
-286.995062 258.242053 4245.196484
-290.514270 322.728748 4355.169897
-318.009503 179.642105 4148.954272
-326.164468 248.747168 4319.600366
-284.881386 298.838928 4449.157056
-303.851938 45.431715 4112.401025
-297.894774 76.035704 4116.898511
-275.374936 77.377504 4138.556641
-275.369246 123.902564 4173.028589
-290.176328 114.167356 4088.612451
-320.652820 74.679704 4095.240381
-323.591010 113.587849 4090.844141
-296.657391 82.334117 4022.835889
-299.807185 128.522511 4140.458008
-285.580484 180.984274 4179.658398
-283.740968 260.688150 4230.543872
-291.510876 324.695340 4350.215869
-317.936960 179.842212 4148.376611
-323.477881 255.080611 4261.748584
-287.325435 305.455914 4426.701855
-304.109515 44.502902 4105.082642
-297.676355 76.093040 4114.350732
-275.224142 77.354425 4139.544922
-273.753973 125.260964 4217.455859
-289.543277 120.503451 4131.318018
-320.405246 74.816096 4089.156543
-323.569089 113.113715 4047.764209
-320.029370 63.545360 4097.457568
-298.824745 122.102249 4131.598120
-282.006541 168.291356 4169.127026
-282.809805 242.032764 4230.137549
-288.316083 323.696753 4254.847266
-318.097052 167.160959 4128.563989
-316.234726 234.105751 4164.201196
-289.761092 298.070761 4431.094873
-304.139828 44.438785 4107.805249
-297.608444 75.624966 4112.362891
-275.015375 77.032680 4133.352856
-273.044452 123.041502 4155.978052
-291.353302 118.397672 4115.730835
-320.433344 74.202802 4091.372925
-323.552539 112.358976 4043.106934
-313.119089 61.006192 4020.153296
-299.368887 123.311299 4129.995923
-284.332779 171.279027 4163.320337
-283.388004 247.013564 4204.712402
-290.984174 321.534552 4297.290991
-318.023334 169.900082 4131.937573
-319.374768 242.675885 4164.435645
-291.146616 297.789551 4426.898169
-304.468539 43.631342 4108.521216
-297.589897 73.926811 4114.265601
-275.128671 75.316599 4133.983691
-272.834325 119.434914 4190.541040
-284.358560 94.321140 3931.510107
-320.267477 72.523680 4094.547510
-325.598053 108.127922 4045.369507
-289.368918 120.851808 3932.133154
-299.406821 122.820608 4131.453101
-285.241971 171.966476 4162.744019
-285.898772 249.746091 4220.745117
-291.089011 321.685077 4291.999390
-317.284305 170.647537 4134.537183
-320.378055 247.712209 4177.615771
-295.099640 301.246051 4416.961377
-304.535191 44.214290 4108.912769
-296.554149 77.857227 4106.058838
-272.813965 79.413904 4124.391187
-272.516339 125.220194 4228.430347
-281.049681 191.466467 4277.909131
-320.507263 76.286584 4087.726489
-323.179248 117.830895 4063.188916
-291.749521 110.979503 3951.665942
-298.973994 126.253744 4129.636060
-285.591730 174.850217 4165.504761
-286.710126 254.339081 4239.226514
-293.853664 314.286865 4343.516504
-317.234689 173.346898 4140.921802
-319.990060 250.717805 4186.309424
-296.783176 305.405023 4417.967920
-304.577640 44.226375 4110.734912
-296.976350 77.316055 4106.584937
-273.908997 78.813063 4127.237329
-272.595026 125.581887 4218.607153
-280.956778 191.826599 4284.900684
-320.276910 75.803925 4085.932544
-320.842957 119.392910 4052.719312
-292.542110 105.365334 3955.558105
-299.257236 126.864202 4131.455518
-285.805701 176.502298 4170.520557
-286.902747 256.092223 4242.330469
-294.966924 313.454245 4342.482568
-317.323615 175.131696 4142.131641
-320.032526 252.369669 4187.562769
-298.426663 307.660580 4403.205469
-304.691843 43.741331 4110.495093
-297.041844 77.168686 4107.037720
-274.183426 78.691122 4128.936206
-273.088713 125.706161 4214.307324
-280.780539 191.043829 4295.968628
-320.145319 75.629901 4085.139233
-321.027219 118.676112 4053.696045
-292.867145 101.596404 3955.451758
-299.349786 127.365283 4132.505298
-285.974017 177.626501 4173.115332
-287.808817 257.718237 4238.770776
-295.277255 315.899503 4333.156470
-317.399380 176.262445 4142.830420
-320.341229 253.560071 4190.825439
-299.791492 309.454391 4390.738354
